1.000000e-02 1.638581e-02
1.232847e-02 1.720332e-02
1.519911e-02 1.806161e-02
1.873817e-02 1.896272e-02
2.310130e-02 1.990879e-02
2.848036e-02 2.090206e-02
3.511192e-02 2.194489e-02
4.328761e-02 2.303974e-02
5.336699e-02 2.418922e-02
6.579332e-02 2.539605e-02
8.111308e-02 2.666308e-02
1.000000e-01 2.799333e-02
1.232847e-01 2.938995e-02
1.519911e-01 3.085625e-02
1.873817e-01 3.239570e-02
2.310130e-01 3.401195e-02
2.848036e-01 3.570884e-02
3.511192e-01 3.749039e-02
4.328761e-01 3.936080e-02
5.336699e-01 4.132447e-02
6.579332e-01 4.338599e-02
8.111308e-01 4.555010e-02
1.000000e+00 4.782163e-02
1.232847e+00 5.020545e-02
1.519911e+00 5.270636e-02
1.873817e+00 5.532890e-02
2.310130e+00 5.807715e-02
2.848036e+00 6.095448e-02
3.511192e+00 6.396314e-02
4.328761e+00 6.710389e-02
5.336699e+00 7.037544e-02
6.579332e+00 7.377385e-02
8.111308e+00 7.729184e-02
1.000000e+01 8.091799e-02
1.232847e+01 8.463593e-02
1.519911e+01 8.842342e-02
1.873817e+01 9.225149e-02
2.310130e+01 9.608366e-02
2.848036e+01 9.987525e-02
3.511192e+01 1.035729e-01
4.328761e+01 1.071148e-01
5.336699e+01 1.104304e-01
6.579332e+01 1.134422e-01
8.111308e+01 1.160670e-01
1.000000e+02 1.182182e-01
1.232847e+02 1.198090e-01
1.519911e+02 1.207565e-01
1.873817e+02 1.209856e-01
2.310130e+02 1.204343e-01
2.848036e+02 1.190577e-01
3.511192e+02 1.168326e-01
4.328761e+02 1.137609e-01
5.336699e+02 1.098715e-01
6.579332e+02 1.052213e-01
8.111308e+02 9.989414e-02
1.000000e+03 9.399758e-02
1.232847e+03 8.765875e-02
1.519911e+03 8.101805e-02
1.873817e+03 7.422178e-02
2.310130e+03 6.741404e-02
2.848036e+03 6.072861e-02
3.511192e+03 5.428151e-02
4.328761e+03 4.816524e-02
5.336699e+03 4.244506e-02
6.579332e+03 3.715794e-02
8.111308e+03 3.231393e-02
1.000000e+04 2.789992e-02
1.232847e+04 2.388514e-02
1.519911e+04 2.022810e-02
1.873817e+04 1.688494e-02
2.310130e+04 1.381873e-02
2.848036e+04 1.100933e-02
3.511192e+04 8.461525e-03
4.328761e+04 6.207360e-03
5.336699e+04 4.297343e-03
6.579332e+04 2.778383e-03
8.111308e+04 1.665534e-03
1.000000e+05 9.242478e-04
1.232847e+05 4.772790e-04
1.519911e+05 2.319271e-04
1.873817e+05 1.075745e-04
2.310130e+05 4.829962e-05
2.848036e+05 2.123688e-05
3.511192e+05 9.221256e-06
4.328761e+05 3.975696e-06
5.336699e+05 1.707589e-06
6.579332e+05 7.319837e-07
8.111308e+05 3.134692e-07
1.000000e+06 1.341784e-07
1.232847e+06 5.742132e-08
1.519911e+06 2.457075e-08
1.873817e+06 1.051340e-08
2.310130e+06 4.498404e-09
2.848036e+06 1.924730e-09
3.511192e+06 8.235296e-10
4.328761e+06 3.523611e-10
5.336699e+06 1.507636e-10
6.579332e+06 6.450670e-11
8.111308e+06 2.760026e-11
1.000000e+07 1.180923e-11
