1.000000e-02 5.954758e-03
1.232847e-02 6.275915e-03
1.519911e-02 6.614392e-03
1.873817e-02 6.971124e-03
2.310130e-02 7.347096e-03
2.848036e-02 7.743345e-03
3.511192e-02 8.160964e-03
4.328761e-02 8.601107e-03
5.336699e-02 9.064989e-03
6.579332e-02 9.553888e-03
8.111308e-02 1.006916e-02
1.000000e-01 1.061221e-02
1.232847e-01 1.118456e-02
1.519911e-01 1.178777e-02
1.873817e-01 1.242352e-02
2.310130e-01 1.309355e-02
2.848036e-01 1.379972e-02
3.511192e-01 1.454398e-02
4.328761e-01 1.532837e-02
5.336699e-01 1.615507e-02
6.579332e-01 1.702635e-02
8.111308e-01 1.794460e-02
1.000000e+00 1.891236e-02
1.232847e+00 1.993227e-02
1.519911e+00 2.100710e-02
1.873817e+00 2.213979e-02
2.310130e+00 2.333338e-02
2.848036e+00 2.459107e-02
3.511192e+00 2.591619e-02
4.328761e+00 2.731222e-02
5.336699e+00 2.878281e-02
6.579332e+00 3.033174e-02
8.111308e+00 3.196296e-02
1.000000e+01 3.368059e-02
1.232847e+01 3.548893e-02
1.519911e+01 3.739247e-02
1.873817e+01 3.939591e-02
2.310130e+01 4.150416e-02
2.848036e+01 4.372237e-02
3.511192e+01 4.605592e-02
4.328761e+01 4.851047e-02
5.336699e+01 5.109193e-02
6.579332e+01 5.380650e-02
8.111308e+01 5.666066e-02
1.000000e+02 5.966116e-02
1.232847e+02 6.281501e-02
1.519911e+02 6.612947e-02
1.873817e+02 6.961201e-02
2.310130e+02 7.327028e-02
2.848036e+02 7.711206e-02
3.511192e+02 8.114521e-02
4.328761e+02 8.537759e-02
5.336699e+02 8.981699e-02
6.579332e+02 9.447094e-02
8.111308e+02 9.934653e-02
1.000000e+03 1.044499e-01
1.232847e+03 1.097855e-01
1.519911e+03 1.153548e-01
1.873817e+03 1.211537e-01
2.310130e+03 1.271687e-01
2.848036e+03 1.333708e-01
3.511192e+03 1.397049e-01
4.328761e+03 1.460750e-01
5.336699e+03 1.523220e-01
6.579332e+03 1.581939e-01
8.111308e+03 1.633080e-01
1.000000e+04 1.671103e-01
1.232847e+04 1.688439e-01
1.519911e+04 1.675508e-01
1.873817e+04 1.621457e-01
2.310130e+04 1.516130e-01
2.848036e+04 1.353627e-01
3.511192e+04 1.137115e-01
4.328761e+04 8.831015e-02
5.336699e+04 6.215979e-02
6.579332e+04 3.886725e-02
8.111308e+04 2.123915e-02
1.000000e+05 1.007524e-02
1.232847e+05 4.183142e-03
1.519911e+05 1.555671e-03
1.873817e+05 5.344969e-04
2.310130e+05 1.747216e-04
2.848036e+05 5.554923e-05
3.511192e+05 1.741516e-05
4.328761e+05 5.424560e-06
5.336699e+05 1.684965e-06
6.579332e+05 5.227882e-07
8.111308e+05 1.621328e-07
1.000000e+06 5.027426e-08
1.232847e+06 1.558817e-08
1.519911e+06 4.833210e-09
1.873817e+06 1.498557e-09
2.310130e+06 4.646328e-10
2.848036e+06 1.440609e-10
3.511192e+06 4.466653e-11
4.328761e+06 1.384900e-11
5.336699e+06 4.293925e-12
6.579332e+06 1.331345e-12
8.111308e+06 4.127875e-13
1.000000e+07 1.279861e-13
