1.000000e-02 2.371583e-02
1.232847e-02 2.473936e-02
1.519911e-02 2.580707e-02
1.873817e-02 2.692085e-02
2.310130e-02 2.808270e-02
2.848036e-02 2.929470e-02
3.511192e-02 3.055901e-02
4.328761e-02 3.187787e-02
5.336699e-02 3.325366e-02
6.579332e-02 3.468883e-02
8.111308e-02 3.618593e-02
1.000000e-01 3.774765e-02
1.232847e-01 3.937677e-02
1.519911e-01 4.107620e-02
1.873817e-01 4.284897e-02
2.310130e-01 4.469825e-02
2.848036e-01 4.662733e-02
3.511192e-01 4.863964e-02
4.328761e-01 5.073873e-02
5.336699e-01 5.292820e-02
6.579332e-01 5.521169e-02
8.111308e-01 5.759269e-02
1.000000e+00 6.007443e-02
1.232847e+00 6.265954e-02
1.519911e+00 6.534970e-02
1.873817e+00 6.814522e-02
2.310130e+00 7.104440e-02
2.848036e+00 7.404283e-02
3.511192e+00 7.713266e-02
4.328761e+00 8.030164e-02
5.336699e+00 8.353227e-02
6.579332e+00 8.680085e-02
8.111308e+00 9.007665e-02
1.000000e+01 9.332125e-02
1.232847e+01 9.648816e-02
1.519911e+01 9.952287e-02
1.873817e+01 1.023633e-01
2.310130e+01 1.049413e-01
2.848036e+01 1.071841e-01
3.511192e+01 1.090174e-01
4.328761e+01 1.103687e-01
5.336699e+01 1.111713e-01
6.579332e+01 1.113681e-01
8.111308e+01 1.109164e-01
1.000000e+02 1.097913e-01
1.232847e+02 1.079883e-01
1.519911e+02 1.055254e-01
1.873817e+02 1.024427e-01
2.310130e+02 9.880092e-02
2.848036e+02 9.467828e-02
3.511192e+02 9.016628e-02
4.328761e+02 8.536448e-02
5.336699e+02 8.037500e-02
6.579332e+02 7.529733e-02
8.111308e+02 7.022375e-02
1.000000e+03 6.523562e-02
1.232847e+03 6.040098e-02
1.519911e+03 5.577312e-02
1.873817e+03 5.139031e-02
2.310130e+03 4.727639e-02
2.848036e+03 4.344198e-02
3.511192e+03 3.988624e-02
4.328761e+03 3.659871e-02
5.336699e+03 3.356131e-02
6.579332e+03 3.075034e-02
8.111308e+03 2.813823e-02
1.000000e+04 2.569543e-02
1.232847e+04 2.339206e-02
1.519911e+04 2.119985e-02
1.873817e+04 1.909396e-02
2.310130e+04 1.705514e-02
2.848036e+04 1.507169e-02
3.511192e+04 1.314124e-02
4.328761e+04 1.127170e-02
5.336699e+04 9.480933e-03
6.579332e+04 7.794670e-03
8.111308e+04 6.242708e-03
1.000000e+05 4.853947e-03
1.232847e+05 3.651348e-03
1.519911e+05 2.647943e-03
1.873817e+05 1.844716e-03
2.310130e+05 1.230567e-03
2.848036e+05 7.841030e-04
3.511192e+05 4.768074e-04
4.328761e+05 2.770897e-04
5.336699e+05 1.545061e-04
6.579332e+05 8.318007e-05
8.111308e+05 4.355609e-05
1.000000e+06 2.234692e-05
1.232847e+06 1.130523e-05
1.519911e+06 5.667252e-06
1.873817e+06 2.824991e-06
2.310130e+06 1.403528e-06
2.848036e+06 6.960089e-07
3.511192e+06 3.448050e-07
4.328761e+06 1.707306e-07
5.336699e+06 8.451720e-08
6.579332e+06 4.183459e-08
8.111308e+06 2.070674e-08
1.000000e+07 1.024910e-08
