1.000000e-02 2.001730e-02
1.232847e-02 2.100529e-02
1.519911e-02 2.204203e-02
1.873817e-02 2.312994e-02
2.310130e-02 2.427155e-02
2.848036e-02 2.546951e-02
3.511192e-02 2.672659e-02
4.328761e-02 2.804572e-02
5.336699e-02 2.942996e-02
6.579332e-02 3.088251e-02
8.111308e-02 3.240676e-02
1.000000e-01 3.400624e-02
1.232847e-01 3.568466e-02
1.519911e-01 3.744593e-02
1.873817e-01 3.929412e-02
2.310130e-01 4.123354e-02
2.848036e-01 4.326866e-02
3.511192e-01 4.540421e-02
4.328761e-01 4.764506e-02
5.336699e-01 4.999627e-02
6.579332e-01 5.246292e-02
8.111308e-01 5.505004e-02
1.000000e+00 5.776227e-02
1.232847e+00 6.060358e-02
1.519911e+00 6.357668e-02
1.873817e+00 6.668242e-02
2.310130e+00 6.991893e-02
2.848036e+00 7.328059e-02
3.511192e+00 7.675689e-02
4.328761e+00 8.033116e-02
5.336699e+00 8.397925e-02
6.579332e+00 8.766828e-02
8.111308e+00 9.135567e-02
1.000000e+01 9.498845e-02
1.232847e+01 9.850337e-02
1.519911e+01 1.018277e-01
1.873817e+01 1.048810e-01
2.310130e+01 1.075785e-01
2.848036e+01 1.098350e-01
3.511192e+01 1.115701e-01
4.328761e+01 1.127140e-01
5.336699e+01 1.132130e-01
6.579332e+01 1.130347e-01
8.111308e+01 1.121718e-01
1.000000e+02 1.106432e-01
1.232847e+02 1.084937e-01
1.519911e+02 1.057904e-01
1.873817e+02 1.026181e-01
2.310130e+02 9.907233e-02
2.848036e+02 9.525216e-02
3.511192e+02 9.125352e-02
4.328761e+02 8.716298e-02
5.336699e+02 8.305313e-02
6.579332e+02 7.897954e-02
8.111308e+02 7.497925e-02
1.000000e+03 7.107068e-02
1.232847e+03 6.725476e-02
1.519911e+03 6.351699e-02
1.873817e+03 5.983032e-02
2.310130e+03 5.615883e-02
2.848036e+03 5.246219e-02
3.511192e+03 4.870106e-02
4.328761e+03 4.484327e-02
5.336699e+03 4.087060e-02
6.579332e+03 3.678521e-02
8.111308e+03 3.261460e-02
1.000000e+04 2.841348e-02
1.232847e+04 2.426107e-02
1.519911e+04 2.025334e-02
1.873817e+04 1.649121e-02
2.310130e+04 1.306692e-02
2.848036e+04 1.005189e-02
3.511192e+04 7.488646e-03
4.328761e+04 5.388253e-03
5.336699e+04 3.732823e-03
6.579332e+04 2.481470e-03
8.111308e+04 1.577744e-03
1.000000e+05 9.570459e-04
1.232847e+05 5.534363e-04
1.519911e+05 3.056640e-04
1.873817e+05 1.619999e-04
2.310130e+05 8.296730e-05
2.848036e+05 4.138686e-05
3.511192e+05 2.026062e-05
4.328761e+05 9.794640e-06
5.336699e+05 4.697718e-06
6.579332e+05 2.242456e-06
8.111308e+05 1.067518e-06
1.000000e+06 5.074211e-07
1.232847e+06 2.409944e-07
1.519911e+06 1.144086e-07
1.873817e+06 5.430185e-08
2.310130e+06 2.577046e-08
2.848036e+06 1.222942e-08
3.511192e+06 5.803345e-09
4.328761e+06 2.753883e-09
5.336699e+06 1.306803e-09
6.579332e+06 6.201178e-10
8.111308e+06 2.942644e-10
1.000000e+07 1.396373e-10
