1.000000e-02 1.241003e-02
1.232847e-02 1.299310e-02
1.519911e-02 1.360357e-02
1.873817e-02 1.424272e-02
2.310130e-02 1.491190e-02
2.848036e-02 1.561251e-02
3.511192e-02 1.634605e-02
4.328761e-02 1.711405e-02
5.336699e-02 1.791813e-02
6.579332e-02 1.876000e-02
8.111308e-02 1.964141e-02
1.000000e-01 2.056424e-02
1.232847e-01 2.153043e-02
1.519911e-01 2.254201e-02
1.873817e-01 2.360112e-02
2.310130e-01 2.470999e-02
2.848036e-01 2.587096e-02
3.511192e-01 2.708648e-02
4.328761e-01 2.835910e-02
5.336699e-01 2.969151e-02
6.579332e-01 3.108651e-02
8.111308e-01 3.254701e-02
1.000000e+00 3.407608e-02
1.232847e+00 3.567687e-02
1.519911e+00 3.735271e-02
1.873817e+00 3.910700e-02
2.310130e+00 4.094333e-02
2.848036e+00 4.286540e-02
3.511192e+00 4.487709e-02
4.328761e+00 4.698246e-02
5.336699e+00 4.918580e-02
6.579332e+00 5.149170e-02
8.111308e+00 5.390513e-02
1.000000e+01 5.643150e-02
1.232847e+01 5.907680e-02
1.519911e+01 6.184775e-02
1.873817e+01 6.475188e-02
2.310130e+01 6.779768e-02
2.848036e+01 7.099472e-02
3.511192e+01 7.435365e-02
4.328761e+01 7.788616e-02
5.336699e+01 8.160475e-02
6.579332e+01 8.552224e-02
8.111308e+01 8.965097e-02
1.000000e+02 9.400147e-02
1.232847e+02 9.858051e-02
1.519911e+02 1.033882e-01
1.873817e+02 1.084142e-01
2.310130e+02 1.136321e-01
2.848036e+02 1.189929e-01
3.511192e+02 1.244165e-01
4.328761e+02 1.297817e-01
5.336699e+02 1.349163e-01
6.579332e+02 1.395877e-01
8.111308e+02 1.434979e-01
1.000000e+03 1.462869e-01
1.232847e+03 1.475493e-01
1.519911e+03 1.468703e-01
1.873817e+03 1.438822e-01
2.310130e+03 1.383384e-01
2.848036e+03 1.301919e-01
3.511192e+03 1.196555e-01
4.328761e+03 1.072167e-01
5.336699e+03 9.359067e-02
6.579332e+03 7.961143e-02
8.111308e+03 6.609038e-02
1.000000e+04 5.368592e-02
1.232847e+04 4.282305e-02
1.519911e+04 3.367886e-02
1.873817e+04 2.622337e-02
2.310130e+04 2.028846e-02
2.848036e+04 1.563836e-02
3.511192e+04 1.202449e-02
4.328761e+04 9.219799e-03
5.336699e+04 7.035068e-03
6.579332e+04 5.322891e-03
8.111308e+04 3.974399e-03
1.000000e+05 2.912357e-03
1.232847e+05 2.082783e-03
1.519911e+05 1.446557e-03
1.873817e+05 9.722718e-04
2.310130e+05 6.314382e-04
2.848036e+05 3.965399e-04
3.511192e+05 2.414959e-04
4.328761e+05 1.432631e-04
5.336699e+05 8.321793e-05
6.579332e+05 4.757570e-05
8.111308e+05 2.689008e-05
1.000000e+06 1.507995e-05
1.232847e+06 8.413404e-06
1.519911e+06 4.678685e-06
1.873817e+06 2.596590e-06
2.310130e+06 1.439339e-06
2.848036e+06 7.973022e-07
3.511192e+06 4.414855e-07
4.328761e+06 2.444116e-07
5.336699e+06 1.352958e-07
6.579332e+06 7.489067e-08
8.111308e+06 4.145384e-08
1.000000e+07 2.294567e-08
