1.000000e-02 6.495887e-03
1.232847e-02 6.865387e-03
1.519911e-02 7.255906e-03
1.873817e-02 7.668638e-03
2.310130e-02 8.104847e-03
2.848036e-02 8.565869e-03
3.511192e-02 9.053115e-03
4.328761e-02 9.568076e-03
5.336699e-02 1.011233e-02
6.579332e-02 1.068754e-02
8.111308e-02 1.129547e-02
1.000000e-01 1.193798e-02
1.232847e-01 1.261704e-02
1.519911e-01 1.333473e-02
1.873817e-01 1.409324e-02
2.310130e-01 1.489489e-02
2.848036e-01 1.574215e-02
3.511192e-01 1.663760e-02
4.328761e-01 1.758398e-02
5.336699e-01 1.858420e-02
6.579332e-01 1.964131e-02
8.111308e-01 2.075855e-02
1.000000e+00 2.193934e-02
1.232847e+00 2.318729e-02
1.519911e+00 2.450623e-02
1.873817e+00 2.590017e-02
2.310130e+00 2.737338e-02
2.848036e+00 2.893034e-02
3.511192e+00 3.057578e-02
4.328761e+00 3.231465e-02
5.336699e+00 3.415216e-02
6.579332e+00 3.609376e-02
8.111308e+00 3.814509e-02
1.000000e+01 4.031200e-02
1.232847e+01 4.260044e-02
1.519911e+01 4.501647e-02
1.873817e+01 4.756608e-02
2.310130e+01 5.025512e-02
2.848036e+01 5.308907e-02
3.511192e+01 5.607284e-02
4.328761e+01 5.921049e-02
5.336699e+01 6.250480e-02
6.579332e+01 6.595689e-02
8.111308e+01 6.956567e-02
1.000000e+02 7.332718e-02
1.232847e+02 7.723392e-02
1.519911e+02 8.127401e-02
1.873817e+02 8.543038e-02
2.310130e+02 8.967985e-02
2.848036e+02 9.399226e-02
3.511192e+02 9.832966e-02
4.328761e+02 1.026457e-01
5.336699e+02 1.068853e-01
6.579332e+02 1.109843e-01
8.111308e+02 1.148702e-01
1.000000e+03 1.184629e-01
1.232847e+03 1.216762e-01
1.519911e+03 1.244197e-01
1.873817e+03 1.266016e-01
2.310130e+03 1.281314e-01
2.848036e+03 1.289238e-01
3.511192e+03 1.289019e-01
4.328761e+03 1.280004e-01
5.336699e+03 1.261694e-01
6.579332e+03 1.233767e-01
8.111308e+03 1.196104e-01
1.000000e+04 1.148814e-01
1.232847e+04 1.092251e-01
1.519911e+04 1.027042e-01
1.873817e+04 9.541134e-02
2.310130e+04 8.747067e-02
2.848036e+04 7.903899e-02
3.511192e+04 7.030327e-02
4.328761e+04 6.147429e-02
5.336699e+04 5.277541e-02
6.579332e+04 4.442726e-02
8.111308e+04 3.663028e-02
1.000000e+05 2.954818e-02
1.232847e+05 2.329540e-02
1.519911e+05 1.793100e-02
1.873817e+05 1.345986e-02
2.310130e+05 9.840380e-03
2.848036e+05 6.996182e-03
3.511192e+05 4.829134e-03
4.328761e+05 3.231115e-03
5.336699e+05 2.093318e-03
6.579332e+05 1.313016e-03
8.111308e+05 7.984120e-04
1.000000e+06 4.720149e-04
1.232847e+06 2.724368e-04
1.519911e+06 1.542633e-04
1.873817e+06 8.610821e-05
2.310130e+06 4.758447e-05
2.848036e+06 2.612224e-05
3.511192e+06 1.428162e-05
4.328761e+06 7.789708e-06
5.336699e+06 4.243536e-06
6.579332e+06 2.310408e-06
8.111308e+06 1.257655e-06
1.000000e+07 6.845700e-07
