1.000000e-02 3.499275e-02
1.232847e-02 3.609060e-02
1.519911e-02 3.722289e-02
1.873817e-02 3.839071e-02
2.310130e-02 3.959516e-02
2.848036e-02 4.083741e-02
3.511192e-02 4.211862e-02
4.328761e-02 4.344003e-02
5.336699e-02 4.480290e-02
6.579332e-02 4.620853e-02
8.111308e-02 4.765826e-02
1.000000e-01 4.915347e-02
1.232847e-01 5.069559e-02
1.519911e-01 5.228609e-02
1.873817e-01 5.392649e-02
2.310130e-01 5.561835e-02
2.848036e-01 5.736327e-02
3.511192e-01 5.916283e-02
4.328761e-01 6.101858e-02
5.336699e-01 6.293185e-02
6.579332e-01 6.490354e-02
8.111308e-01 6.693378e-02
1.000000e+00 6.902141e-02
1.232847e+00 7.116339e-02
1.519911e+00 7.335402e-02
1.873817e+00 7.558413e-02
2.310130e+00 7.784026e-02
2.848036e+00 8.010388e-02
3.511192e+00 8.235091e-02
4.328761e+00 8.455147e-02
5.336699e+00 8.667016e-02
6.579332e+00 8.866688e-02
8.111308e+00 9.049839e-02
1.000000e+01 9.212043e-02
1.232847e+01 9.349054e-02
1.519911e+01 9.457111e-02
1.873817e+01 9.533267e-02
2.310130e+01 9.575677e-02
2.848036e+01 9.583818e-02
3.511192e+01 9.558610e-02
4.328761e+01 9.502403e-02
5.336699e+01 9.418838e-02
6.579332e+01 9.312588e-02
8.111308e+01 9.189005e-02
1.000000e+02 9.053725e-02
1.232847e+02 8.912252e-02
1.519911e+02 8.769578e-02
1.873817e+02 8.629843e-02
2.310130e+02 8.496064e-02
2.848036e+02 8.369932e-02
3.511192e+02 8.251669e-02
4.328761e+02 8.139961e-02
5.336699e+02 8.031941e-02
6.579332e+02 7.923259e-02
8.111308e+02 7.808236e-02
1.000000e+03 7.680127e-02
1.232847e+03 7.531510e-02
1.519911e+03 7.354817e-02
1.873817e+03 7.142983e-02
2.310130e+03 6.890178e-02
2.848036e+03 6.592537e-02
3.511192e+03 6.248787e-02
4.328761e+03 5.860653e-02
5.336699e+03 5.432954e-02
6.579332e+03 4.973342e-02
8.111308e+03 4.491719e-02
1.000000e+04 3.999415e-02
1.232847e+04 3.508267e-02
1.519911e+04 3.029726e-02
1.873817e+04 2.574093e-02
2.310130e+04 2.149942e-02
2.848036e+04 1.763761e-02
3.511192e+04 1.419797e-02
4.328761e+04 1.120098e-02
5.336699e+04 8.647333e-03
6.579332e+04 6.521111e-03
8.111308e+04 4.793618e-03
1.000000e+05 3.427036e-03
1.232847e+05 2.377565e-03
1.519911e+05 1.597954e-03
1.873817e+05 1.039713e-03
2.310130e+05 6.554114e-04
2.848036e+05 4.012463e-04
3.511192e+05 2.394734e-04
4.328761e+05 1.399783e-04
5.336699e+05 8.051649e-05
6.579332e+05 4.577228e-05
8.111308e+05 2.580818e-05
1.000000e+06 1.447196e-05
1.232847e+06 8.086436e-06
1.519911e+06 4.508416e-06
1.873817e+06 2.510185e-06
2.310130e+06 1.396503e-06
2.848036e+06 7.765696e-07
3.511192e+06 4.317272e-07
4.328761e+06 2.399832e-07
5.336699e+06 1.333902e-07
6.579332e+06 7.414042e-08
8.111308e+06 4.120803e-08
1.000000e+07 2.290382e-08
