1.000000e-02 2.260731e-02
1.232847e-02 2.368513e-02
1.519911e-02 2.481433e-02
1.873817e-02 2.599736e-02
2.310130e-02 2.723680e-02
2.848036e-02 2.853533e-02
3.511192e-02 2.989577e-02
4.328761e-02 3.132107e-02
5.336699e-02 3.281432e-02
6.579332e-02 3.437876e-02
8.111308e-02 3.601778e-02
1.000000e-01 3.773495e-02
1.232847e-01 3.953399e-02
1.519911e-01 4.141879e-02
1.873817e-01 4.339346e-02
2.310130e-01 4.546227e-02
2.848036e-01 4.762973e-02
3.511192e-01 4.990059e-02
4.328761e-01 5.227992e-02
5.336699e-01 5.477321e-02
6.579332e-01 5.738663e-02
8.111308e-01 6.012733e-02
1.000000e+00 6.300399e-02
1.232847e+00 6.602749e-02
1.519911e+00 6.921182e-02
1.873817e+00 7.257517e-02
2.310130e+00 7.614113e-02
2.848036e+00 7.993996e-02
3.511192e+00 8.400971e-02
4.328761e+00 8.839711e-02
5.336699e+00 9.315769e-02
6.579332e+00 9.835496e-02
8.111308e+00 1.040577e-01
1.000000e+01 1.103342e-01
1.232847e+01 1.172431e-01
1.519911e+01 1.248163e-01
1.873817e+01 1.330344e-01
2.310130e+01 1.417891e-01
2.848036e+01 1.508320e-01
3.511192e+01 1.597103e-01
4.328761e+01 1.676993e-01
5.336699e+01 1.737557e-01
6.579332e+01 1.765370e-01
8.111308e+01 1.745510e-01
1.000000e+02 1.664891e-01
1.232847e+02 1.517299e-01
1.519911e+02 1.308545e-01
1.873817e+02 1.058695e-01
2.310130e+02 7.984682e-02
2.848036e+02 5.599190e-02
3.511192e+02 3.659472e-02
4.328761e+02 2.247063e-02
5.336699e+02 1.313678e-02
6.579332e+02 7.439606e-03
8.111308e+02 4.160886e-03
1.000000e+03 2.342642e-03
1.232847e+03 1.350446e-03
1.519911e+03 8.077354e-04
1.873817e+03 5.056305e-04
2.310130e+03 3.324311e-04
2.848036e+03 2.291737e-04
3.511192e+03 1.645928e-04
4.328761e+03 1.218498e-04
5.336699e+03 9.172085e-05
6.579332e+03 6.914280e-05
8.111308e+03 5.143416e-05
1.000000e+04 3.729440e-05
1.232847e+04 2.614443e-05
1.519911e+04 1.766184e-05
1.873817e+04 1.151161e-05
2.310130e+04 7.270744e-06
2.848036e+04 4.476474e-06
3.511192e+04 2.703051e-06
4.328761e+04 1.609439e-06
5.336699e+04 9.490128e-07
6.579332e+04 5.559599e-07
8.111308e+04 3.243212e-07
1.000000e+05 1.886844e-07
1.232847e+05 1.095884e-07
1.519911e+05 6.358319e-08
1.873817e+05 3.686763e-08
2.310130e+05 2.136891e-08
2.848036e+05 1.238284e-08
3.511192e+05 7.174627e-09
4.328761e+05 4.156650e-09
5.336699e+05 2.408059e-09
6.579332e+05 1.395014e-09
8.111308e+05 8.081334e-10
1.000000e+06 4.681483e-10
1.232847e+06 2.711949e-10
1.519911e+06 1.571007e-10
1.873817e+06 9.100683e-11
2.310130e+06 5.271927e-11
2.848036e+06 3.053969e-11
3.511192e+06 1.769130e-11
4.328761e+06 1.024837e-11
5.336699e+06 5.936761e-12
6.579332e+06 3.439097e-12
8.111308e+06 1.992229e-12
1.000000e+07 1.154076e-12
