1.000000e-02 6.569235e-03
1.232847e-02 6.941275e-03
1.519911e-02 7.334386e-03
1.873817e-02 7.749759e-03
2.310130e-02 8.188657e-03
2.848036e-02 8.652411e-03
3.511192e-02 9.142430e-03
4.328761e-02 9.660200e-03
5.336699e-02 1.020729e-02
6.579332e-02 1.078537e-02
8.111308e-02 1.139619e-02
1.000000e-01 1.204159e-02
1.232847e-01 1.272355e-02
1.519911e-01 1.344414e-02
1.873817e-01 1.420553e-02
2.310130e-01 1.501004e-02
2.848036e-01 1.586012e-02
3.511192e-01 1.675833e-02
4.328761e-01 1.770742e-02
5.336699e-01 1.871026e-02
6.579332e-01 1.976989e-02
8.111308e-01 2.088953e-02
1.000000e+00 2.207258e-02
1.232847e+00 2.332263e-02
1.519911e+00 2.464347e-02
1.873817e+00 2.603910e-02
2.310130e+00 2.751374e-02
2.848036e+00 2.907186e-02
3.511192e+00 3.071813e-02
4.328761e+00 3.245750e-02
5.336699e+00 3.429513e-02
6.579332e+00 3.623643e-02
8.111308e+00 3.828703e-02
1.000000e+01 4.045275e-02
1.232847e+01 4.273953e-02
1.519911e+01 4.515344e-02
1.873817e+01 4.770049e-02
2.310130e+01 5.038660e-02
2.848036e+01 5.321734e-02
3.511192e+01 5.619777e-02
4.328761e+01 5.933215e-02
5.336699e+01 6.262357e-02
6.579332e+01 6.607352e-02
8.111308e+01 6.968140e-02
1.000000e+02 7.344385e-02
1.232847e+02 7.735412e-02
1.519911e+02 8.140123e-02
1.873817e+02 8.556915e-02
2.310130e+02 8.983588e-02
2.848036e+02 9.417262e-02
3.511192e+02 9.854290e-02
4.328761e+02 1.029019e-01
5.336699e+02 1.071962e-01
6.579332e+02 1.113631e-01
8.111308e+02 1.153316e-01
1.000000e+03 1.190224e-01
1.232847e+03 1.223501e-01
1.519911e+03 1.252240e-01
1.873817e+03 1.275513e-01
2.310130e+03 1.292394e-01
2.848036e+03 1.301988e-01
3.511192e+03 1.303468e-01
4.328761e+03 1.296097e-01
5.336699e+03 1.279266e-01
6.579332e+03 1.252516e-01
8.111308e+03 1.215572e-01
1.000000e+04 1.168368e-01
1.232847e+04 1.111084e-01
1.519911e+04 1.044190e-01
1.873817e+04 9.684947e-02
2.310130e+04 8.851997e-02
2.848036e+04 7.959354e-02
3.511192e+04 7.027666e-02
4.328761e+04 6.081396e-02
5.336699e+04 5.147551e-02
6.579332e+04 4.253672e-02
8.111308e+04 3.425291e-02
1.000000e+05 2.683302e-02
1.232847e+05 2.041823e-02
1.519911e+05 1.507075e-02
1.873817e+05 1.077542e-02
2.310130e+05 7.452788e-03
2.848036e+05 4.979325e-03
3.511192e+05 3.209220e-03
4.328761e+05 1.993327e-03
5.336699e+05 1.193048e-03
6.579332e+05 6.889670e-04
8.111308e+05 3.850443e-04
1.000000e+06 2.092135e-04
1.232847e+06 1.111337e-04
1.519911e+06 5.804163e-05
1.873817e+06 2.995509e-05
2.310130e+06 1.533917e-05
2.848036e+06 7.816748e-06
3.511192e+06 3.972115e-06
4.328761e+06 2.015342e-06
5.336699e+06 1.021745e-06
6.579332e+06 5.178338e-07
8.111308e+06 2.624149e-07
1.000000e+07 1.329773e-07
