1.000000e-02 8.753406e-03
1.232847e-02 9.222774e-03
1.519911e-02 9.717310e-03
1.873817e-02 1.023836e-02
2.310130e-02 1.078736e-02
2.848036e-02 1.136579e-02
3.511192e-02 1.197524e-02
4.328761e-02 1.261736e-02
5.336699e-02 1.329392e-02
6.579332e-02 1.400676e-02
8.111308e-02 1.475782e-02
1.000000e-01 1.554915e-02
1.232847e-01 1.638291e-02
1.519911e-01 1.726139e-02
1.873817e-01 1.818696e-02
2.310130e-01 1.916217e-02
2.848036e-01 2.018967e-02
3.511192e-01 2.127226e-02
4.328761e-01 2.241291e-02
5.336699e-01 2.361473e-02
6.579332e-01 2.488099e-02
8.111308e-01 2.621518e-02
1.000000e+00 2.762094e-02
1.232847e+00 2.910216e-02
1.519911e+00 3.066294e-02
1.873817e+00 3.230762e-02
2.310130e+00 3.404084e-02
2.848036e+00 3.586752e-02
3.511192e+00 3.779292e-02
4.328761e+00 3.982263e-02
5.336699e+00 4.196264e-02
6.579332e+00 4.421933e-02
8.111308e+00 4.659945e-02
1.000000e+01 4.911016e-02
1.232847e+01 5.175894e-02
1.519911e+01 5.455354e-02
1.873817e+01 5.750186e-02
2.310130e+01 6.061171e-02
2.848036e+01 6.389057e-02
3.511192e+01 6.734523e-02
4.328761e+01 7.098121e-02
5.336699e+01 7.480217e-02
6.579332e+01 7.880903e-02
8.111308e+01 8.299895e-02
1.000000e+02 8.736410e-02
1.232847e+02 9.189015e-02
1.519911e+02 9.655471e-02
1.873817e+02 1.013254e-01
2.310130e+02 1.061581e-01
2.848036e+02 1.109951e-01
3.511192e+02 1.157634e-01
4.328761e+02 1.203738e-01
5.336699e+02 1.247204e-01
6.579332e+02 1.286815e-01
8.111308e+02 1.321210e-01
1.000000e+03 1.348925e-01
1.232847e+03 1.368441e-01
1.519911e+03 1.378248e-01
1.873817e+03 1.376930e-01
2.310130e+03 1.363256e-01
2.848036e+03 1.336275e-01
3.511192e+03 1.295420e-01
4.328761e+03 1.240595e-01
5.336699e+03 1.172252e-01
6.579332e+03 1.091446e-01
8.111308e+03 9.998529e-02
1.000000e+04 8.997464e-02
1.232847e+04 7.939329e-02
1.519911e+04 6.856283e-02
1.873817e+04 5.782770e-02
2.310130e+04 4.753101e-02
2.848036e+04 3.798621e-02
3.511192e+04 2.944824e-02
4.328761e+04 2.209016e-02
5.336699e+04 1.599103e-02
6.579332e+04 1.113764e-02
8.111308e+04 7.439078e-03
1.000000e+05 4.748821e-03
1.232847e+05 2.888930e-03
1.519911e+05 1.672380e-03
1.873817e+05 9.221600e-04
2.310130e+05 4.862876e-04
2.848036e+05 2.468919e-04
3.511192e+05 1.216750e-04
4.328761e+05 5.868436e-05
5.336699e+05 2.789397e-05
6.579332e+05 1.313650e-05
8.111308e+05 6.152243e-06
1.000000e+06 2.872104e-06
1.232847e+06 1.338445e-06
1.519911e+06 6.231485e-07
1.873817e+06 2.899810e-07
2.310130e+06 1.349087e-07
2.848036e+06 6.275626e-08
3.511192e+06 2.919098e-08
4.328761e+06 1.357778e-08
5.336699e+06 6.315440e-09
6.579332e+06 2.937491e-09
8.111308e+06 1.366309e-09
1.000000e+07 6.355081e-10
