1.000000e-02 6.962693e-03
1.232847e-02 7.369524e-03
1.519911e-02 7.800125e-03
1.873817e-02 8.255887e-03
2.310130e-02 8.738278e-03
2.848036e-02 9.248856e-03
3.511192e-02 9.789267e-03
4.328761e-02 1.036125e-02
5.336699e-02 1.096666e-02
6.579332e-02 1.160745e-02
8.111308e-02 1.228567e-02
1.000000e-01 1.300352e-02
1.232847e-01 1.376332e-02
1.519911e-01 1.456751e-02
1.873817e-01 1.541869e-02
2.310130e-01 1.631960e-02
2.848036e-01 1.727316e-02
3.511192e-01 1.828243e-02
4.328761e-01 1.935067e-02
5.336699e-01 2.048133e-02
6.579332e-01 2.167806e-02
8.111308e-01 2.294472e-02
1.000000e+00 2.428539e-02
1.232847e+00 2.570441e-02
1.519911e+00 2.720636e-02
1.873817e+00 2.879607e-02
2.310130e+00 3.047866e-02
2.848036e+00 3.225952e-02
3.511192e+00 3.414433e-02
4.328761e+00 3.613900e-02
5.336699e+00 3.824971e-02
6.579332e+00 4.048281e-02
8.111308e+00 4.284480e-02
1.000000e+01 4.534219e-02
1.232847e+01 4.798135e-02
1.519911e+01 5.076836e-02
1.873817e+01 5.370872e-02
2.310130e+01 5.680701e-02
2.848036e+01 6.006648e-02
3.511192e+01 6.348857e-02
4.328761e+01 6.707224e-02
5.336699e+01 7.081328e-02
6.579332e+01 7.470351e-02
8.111308e+01 7.872985e-02
1.000000e+02 8.287345e-02
1.232847e+02 8.710865e-02
1.519911e+02 9.140223e-02
1.873817e+02 9.571267e-02
2.310130e+02 9.998973e-02
2.848036e+02 1.041745e-01
3.511192e+02 1.081999e-01
4.328761e+02 1.119917e-01
5.336699e+02 1.154705e-01
6.579332e+02 1.185545e-01
8.111308e+02 1.211618e-01
1.000000e+03 1.232149e-01
1.232847e+03 1.246435e-01
1.519911e+03 1.253885e-01
1.873817e+03 1.254045e-01
2.310130e+03 1.246617e-01
2.848036e+03 1.231461e-01
3.511192e+03 1.208595e-01
4.328761e+03 1.178166e-01
5.336699e+03 1.140430e-01
6.579332e+03 1.095719e-01
8.111308e+03 1.044426e-01
1.000000e+04 9.869914e-02
1.232847e+04 9.239160e-02
1.519911e+04 8.557927e-02
1.873817e+04 7.833526e-02
2.310130e+04 7.075214e-02
2.848036e+04 6.294670e-02
3.511192e+04 5.506211e-02
4.328761e+04 4.726506e-02
5.336699e+04 3.973661e-02
6.579332e+04 3.265715e-02
8.111308e+04 2.618805e-02
1.000000e+05 2.045421e-02
1.232847e+05 1.553178e-02
1.519911e+05 1.144385e-02
1.873817e+05 8.164142e-03
2.310130e+05 5.626676e-03
2.848036e+05 3.738091e-03
3.511192e+05 2.389982e-03
4.328761e+05 1.469900e-03
5.336699e+05 8.707655e-04
6.579332e+05 4.985192e-04
8.111308e+05 2.772133e-04
1.000000e+06 1.506177e-04
1.232847e+06 8.043352e-05
1.519911e+06 4.243741e-05
1.873817e+06 2.221212e-05
2.310130e+06 1.156790e-05
2.848036e+06 6.006489e-06
3.511192e+06 3.113523e-06
4.328761e+06 1.612472e-06
5.336699e+06 8.347187e-07
6.579332e+06 4.320212e-07
8.111308e+06 2.235845e-07
1.000000e+07 1.157107e-07
