1.000000e-02 1.188130e-02
1.232847e-02 1.249965e-02
1.519911e-02 1.315018e-02
1.873817e-02 1.383457e-02
2.310130e-02 1.455458e-02
2.848036e-02 1.531206e-02
3.511192e-02 1.610896e-02
4.328761e-02 1.694734e-02
5.336699e-02 1.782935e-02
6.579332e-02 1.875726e-02
8.111308e-02 1.973346e-02
1.000000e-01 2.076047e-02
1.232847e-01 2.184093e-02
1.519911e-01 2.297763e-02
1.873817e-01 2.417348e-02
2.310130e-01 2.543156e-02
2.848036e-01 2.675513e-02
3.511192e-01 2.814758e-02
4.328761e-01 2.961250e-02
5.336699e-01 3.115368e-02
6.579332e-01 3.277512e-02
8.111308e-01 3.448102e-02
1.000000e+00 3.627588e-02
1.232847e+00 3.816447e-02
1.519911e+00 4.015189e-02
1.873817e+00 4.224363e-02
2.310130e+00 4.444562e-02
2.848036e+00 4.676428e-02
3.511192e+00 4.920658e-02
4.328761e+00 5.178007e-02
5.336699e+00 5.449295e-02
6.579332e+00 5.735404e-02
8.111308e+00 6.037269e-02
1.000000e+01 6.355873e-02
1.232847e+01 6.692220e-02
1.519911e+01 7.047301e-02
1.873817e+01 7.422042e-02
2.310130e+01 7.817230e-02
2.848036e+01 8.233415e-02
3.511192e+01 8.670776e-02
4.328761e+01 9.128955e-02
5.336699e+01 9.606847e-02
6.579332e+01 1.010235e-01
8.111308e+01 1.061206e-01
1.000000e+02 1.113097e-01
1.232847e+02 1.165211e-01
1.519911e+02 1.216620e-01
1.873817e+02 1.266142e-01
2.310130e+02 1.312325e-01
2.848036e+02 1.353449e-01
3.511192e+02 1.387557e-01
4.328761e+02 1.412528e-01
5.336699e+02 1.426178e-01
6.579332e+02 1.426407e-01
8.111308e+02 1.411386e-01
1.000000e+03 1.379753e-01
1.232847e+03 1.330809e-01
1.519911e+03 1.264680e-01
1.873817e+03 1.182421e-01
2.310130e+03 1.086040e-01
2.848036e+03 9.784272e-02
3.511192e+03 8.632046e-02
4.328761e+03 7.444885e-02
5.336699e+03 6.265941e-02
6.579332e+03 5.136966e-02
8.111308e+03 4.094844e-02
1.000000e+04 3.168431e-02
1.232847e+04 2.376198e-02
1.519911e+04 1.725161e-02
1.873817e+04 1.211420e-02
2.310130e+04 8.222353e-03
2.848036e+04 5.391493e-03
3.511192e+04 3.413555e-03
4.328761e+04 2.085627e-03
5.336699e+04 1.229065e-03
6.579332e+04 6.985484e-04
8.111308e+04 3.832855e-04
1.000000e+05 2.035344e-04
1.232847e+05 1.050352e-04
1.519911e+05 5.295541e-05
1.873817e+05 2.623066e-05
2.310130e+05 1.283135e-05
2.848036e+05 6.224723e-06
3.511192e+05 3.003940e-06
4.328761e+05 1.445092e-06
5.336699e+05 6.939220e-07
6.579332e+05 3.328783e-07
8.111308e+05 1.595957e-07
1.000000e+06 7.649450e-08
1.232847e+06 3.665839e-08
1.519911e+06 1.756640e-08
1.873817e+06 8.417347e-09
2.310130e+06 4.033288e-09
2.848036e+06 1.932588e-09
3.511192e+06 9.260133e-10
4.328761e+06 4.437050e-10
5.336699e+06 2.126038e-10
6.579332e+06 1.018703e-10
8.111308e+06 4.881171e-11
1.000000e+07 2.338840e-11
