1.000000e-02 7.688495e-03
1.232847e-02 8.112811e-03
1.519911e-02 8.560545e-03
1.873817e-02 9.032989e-03
2.310130e-02 9.531506e-03
2.848036e-02 1.005754e-02
3.511192e-02 1.061260e-02
4.328761e-02 1.119829e-02
5.336699e-02 1.181630e-02
6.579332e-02 1.246843e-02
8.111308e-02 1.315654e-02
1.000000e-01 1.388263e-02
1.232847e-01 1.464879e-02
1.519911e-01 1.545724e-02
1.873817e-01 1.631030e-02
2.310130e-01 1.721044e-02
2.848036e-01 1.816026e-02
3.511192e-01 1.916250e-02
4.328761e-01 2.022005e-02
5.336699e-01 2.133596e-02
6.579332e-01 2.251347e-02
8.111308e-01 2.375597e-02
1.000000e+00 2.506706e-02
1.232847e+00 2.645053e-02
1.519911e+00 2.791041e-02
1.873817e+00 2.945095e-02
2.310130e+00 3.107664e-02
2.848036e+00 3.279223e-02
3.511192e+00 3.460278e-02
4.328761e+00 3.651361e-02
5.336699e+00 3.853034e-02
6.579332e+00 4.065890e-02
8.111308e+00 4.290550e-02
1.000000e+01 4.527659e-02
1.232847e+01 4.777887e-02
1.519911e+01 5.041912e-02
1.873817e+01 5.320415e-02
2.310130e+01 5.614061e-02
2.848036e+01 5.923472e-02
3.511192e+01 6.249200e-02
4.328761e+01 6.591683e-02
5.336699e+01 6.951196e-02
6.579332e+01 7.327783e-02
8.111308e+01 7.721184e-02
1.000000e+02 8.130740e-02
1.232847e+02 8.555288e-02
1.519911e+02 8.993044e-02
1.873817e+02 9.441475e-02
2.310130e+02 9.897169e-02
2.848036e+02 1.035571e-01
3.511192e+02 1.081157e-01
4.328761e+02 1.125803e-01
5.336699e+02 1.168714e-01
6.579332e+02 1.208978e-01
8.111308e+02 1.245573e-01
1.000000e+03 1.277393e-01
1.232847e+03 1.303273e-01
1.519911e+03 1.322031e-01
1.873817e+03 1.332519e-01
2.310130e+03 1.333668e-01
2.848036e+03 1.324550e-01
3.511192e+03 1.304428e-01
4.328761e+03 1.272815e-01
5.336699e+03 1.229517e-01
6.579332e+03 1.174686e-01
8.111308e+03 1.108859e-01
1.000000e+04 1.032992e-01
1.232847e+04 9.484813e-02
1.519911e+04 8.571631e-02
1.873817e+04 7.612846e-02
2.310130e+04 6.634308e-02
2.848036e+04 5.663955e-02
3.511192e+04 4.729933e-02
4.328761e+04 3.858259e-02
5.336699e+04 3.070405e-02
6.579332e+04 2.381311e-02
8.111308e+04 1.798317e-02
1.000000e+05 1.321262e-02
1.232847e+05 9.436503e-03
1.519911e+05 6.544952e-03
1.873817e+05 4.403545e-03
2.310130e+05 2.871116e-03
2.848036e+05 1.812922e-03
3.511192e+05 1.108902e-03
4.328761e+05 6.580487e-04
5.336699e+05 3.799777e-04
6.579332e+05 2.143792e-04
8.111308e+05 1.187337e-04
1.000000e+06 6.485456e-05
1.232847e+06 3.507837e-05
1.519911e+06 1.884813e-05
1.873817e+06 1.008453e-05
2.310130e+06 5.381607e-06
2.848036e+06 2.867500e-06
3.511192e+06 1.526586e-06
4.328761e+06 8.123457e-07
5.336699e+06 4.321785e-07
6.579332e+06 2.299023e-07
8.111308e+06 1.222951e-07
1.000000e+07 6.505372e-08
