1.000000e-02 8.059222e-03
1.232847e-02 8.492856e-03
1.519911e-02 8.949823e-03
1.873817e-02 9.431377e-03
2.310130e-02 9.938841e-03
2.848036e-02 1.047361e-02
3.511192e-02 1.103715e-02
4.328761e-02 1.163102e-02
5.336699e-02 1.225684e-02
6.579332e-02 1.291633e-02
8.111308e-02 1.361130e-02
1.000000e-01 1.434367e-02
1.232847e-01 1.511545e-02
1.519911e-01 1.592875e-02
1.873817e-01 1.678581e-02
2.310130e-01 1.768899e-02
2.848036e-01 1.864076e-02
3.511192e-01 1.964375e-02
4.328761e-01 2.070070e-02
5.336699e-01 2.181453e-02
6.579332e-01 2.298830e-02
8.111308e-01 2.422524e-02
1.000000e+00 2.552878e-02
1.232847e+00 2.690254e-02
1.519911e+00 2.835035e-02
1.873817e+00 2.987630e-02
2.310130e+00 3.148473e-02
2.848036e+00 3.318029e-02
3.511192e+00 3.496794e-02
4.328761e+00 3.685303e-02
5.336699e+00 3.884130e-02
6.579332e+00 4.093893e-02
8.111308e+00 4.315256e-02
1.000000e+01 4.548932e-02
1.232847e+01 4.795682e-02
1.519911e+01 5.056318e-02
1.873817e+01 5.331688e-02
2.310130e+01 5.622675e-02
2.848036e+01 5.930175e-02
3.511192e+01 6.255076e-02
4.328761e+01 6.598218e-02
5.336699e+01 6.960350e-02
6.579332e+01 7.342063e-02
8.111308e+01 7.743712e-02
1.000000e+02 8.165311e-02
1.232847e+02 8.606411e-02
1.519911e+02 9.065949e-02
1.873817e+02 9.542078e-02
2.310130e+02 1.003198e-01
2.848036e+02 1.053166e-01
3.511192e+02 1.103572e-01
4.328761e+02 1.153723e-01
5.336699e+02 1.202750e-01
6.579332e+02 1.249602e-01
8.111308e+02 1.293049e-01
1.000000e+03 1.331689e-01
1.232847e+03 1.363978e-01
1.519911e+03 1.388275e-01
1.873817e+03 1.402903e-01
2.310130e+03 1.406229e-01
2.848036e+03 1.396765e-01
3.511192e+03 1.373279e-01
4.328761e+03 1.334915e-01
5.336699e+03 1.281316e-01
6.579332e+03 1.212732e-01
8.111308e+03 1.130115e-01
1.000000e+04 1.035165e-01
1.232847e+04 9.303363e-02
1.519911e+04 8.187710e-02
1.873817e+04 7.041497e-02
2.310130e+04 5.904566e-02
2.848036e+04 4.816585e-02
3.511192e+04 3.813340e-02
4.328761e+04 2.923143e-02
5.336699e+04 2.164161e-02
6.579332e+04 1.543315e-02
8.111308e+04 1.056945e-02
1.000000e+05 6.929252e-03
1.232847e+05 4.335048e-03
1.519911e+05 2.581957e-03
1.873817e+05 1.463193e-03
2.310130e+05 7.906454e-04
2.848036e+05 4.094715e-04
3.511192e+05 2.047693e-04
4.328761e+05 9.970995e-05
5.336699e+05 4.764899e-05
6.579332e+05 2.249033e-05
8.111308e+05 1.053428e-05
1.000000e+06 4.911904e-06
1.232847e+06 2.284476e-06
1.519911e+06 1.061013e-06
1.873817e+06 4.924221e-07
2.310130e+06 2.284504e-07
2.848036e+06 1.059658e-07
3.511192e+06 4.914739e-08
4.328761e+06 2.279383e-08
5.336699e+06 1.057125e-08
6.579332e+06 4.902665e-09
8.111308e+06 2.273721e-09
1.000000e+07 1.054489e-09
