1.000000e-02 9.363959e-03
1.232847e-02 9.849764e-03
1.519911e-02 1.036077e-02
1.873817e-02 1.089829e-02
2.310130e-02 1.146370e-02
2.848036e-02 1.205844e-02
3.511192e-02 1.268404e-02
4.328761e-02 1.334209e-02
5.336699e-02 1.403429e-02
6.579332e-02 1.476239e-02
8.111308e-02 1.552827e-02
1.000000e-01 1.633388e-02
1.232847e-01 1.718129e-02
1.519911e-01 1.807266e-02
1.873817e-01 1.901028e-02
2.310130e-01 1.999654e-02
2.848036e-01 2.103397e-02
3.511192e-01 2.212521e-02
4.328761e-01 2.327308e-02
5.336699e-01 2.448049e-02
6.579332e-01 2.575055e-02
8.111308e-01 2.708648e-02
1.000000e+00 2.849172e-02
1.232847e+00 2.996983e-02
1.519911e+00 3.152458e-02
1.873817e+00 3.315990e-02
2.310130e+00 3.487992e-02
2.848036e+00 3.668894e-02
3.511192e+00 3.859142e-02
4.328761e+00 4.059202e-02
5.336699e+00 4.269549e-02
6.579332e+00 4.490673e-02
8.111308e+00 4.723068e-02
1.000000e+01 4.967230e-02
1.232847e+01 5.223646e-02
1.519911e+01 5.492787e-02
1.873817e+01 5.775090e-02
2.310130e+01 6.070951e-02
2.848036e+01 6.380697e-02
3.511192e+01 6.704576e-02
4.328761e+01 7.042727e-02
5.336699e+01 7.395163e-02
6.579332e+01 7.761749e-02
8.111308e+01 8.142190e-02
1.000000e+02 8.536014e-02
1.232847e+02 8.942587e-02
1.519911e+02 9.361127e-02
1.873817e+02 9.790749e-02
2.310130e+02 1.023053e-01
2.848036e+02 1.067962e-01
3.511192e+02 1.113732e-01
4.328761e+02 1.160326e-01
5.336699e+02 1.207744e-01
6.579332e+02 1.256030e-01
8.111308e+02 1.305257e-01
1.000000e+03 1.355481e-01
1.232847e+03 1.406643e-01
1.519911e+03 1.458375e-01
1.873817e+03 1.509674e-01
2.310130e+03 1.558362e-01
2.848036e+03 1.600282e-01
3.511192e+03 1.628222e-01
4.328761e+03 1.630740e-01
5.336699e+03 1.591601e-01
6.579332e+03 1.491390e-01
8.111308e+03 1.313840e-01
1.000000e+04 1.058405e-01
1.232847e+04 7.541711e-02
1.519911e+04 4.594095e-02
1.873817e+04 2.332642e-02
2.310130e+04 9.827315e-03
2.848036e+04 3.513058e-03
3.511192e+04 1.111187e-03
4.328761e+04 3.252471e-04
5.336699e+04 9.123808e-05
6.579332e+04 2.507205e-05
8.111308e+04 6.827957e-06
1.000000e+05 1.852768e-06
1.232847e+05 5.020695e-07
1.519911e+05 1.359877e-07
1.873817e+05 3.682695e-08
2.310130e+05 9.972622e-09
2.848036e+05 2.700511e-09
3.511192e+05 7.312746e-10
4.328761e+05 1.980224e-10
5.336699e+05 5.362261e-11
6.579332e+05 1.452050e-11
8.111308e+05 3.932015e-12
1.000000e+06 1.064753e-12
1.232847e+06 2.883250e-13
1.519911e+06 7.807571e-14
1.873817e+06 2.114217e-14
2.310130e+06 5.725101e-15
2.848036e+06 1.550303e-15
3.511192e+06 4.198076e-16
4.328761e+06 1.136800e-16
5.336699e+06 3.078346e-17
6.579332e+06 8.335872e-18
8.111308e+06 2.257276e-18
1.000000e+07 6.112491e-19
