1.000000e-02 6.582027e-03
1.232847e-02 6.943696e-03
1.519911e-02 7.325237e-03
1.873817e-02 7.727743e-03
2.310130e-02 8.152365e-03
2.848036e-02 8.600320e-03
3.511192e-02 9.072889e-03
4.328761e-02 9.571425e-03
5.336699e-02 1.009735e-02
6.579332e-02 1.065218e-02
8.111308e-02 1.123750e-02
1.000000e-01 1.185497e-02
1.232847e-01 1.250638e-02
1.519911e-01 1.319358e-02
1.873817e-01 1.391853e-02
2.310130e-01 1.468333e-02
2.848036e-01 1.549014e-02
3.511192e-01 1.634129e-02
4.328761e-01 1.723921e-02
5.336699e-01 1.818646e-02
6.579332e-01 1.918574e-02
8.111308e-01 2.023991e-02
1.000000e+00 2.135194e-02
1.232847e+00 2.252497e-02
1.519911e+00 2.376227e-02
1.873817e+00 2.506724e-02
2.310130e+00 2.644340e-02
2.848036e+00 2.789438e-02
3.511192e+00 2.942388e-02
4.328761e+00 3.103566e-02
5.336699e+00 3.273349e-02
6.579332e+00 3.452110e-02
8.111308e+00 3.640214e-02
1.000000e+01 3.838010e-02
1.232847e+01 4.045828e-02
1.519911e+01 4.263967e-02
1.873817e+01 4.492691e-02
2.310130e+01 4.732222e-02
2.848036e+01 4.982732e-02
3.511192e+01 5.244340e-02
4.328761e+01 5.517111e-02
5.336699e+01 5.801058e-02
6.579332e+01 6.096151e-02
8.111308e+01 6.402333e-02
1.000000e+02 6.719546e-02
1.232847e+02 7.047764e-02
1.519911e+02 7.387046e-02
1.873817e+02 7.737596e-02
2.310130e+02 8.099838e-02
2.848036e+02 8.474502e-02
3.511192e+02 8.862717e-02
4.328761e+02 9.266111e-02
5.336699e+02 9.686885e-02
6.579332e+02 1.012787e-01
8.111308e+02 1.059255e-01
1.000000e+03 1.108490e-01
1.232847e+03 1.160922e-01
1.519911e+03 1.216955e-01
1.873817e+03 1.276883e-01
2.310130e+03 1.340747e-01
2.848036e+03 1.408103e-01
3.511192e+03 1.477693e-01
4.328761e+03 1.546979e-01
5.336699e+03 1.611544e-01
6.579332e+03 1.664465e-01
8.111308e+03 1.695861e-01
1.000000e+04 1.693118e-01
1.232847e+04 1.642494e-01
1.519911e+04 1.532750e-01
1.873817e+04 1.360653e-01
2.310130e+04 1.136271e-01
2.848036e+04 8.841416e-02
3.511192e+04 6.371390e-02
4.328761e+04 4.248008e-02
5.336699e+04 2.632487e-02
6.579332e+04 1.530292e-02
8.111308e+04 8.441967e-03
1.000000e+05 4.469746e-03
1.232847e+05 2.291721e-03
1.519911e+05 1.144374e-03
1.873817e+05 5.583112e-04
2.310130e+05 2.666727e-04
2.848036e+05 1.249880e-04
3.511192e+05 5.766103e-05
4.328761e+05 2.627775e-05
5.336699e+05 1.187194e-05
6.579332e+05 5.333002e-06
8.111308e+05 2.387220e-06
1.000000e+06 1.066410e-06
1.232847e+06 4.758428e-07
1.519911e+06 2.121978e-07
1.873817e+06 9.459839e-08
2.310130e+06 4.216574e-08
2.848036e+06 1.879331e-08
3.511192e+06 8.375904e-09
4.328761e+06 3.732959e-09
5.336699e+06 1.663688e-09
6.579332e+06 7.414631e-10
8.111308e+06 3.304508e-10
1.000000e+07 1.472733e-10
