1.000000e-02 8.030130e-03
1.232847e-02 8.427891e-03
1.519911e-02 8.845355e-03
1.873817e-02 9.283497e-03
2.310130e-02 9.743341e-03
2.848036e-02 1.022596e-02
3.511192e-02 1.073249e-02
4.328761e-02 1.126411e-02
5.336699e-02 1.182206e-02
6.579332e-02 1.240765e-02
8.111308e-02 1.302225e-02
1.000000e-01 1.366729e-02
1.232847e-01 1.434427e-02
1.519911e-01 1.505480e-02
1.873817e-01 1.580052e-02
2.310130e-01 1.658317e-02
2.848036e-01 1.740459e-02
3.511192e-01 1.826671e-02
4.328761e-01 1.917152e-02
5.336699e-01 2.012114e-02
6.579332e-01 2.111778e-02
8.111308e-01 2.216375e-02
1.000000e+00 2.326145e-02
1.232847e+00 2.441339e-02
1.519911e+00 2.562214e-02
1.873817e+00 2.689038e-02
2.310130e+00 2.822084e-02
2.848036e+00 2.961629e-02
3.511192e+00 3.107957e-02
4.328761e+00 3.261354e-02
5.336699e+00 3.422107e-02
6.579332e+00 3.590509e-02
8.111308e+00 3.766853e-02
1.000000e+01 3.951442e-02
1.232847e+01 4.144588e-02
1.519911e+01 4.346621e-02
1.873817e+01 4.557899e-02
2.310130e+01 4.778822e-02
2.848036e+01 5.009849e-02
3.511192e+01 5.251516e-02
4.328761e+01 5.504467e-02
5.336699e+01 5.769480e-02
6.579332e+01 6.047502e-02
8.111308e+01 6.339681e-02
1.000000e+02 6.647408e-02
1.232847e+02 6.972347e-02
1.519911e+02 7.316464e-02
1.873817e+02 7.682044e-02
2.310130e+02 8.071685e-02
2.848036e+02 8.488263e-02
3.511192e+02 8.934843e-02
4.328761e+02 9.414523e-02
5.336699e+02 9.930169e-02
6.579332e+02 1.048400e-01
8.111308e+02 1.107699e-01
1.000000e+03 1.170798e-01
1.232847e+03 1.237249e-01
1.519911e+03 1.306118e-01
1.873817e+03 1.375795e-01
2.310130e+03 1.443784e-01
2.848036e+03 1.506519e-01
3.511192e+03 1.559257e-01
4.328761e+03 1.596168e-01
5.336699e+03 1.610743e-01
6.579332e+03 1.596620e-01
8.111308e+03 1.548832e-01
1.000000e+04 1.465280e-01
1.232847e+04 1.347976e-01
1.519911e+04 1.203482e-01
1.873817e+04 1.042118e-01
2.310130e+04 8.760087e-02
2.848036e+04 7.165997e-02
3.511192e+04 5.725781e-02
4.328761e+04 4.488665e-02
5.336699e+04 3.467952e-02
6.579332e+04 2.650528e-02
8.111308e+04 2.008650e-02
1.000000e+05 1.509926e-02
1.232847e+05 1.123846e-02
1.519911e+05 8.250236e-03
1.873817e+05 5.940206e-03
2.310130e+05 4.167174e-03
2.848036e+05 2.829298e-03
3.511192e+05 1.848520e-03
4.328761e+05 1.157863e-03
5.336699e+05 6.946570e-04
6.579332e+05 4.000403e-04
8.111308e+05 2.222178e-04
1.000000e+06 1.198577e-04
1.232847e+06 6.321790e-05
1.519911e+06 3.281856e-05
1.873817e+06 1.685771e-05
2.310130e+06 8.601572e-06
2.848036e+06 4.371449e-06
3.511192e+06 2.216636e-06
4.328761e+06 1.122650e-06
5.336699e+06 5.682514e-07
6.579332e+06 2.875595e-07
8.111308e+06 1.455051e-07
1.000000e+07 7.362445e-08
