1.000000e-02 9.248230e-03
1.232847e-02 9.722362e-03
1.519911e-02 1.022080e-02
1.873817e-02 1.074479e-02
2.310130e-02 1.129565e-02
2.848036e-02 1.187475e-02
3.511192e-02 1.248353e-02
4.328761e-02 1.312353e-02
5.336699e-02 1.379634e-02
6.579332e-02 1.450364e-02
8.111308e-02 1.524720e-02
1.000000e-01 1.602889e-02
1.232847e-01 1.685064e-02
1.519911e-01 1.771453e-02
1.873817e-01 1.862271e-02
2.310130e-01 1.957744e-02
2.848036e-01 2.058113e-02
3.511192e-01 2.163627e-02
4.328761e-01 2.274552e-02
5.336699e-01 2.391165e-02
6.579332e-01 2.513763e-02
8.111308e-01 2.642657e-02
1.000000e+00 2.778184e-02
1.232847e+00 2.920703e-02
1.519911e+00 3.070607e-02
1.873817e+00 3.228328e-02
2.310130e+00 3.394348e-02
2.848036e+00 3.569208e-02
3.511192e+00 3.753526e-02
4.328761e+00 3.948009e-02
5.336699e+00 4.153473e-02
6.579332e+00 4.370863e-02
8.111308e+00 4.601272e-02
1.000000e+01 4.845962e-02
1.232847e+01 5.106383e-02
1.519911e+01 5.384186e-02
1.873817e+01 5.681232e-02
2.310130e+01 5.999591e-02
2.848036e+01 6.341522e-02
3.511192e+01 6.709435e-02
4.328761e+01 7.105818e-02
5.336699e+01 7.533127e-02
6.579332e+01 7.993610e-02
8.111308e+01 8.489073e-02
1.000000e+02 9.020542e-02
1.232847e+02 9.587829e-02
1.519911e+02 1.018897e-01
1.873817e+02 1.081957e-01
2.310130e+02 1.147200e-01
2.848036e+02 1.213460e-01
3.511192e+02 1.279097e-01
4.328761e+02 1.341943e-01
5.336699e+02 1.399300e-01
6.579332e+02 1.448010e-01
8.111308e+02 1.484630e-01
1.000000e+03 1.505712e-01
1.232847e+03 1.508194e-01
1.519911e+03 1.489851e-01
1.873817e+03 1.449714e-01
2.310130e+03 1.388383e-01
2.848036e+03 1.308103e-01
3.511192e+03 1.212578e-01
4.328761e+03 1.106513e-01
5.336699e+03 9.950083e-02
6.579332e+03 8.829180e-02
8.111308e+03 7.743229e-02
1.000000e+04 6.722138e-02
1.232847e+04 5.784061e-02
1.519911e+04 4.936514e-02
1.873817e+04 4.178789e-02
2.310130e+04 3.504927e-02
2.848036e+04 2.906637e-02
3.511192e+04 2.375757e-02
4.328761e+04 1.905959e-02
5.336699e+04 1.493514e-02
6.579332e+04 1.137064e-02
8.111308e+04 8.365293e-03
1.000000e+05 5.915671e-03
1.232847e+05 4.001481e-03
1.519911e+05 2.577874e-03
1.873817e+05 1.576449e-03
2.310130e+05 9.135265e-04
2.848036e+05 5.019657e-04
3.511192e+05 2.625091e-04
4.328761e+05 1.315279e-04
5.336699e+05 6.368262e-05
6.579332e+05 3.006402e-05
8.111308e+05 1.394956e-05
1.000000e+06 6.401346e-06
1.232847e+06 2.918028e-06
1.519911e+06 1.325113e-06
1.873817e+06 6.004978e-07
2.310130e+06 2.718279e-07
2.848036e+06 1.229803e-07
3.511192e+06 5.562368e-08
4.328761e+06 2.515528e-08
5.336699e+06 1.137561e-08
6.579332e+06 5.144121e-09
8.111308e+06 2.326188e-09
1.000000e+07 1.051908e-09
