1.000000e-02 7.132664e-03
1.232847e-02 7.529863e-03
1.519911e-02 7.949181e-03
1.873817e-02 8.391851e-03
2.310130e-02 8.859171e-03
2.848036e-02 9.352515e-03
3.511192e-02 9.873332e-03
4.328761e-02 1.042315e-02
5.336699e-02 1.100359e-02
6.579332e-02 1.161635e-02
8.111308e-02 1.226324e-02
1.000000e-01 1.294614e-02
1.232847e-01 1.366708e-02
1.519911e-01 1.442816e-02
1.873817e-01 1.523163e-02
2.310130e-01 1.607984e-02
2.848036e-01 1.697529e-02
3.511192e-01 1.792059e-02
4.328761e-01 1.891855e-02
5.336699e-01 1.997207e-02
6.579332e-01 2.108426e-02
8.111308e-01 2.225839e-02
1.000000e+00 2.349791e-02
1.232847e+00 2.480645e-02
1.519911e+00 2.618787e-02
1.873817e+00 2.764622e-02
2.310130e+00 2.918579e-02
2.848036e+00 3.081109e-02
3.511192e+00 3.252689e-02
4.328761e+00 3.433820e-02
5.336699e+00 3.625028e-02
6.579332e+00 3.826865e-02
8.111308e+00 4.039905e-02
1.000000e+01 4.264744e-02
1.232847e+01 4.501994e-02
1.519911e+01 4.752278e-02
1.873817e+01 5.016218e-02
2.310130e+01 5.294423e-02
2.848036e+01 5.587475e-02
3.511192e+01 5.895896e-02
4.328761e+01 6.220128e-02
5.336699e+01 6.560487e-02
6.579332e+01 6.917119e-02
8.111308e+01 7.289942e-02
1.000000e+02 7.678580e-02
1.232847e+02 8.082283e-02
1.519911e+02 8.499836e-02
1.873817e+02 8.929471e-02
2.310130e+02 9.368755e-02
2.848036e+02 9.814496e-02
3.511192e+02 1.026265e-01
4.328761e+02 1.070821e-01
5.336699e+02 1.114522e-01
6.579332e+02 1.156665e-01
8.111308e+02 1.196452e-01
1.000000e+03 1.232990e-01
1.232847e+03 1.265310e-01
1.519911e+03 1.292384e-01
1.873817e+03 1.313148e-01
2.310130e+03 1.326538e-01
2.848036e+03 1.331520e-01
3.511192e+03 1.327124e-01
4.328761e+03 1.312493e-01
5.336699e+03 1.286916e-01
6.579332e+03 1.249883e-01
8.111308e+03 1.201137e-01
1.000000e+04 1.140738e-01
1.232847e+04 1.069135e-01
1.519911e+04 9.872409e-02
1.873817e+04 8.965102e-02
2.310130e+04 7.989777e-02
2.848036e+04 6.972512e-02
3.511192e+04 5.944148e-02
4.328761e+04 4.938304e-02
5.336699e+04 3.988395e-02
6.579332e+04 3.124078e-02
8.111308e+04 2.367834e-02
1.000000e+05 1.732591e-02
1.232847e+05 1.221015e-02
1.519911e+05 8.265850e-03
1.873817e+05 5.359633e-03
2.310130e+05 3.318695e-03
2.848036e+05 1.957487e-03
3.511192e+05 1.098660e-03
4.328761e+05 5.875673e-04
5.336699e+05 3.007354e-04
6.579332e+05 1.483468e-04
8.111308e+05 7.111380e-05
1.000000e+06 3.340036e-05
1.232847e+06 1.547570e-05
1.519911e+06 7.110175e-06
1.873817e+06 3.250537e-06
2.310130e+06 1.481929e-06
2.848036e+06 6.746207e-07
3.511192e+06 3.068789e-07
4.328761e+06 1.395463e-07
5.336699e+06 6.344532e-08
6.579332e+06 2.884385e-08
8.111308e+06 1.311289e-08
1.000000e+07 5.961313e-09
