1.000000e-02 5.744994e-03
1.232847e-02 6.067915e-03
1.519911e-02 6.408988e-03
1.873817e-02 6.769232e-03
2.310130e-02 7.149725e-03
2.848036e-02 7.551606e-03
3.511192e-02 7.976075e-03
4.328761e-02 8.424404e-03
5.336699e-02 8.897933e-03
6.579332e-02 9.398079e-03
8.111308e-02 9.926337e-03
1.000000e-01 1.048429e-02
1.232847e-01 1.107360e-02
1.519911e-01 1.169604e-02
1.873817e-01 1.235347e-02
2.310130e-01 1.304784e-02
2.848036e-01 1.378125e-02
3.511192e-01 1.455589e-02
4.328761e-01 1.537406e-02
5.336699e-01 1.623823e-02
6.579332e-01 1.715096e-02
8.111308e-01 1.811501e-02
1.000000e+00 1.913325e-02
1.232847e+00 2.020873e-02
1.519911e+00 2.134468e-02
1.873817e+00 2.254451e-02
2.310130e+00 2.381184e-02
2.848036e+00 2.515048e-02
3.511192e+00 2.656450e-02
4.328761e+00 2.805821e-02
5.336699e+00 2.963617e-02
6.579332e+00 3.130325e-02
8.111308e+00 3.306461e-02
1.000000e+01 3.492575e-02
1.232847e+01 3.689249e-02
1.519911e+01 3.897102e-02
1.873817e+01 4.116787e-02
2.310130e+01 4.348991e-02
2.848036e+01 4.594429e-02
3.511192e+01 4.853844e-02
4.328761e+01 5.127991e-02
5.336699e+01 5.417626e-02
6.579332e+01 5.723487e-02
8.111308e+01 6.046267e-02
1.000000e+02 6.386577e-02
1.232847e+02 6.744907e-02
1.519911e+02 7.121566e-02
1.873817e+02 7.516616e-02
2.310130e+02 7.929794e-02
2.848036e+02 8.360418e-02
3.511192e+02 8.807280e-02
4.328761e+02 9.268527e-02
5.336699e+02 9.741542e-02
6.579332e+02 1.022281e-01
8.111308e+02 1.070778e-01
1.000000e+03 1.119079e-01
1.232847e+03 1.166493e-01
1.519911e+03 1.212201e-01
1.873817e+03 1.255250e-01
2.310130e+03 1.294562e-01
2.848036e+03 1.328940e-01
3.511192e+03 1.357085e-01
4.328761e+03 1.377622e-01
5.336699e+03 1.389132e-01
6.579332e+03 1.390198e-01
8.111308e+03 1.379462e-01
1.000000e+04 1.355698e-01
1.232847e+04 1.317913e-01
1.519911e+04 1.265469e-01
1.873817e+04 1.198241e-01
2.310130e+04 1.116781e-01
2.848036e+04 1.022485e-01
3.511192e+04 9.176825e-02
4.328761e+04 8.056284e-02
5.336699e+04 6.903230e-02
6.579332e+04 5.761688e-02
8.111308e+04 4.675027e-02
1.000000e+05 3.680979e-02
1.232847e+05 2.807508e-02
1.519911e+05 2.070473e-02
1.873817e+05 1.473484e-02
2.310130e+05 1.009665e-02
2.848036e+05 6.645402e-03
3.511192e+05 4.191965e-03
4.328761e+05 2.530923e-03
5.336699e+05 1.463026e-03
6.579332e+05 8.118859e-04
8.111308e+05 4.346957e-04
1.000000e+06 2.260515e-04
1.232847e+06 1.149877e-04
1.519911e+06 5.759031e-05
1.873817e+06 2.854931e-05
2.310130e+06 1.406289e-05
2.848036e+06 6.901243e-06
3.511192e+06 3.379691e-06
4.328761e+06 1.653316e-06
5.336699e+06 8.083680e-07
6.579332e+06 3.951544e-07
8.111308e+06 1.931492e-07
1.000000e+07 9.440900e-08
