1.000000e-02 8.844355e-03
1.232847e-02 9.333221e-03
1.519911e-02 9.849109e-03
1.873817e-02 1.039351e-02
2.310130e-02 1.096801e-02
2.848036e-02 1.157426e-02
3.511192e-02 1.221402e-02
4.328761e-02 1.288914e-02
5.336699e-02 1.360158e-02
6.579332e-02 1.435340e-02
8.111308e-02 1.514678e-02
1.000000e-01 1.598400e-02
1.232847e-01 1.686751e-02
1.519911e-01 1.779985e-02
1.873817e-01 1.878373e-02
2.310130e-01 1.982199e-02
2.848036e-01 2.091764e-02
3.511192e-01 2.207385e-02
4.328761e-01 2.329397e-02
5.336699e-01 2.458153e-02
6.579332e-01 2.594027e-02
8.111308e-01 2.737413e-02
1.000000e+00 2.888727e-02
1.232847e+00 3.048410e-02
1.519911e+00 3.216926e-02
1.873817e+00 3.394770e-02
2.310130e+00 3.582460e-02
2.848036e+00 3.780547e-02
3.511192e+00 3.989612e-02
4.328761e+00 4.210263e-02
5.336699e+00 4.443139e-02
6.579332e+00 4.688899e-02
8.111308e+00 4.948223e-02
1.000000e+01 5.221798e-02
1.232847e+01 5.510301e-02
1.519911e+01 5.814382e-02
1.873817e+01 6.134632e-02
2.310130e+01 6.471546e-02
2.848036e+01 6.825474e-02
3.511192e+01 7.196555e-02
4.328761e+01 7.584647e-02
5.336699e+01 7.989225e-02
6.579332e+01 8.409280e-02
8.111308e+01 8.843191e-02
1.000000e+02 9.288591e-02
1.232847e+02 9.742224e-02
1.519911e+02 1.019980e-01
1.873817e+02 1.065589e-01
2.310130e+02 1.110377e-01
2.848036e+02 1.153545e-01
3.511192e+02 1.194163e-01
4.328761e+02 1.231185e-01
5.336699e+02 1.263469e-01
6.579332e+02 1.289813e-01
8.111308e+02 1.309000e-01
1.000000e+03 1.319858e-01
1.232847e+03 1.321328e-01
1.519911e+03 1.312528e-01
1.873817e+03 1.292825e-01
2.310130e+03 1.261895e-01
2.848036e+03 1.219764e-01
3.511192e+03 1.166841e-01
4.328761e+03 1.103910e-01
5.336699e+03 1.032120e-01
6.579332e+03 9.529411e-02
8.111308e+03 8.681081e-02
1.000000e+04 7.795601e-02
1.232847e+04 6.893655e-02
1.519911e+04 5.996429e-02
1.873817e+04 5.124713e-02
2.310130e+04 4.297905e-02
2.848036e+04 3.532960e-02
3.511192e+04 2.843365e-02
4.328761e+04 2.238287e-02
5.336699e+04 1.722059e-02
6.579332e+04 1.294131e-02
8.111308e+04 9.495843e-03
1.000000e+05 6.801136e-03
1.232847e+05 4.753042e-03
1.519911e+05 3.239450e-03
1.873817e+05 2.151381e-03
2.310130e+05 1.390647e-03
2.848036e+05 8.738247e-04
3.511192e+05 5.332212e-04
4.328761e+05 3.159164e-04
5.336699e+05 1.819169e-04
6.579332e+05 1.020716e-04
8.111308e+05 5.601541e-05
1.000000e+06 3.020078e-05
1.232847e+06 1.606849e-05
1.519911e+06 8.470044e-06
1.873817e+06 4.437184e-06
2.310130e+06 2.315443e-06
2.848036e+06 1.205438e-06
3.511192e+06 6.267271e-07
4.328761e+06 3.256141e-07
5.336699e+06 1.691125e-07
6.579332e+06 8.781774e-08
8.111308e+06 4.560016e-08
1.000000e+07 2.367807e-08
