1.000000e-02 1.047462e-02
1.232847e-02 1.099218e-02
1.519911e-02 1.153530e-02
1.873817e-02 1.210526e-02
2.310130e-02 1.270339e-02
2.848036e-02 1.333106e-02
3.511192e-02 1.398975e-02
4.328761e-02 1.468099e-02
5.336699e-02 1.540638e-02
6.579332e-02 1.616761e-02
8.111308e-02 1.696645e-02
1.000000e-01 1.780476e-02
1.232847e-01 1.868450e-02
1.519911e-01 1.960770e-02
1.873817e-01 2.057652e-02
2.310130e-01 2.159321e-02
2.848036e-01 2.266013e-02
3.511192e-01 2.377978e-02
4.328761e-01 2.495474e-02
5.336699e-01 2.618777e-02
6.579332e-01 2.748175e-02
8.111308e-01 2.883972e-02
1.000000e+00 3.026489e-02
1.232847e+00 3.176067e-02
1.519911e+00 3.333071e-02
1.873817e+00 3.497891e-02
2.310130e+00 3.670951e-02
2.848036e+00 3.852710e-02
3.511192e+00 4.043673e-02
4.328761e+00 4.244397e-02
5.336699e+00 4.455503e-02
6.579332e+00 4.677682e-02
8.111308e+00 4.911704e-02
1.000000e+01 5.158435e-02
1.232847e+01 5.418839e-02
1.519911e+01 5.693987e-02
1.873817e+01 5.985061e-02
2.310130e+01 6.293352e-02
2.848036e+01 6.620247e-02
3.511192e+01 6.967209e-02
4.328761e+01 7.335745e-02
5.336699e+01 7.727344e-02
6.579332e+01 8.143401e-02
8.111308e+01 8.585103e-02
1.000000e+02 9.053278e-02
1.232847e+02 9.548198e-02
1.519911e+02 1.006933e-01
1.873817e+02 1.061501e-01
2.310130e+02 1.118210e-01
2.848036e+02 1.176552e-01
3.511192e+02 1.235779e-01
4.328761e+02 1.294850e-01
5.336699e+02 1.352386e-01
6.579332e+02 1.406625e-01
8.111308e+02 1.455399e-01
1.000000e+03 1.496134e-01
1.232847e+03 1.525879e-01
1.519911e+03 1.541394e-01
1.873817e+03 1.539288e-01
2.310130e+03 1.516238e-01
2.848036e+03 1.469311e-01
3.511192e+03 1.396393e-01
4.328761e+03 1.296734e-01
5.336699e+03 1.171566e-01
6.579332e+03 1.024666e-01
8.111308e+03 8.626679e-02
1.000000e+04 6.948417e-02
1.232847e+04 5.320832e-02
1.519911e+04 3.850978e-02
1.873817e+04 2.621858e-02
2.310130e+04 1.674630e-02
2.848036e+04 1.003558e-02
3.511192e+04 5.661610e-03
4.328761e+04 3.026549e-03
5.336699e+04 1.546879e-03
6.579332e+04 7.635976e-04
8.111308e+04 3.676725e-04
1.000000e+05 1.741482e-04
1.232847e+05 8.166383e-05
1.519911e+05 3.807980e-05
1.873817e+05 1.770450e-05
2.310130e+05 8.219655e-06
2.848036e+05 3.813677e-06
3.511192e+05 1.768954e-06
4.328761e+05 8.204340e-07
5.336699e+05 3.805002e-07
6.579332e+05 1.764662e-07
8.111308e+05 8.184029e-08
1.000000e+06 3.795536e-08
1.232847e+06 1.760270e-08
1.519911e+06 8.163677e-09
1.873817e+06 3.786104e-09
2.310130e+06 1.755898e-09
2.848036e+06 8.143406e-10
3.511192e+06 3.776704e-10
4.328761e+06 1.751539e-10
5.336699e+06 8.123191e-11
6.579332e+06 3.767329e-11
8.111308e+06 1.747191e-11
1.000000e+07 8.103027e-12
