1.000000e-02 7.422871e-02
1.232847e-02 7.523110e-02
1.519911e-02 7.624703e-02
1.873817e-02 7.727669e-02
2.310130e-02 7.832024e-02
2.848036e-02 7.937789e-02
3.511192e-02 8.044982e-02
4.328761e-02 8.153623e-02
5.336699e-02 8.263731e-02
6.579332e-02 8.375325e-02
8.111308e-02 8.488427e-02
1.000000e-01 8.603056e-02
1.232847e-01 8.719233e-02
1.519911e-01 8.836979e-02
1.873817e-01 8.956314e-02
2.310130e-01 9.077259e-02
2.848036e-01 9.199829e-02
3.511192e-01 9.324026e-02
4.328761e-01 9.449819e-02
5.336699e-01 9.577110e-02
6.579332e-01 9.705676e-02
8.111308e-01 9.835090e-02
1.000000e+00 9.964615e-02
1.232847e+00 1.009308e-01
1.519911e+00 1.021875e-01
1.873817e+00 1.033919e-01
2.310130e+00 1.045113e-01
2.848036e+00 1.055045e-01
3.511192e+00 1.063208e-01
4.328761e+00 1.069016e-01
5.336699e+00 1.071815e-01
6.579332e+00 1.070917e-01
8.111308e+00 1.065638e-01
1.000000e+01 1.055349e-01
1.232847e+01 1.039538e-01
1.519911e+01 1.017863e-01
1.873817e+01 9.902061e-02
2.310130e+01 9.567121e-02
2.848036e+01 9.178012e-02
3.511192e+01 8.741592e-02
4.328761e+01 8.267005e-02
5.336699e+01 7.765069e-02
6.579332e+01 7.247516e-02
8.111308e+01 6.726183e-02
1.000000e+02 6.212240e-02
1.232847e+02 5.715561e-02
1.519911e+02 5.244290e-02
1.873817e+02 4.804617e-02
2.310130e+02 4.400760e-02
2.848036e+02 4.035100e-02
3.511192e+02 3.708437e-02
4.328761e+02 3.420288e-02
5.336699e+02 3.169215e-02
6.579332e+02 2.953102e-02
8.111308e+02 2.769406e-02
1.000000e+03 2.615332e-02
1.232847e+03 2.487946e-02
1.519911e+03 2.384229e-02
1.873817e+03 2.301065e-02
2.310130e+03 2.235181e-02
2.848036e+03 2.183035e-02
3.511192e+03 2.140683e-02
4.328761e+03 2.103615e-02
5.336699e+03 2.066623e-02
6.579332e+03 2.023725e-02
8.111308e+03 1.968239e-02
1.000000e+04 1.893088e-02
1.232847e+04 1.791476e-02
1.519911e+04 1.657997e-02
1.873817e+04 1.490185e-02
2.310130e+04 1.290235e-02
2.848036e+04 1.066359e-02
3.511192e+04 8.329032e-03
4.328761e+04 6.084189e-03
5.336699e+04 4.115301e-03
6.579332e+04 2.557232e-03
8.111308e+04 1.454624e-03
1.000000e+05 7.595587e-04
1.232847e+05 3.676712e-04
1.519911e+05 1.674756e-04
1.873817e+05 7.298867e-05
2.310130e+05 3.089214e-05
2.848036e+05 1.284348e-05
3.511192e+05 5.285716e-06
4.328761e+05 2.163511e-06
5.336699e+05 8.830936e-07
6.579332e+05 3.599673e-07
8.111308e+05 1.466355e-07
1.000000e+06 5.971540e-08
1.232847e+06 2.431507e-08
1.519911e+06 9.900086e-09
1.873817e+06 4.030801e-09
2.310130e+06 1.641115e-09
2.848036e+06 6.681662e-10
3.511192e+06 2.720378e-10
4.328761e+06 1.107576e-10
5.336699e+06 4.509391e-11
6.579332e+06 1.835956e-11
8.111308e+06 7.474917e-12
1.000000e+07 3.043341e-12
