1.000000e-02 5.272284e-03
1.232847e-02 5.567614e-03
1.519911e-02 5.879488e-03
1.873817e-02 6.208831e-03
2.310130e-02 6.556622e-03
2.848036e-02 6.923895e-03
3.511192e-02 7.311741e-03
4.328761e-02 7.721313e-03
5.336699e-02 8.153827e-03
6.579332e-02 8.610569e-03
8.111308e-02 9.092895e-03
1.000000e-01 9.602239e-03
1.232847e-01 1.014011e-02
1.519911e-01 1.070812e-02
1.873817e-01 1.130794e-02
2.310130e-01 1.194136e-02
2.848036e-01 1.261026e-02
3.511192e-01 1.331663e-02
4.328761e-01 1.406257e-02
5.336699e-01 1.485029e-02
6.579332e-01 1.568213e-02
8.111308e-01 1.656056e-02
1.000000e+00 1.748817e-02
1.232847e+00 1.846771e-02
1.519911e+00 1.950206e-02
1.873817e+00 2.059424e-02
2.310130e+00 2.174745e-02
2.848036e+00 2.296500e-02
3.511192e+00 2.425041e-02
4.328761e+00 2.560730e-02
5.336699e+00 2.703950e-02
6.579332e+00 2.855097e-02
8.111308e+00 3.014584e-02
1.000000e+01 3.182840e-02
1.232847e+01 3.360309e-02
1.519911e+01 3.547452e-02
1.873817e+01 3.744746e-02
2.310130e+01 3.952679e-02
2.848036e+01 4.171756e-02
3.511192e+01 4.402493e-02
4.328761e+01 4.645417e-02
5.336699e+01 4.901063e-02
6.579332e+01 5.169970e-02
8.111308e+01 5.452676e-02
1.000000e+02 5.749715e-02
1.232847e+02 6.061607e-02
1.519911e+02 6.388849e-02
1.873817e+02 6.731908e-02
2.310130e+02 7.091203e-02
2.848036e+02 7.467092e-02
3.511192e+02 7.859855e-02
4.328761e+02 8.269664e-02
5.336699e+02 8.696561e-02
6.579332e+02 9.140415e-02
8.111308e+02 9.600869e-02
1.000000e+03 1.007727e-01
1.232847e+03 1.056856e-01
1.519911e+03 1.107314e-01
1.873817e+03 1.158864e-01
2.310130e+03 1.211165e-01
2.848036e+03 1.263727e-01
3.511192e+03 1.315855e-01
4.328761e+03 1.366577e-01
5.336699e+03 1.414548e-01
6.579332e+03 1.457943e-01
8.111308e+03 1.494341e-01
1.000000e+04 1.520630e-01
1.232847e+04 1.532973e-01
1.519911e+04 1.526900e-01
1.873817e+04 1.497623e-01
2.310130e+04 1.440670e-01
2.848036e+04 1.352876e-01
3.511192e+04 1.233648e-01
4.328761e+04 1.086186e-01
5.336699e+04 9.181289e-02
6.579332e+04 7.410434e-02
8.111308e+04 5.684998e-02
1.000000e+05 4.131544e-02
1.232847e+05 2.839297e-02
1.519911e+05 1.844797e-02
1.873817e+05 1.134680e-02
2.310130e+05 6.622273e-03
2.848036e+05 3.678707e-03
3.511192e+05 1.952203e-03
4.328761e+05 9.939167e-04
5.336699e+05 4.879471e-04
6.579332e+05 2.323613e-04
8.111308e+05 1.080242e-04
1.000000e+06 4.933906e-05
1.232847e+06 2.226267e-05
1.519911e+06 9.967100e-06
1.873817e+06 4.441302e-06
2.310130e+06 1.973706e-06
2.848036e+06 8.758352e-07
3.511192e+06 3.883632e-07
4.328761e+06 1.721460e-07
5.336699e+06 7.629318e-08
6.579332e+06 3.381012e-08
8.111308e+06 1.498301e-08
1.000000e+07 6.639720e-09
