1.000000e-02 5.214938e-02
1.232847e-02 5.355824e-02
1.519911e-02 5.500515e-02
1.873817e-02 5.649116e-02
2.310130e-02 5.801731e-02
2.848036e-02 5.958470e-02
3.511192e-02 6.119442e-02
4.328761e-02 6.284764e-02
5.336699e-02 6.454552e-02
6.579332e-02 6.628927e-02
8.111308e-02 6.808012e-02
1.000000e-01 6.991936e-02
1.232847e-01 7.180829e-02
1.519911e-01 7.374824e-02
1.873817e-01 7.574061e-02
2.310130e-01 7.778678e-02
2.848036e-01 7.988817e-02
3.511192e-01 8.204609e-02
4.328761e-01 8.426164e-02
5.336699e-01 8.653531e-02
6.579332e-01 8.886649e-02
8.111308e-01 9.125259e-02
1.000000e+00 9.368792e-02
1.232847e+00 9.616222e-02
1.519911e+00 9.865894e-02
1.873817e+00 1.011534e-01
2.310130e+00 1.036110e-01
2.848036e+00 1.059857e-01
3.511192e+00 1.082190e-01
4.328761e+00 1.102405e-01
5.336699e+00 1.119686e-01
6.579332e+00 1.133142e-01
8.111308e+00 1.141855e-01
1.000000e+01 1.144942e-01
1.232847e+01 1.141639e-01
1.519911e+01 1.131382e-01
1.873817e+01 1.113881e-01
2.310130e+01 1.089180e-01
2.848036e+01 1.057677e-01
3.511192e+01 1.020116e-01
4.328761e+01 9.775331e-02
5.336699e+01 9.311699e-02
6.579332e+01 8.823723e-02
8.111308e+01 8.324800e-02
1.000000e+02 7.827293e-02
1.232847e+02 7.341754e-02
1.519911e+02 6.876427e-02
1.873817e+02 6.437028e-02
2.310130e+02 6.026748e-02
2.848036e+02 5.646435e-02
3.511192e+02 5.294882e-02
4.328761e+02 4.969172e-02
5.336699e+02 4.665049e-02
6.579332e+02 4.377310e-02
8.111308e+02 4.100213e-02
1.000000e+03 3.827933e-02
1.232847e+03 3.555070e-02
1.519911e+03 3.277195e-02
1.873817e+03 2.991407e-02
2.310130e+03 2.696819e-02
2.848036e+03 2.394864e-02
3.511192e+03 2.089312e-02
4.328761e+03 1.785930e-02
5.336699e+03 1.491799e-02
6.579332e+03 1.214392e-02
8.111308e+03 9.606112e-03
1.000000e+04 7.359629e-03
1.232847e+04 5.440243e-03
1.519911e+04 3.862388e-03
1.873817e+04 2.619870e-03
2.310130e+04 1.688277e-03
2.848036e+04 1.028303e-03
3.511192e+04 5.900744e-04
4.328761e+04 3.190712e-04
5.336699e+04 1.633176e-04
6.579332e+04 7.979761e-05
8.111308e+04 3.761091e-05
1.000000e+05 1.727938e-05
1.232847e+05 7.806169e-06
1.519911e+05 3.490279e-06
1.873817e+05 1.551245e-06
2.310130e+05 6.871683e-07
2.848036e+05 3.038669e-07
3.511192e+05 1.342494e-07
4.328761e+05 5.928517e-08
5.336699e+05 2.617487e-08
6.579332e+05 1.155520e-08
8.111308e+05 5.100921e-09
1.000000e+06 2.251697e-09
1.232847e+06 9.939545e-10
1.519911e+06 4.387539e-10
1.873817e+06 1.936754e-10
2.310130e+06 8.549243e-11
2.848036e+06 3.773815e-11
3.511192e+06 1.665841e-11
4.328761e+06 7.353367e-12
5.336699e+06 3.245929e-12
6.579332e+06 1.432821e-12
8.111308e+06 6.324769e-13
1.000000e+07 2.791885e-13
