1.000000e-02 6.551342e-03
1.232847e-02 6.926214e-03
1.519911e-02 7.322537e-03
1.873817e-02 7.741537e-03
2.310130e-02 8.184512e-03
2.848036e-02 8.652835e-03
3.511192e-02 9.147956e-03
4.328761e-02 9.671408e-03
5.336699e-02 1.022481e-02
6.579332e-02 1.080988e-02
8.111308e-02 1.142843e-02
1.000000e-01 1.208237e-02
1.232847e-01 1.277373e-02
1.519911e-01 1.350465e-02
1.873817e-01 1.427740e-02
2.310130e-01 1.509436e-02
2.848036e-01 1.595807e-02
3.511192e-01 1.687120e-02
4.328761e-01 1.783658e-02
5.336699e-01 1.885720e-02
6.579332e-01 1.993622e-02
8.111308e-01 2.107697e-02
1.000000e+00 2.228299e-02
1.232847e+00 2.355801e-02
1.519911e+00 2.490594e-02
1.873817e+00 2.633094e-02
2.310130e+00 2.783736e-02
2.848036e+00 2.942980e-02
3.511192e+00 3.111306e-02
4.328761e+00 3.289217e-02
5.336699e+00 3.477234e-02
6.579332e+00 3.675899e-02
8.111308e+00 3.885768e-02
1.000000e+01 4.107404e-02
1.232847e+01 4.341377e-02
1.519911e+01 4.588245e-02
1.873817e+01 4.848547e-02
2.310130e+01 5.122787e-02
2.848036e+01 5.411405e-02
3.511192e+01 5.714759e-02
4.328761e+01 6.033084e-02
5.336699e+01 6.366458e-02
6.579332e+01 6.714748e-02
8.111308e+01 7.077559e-02
1.000000e+02 7.454171e-02
1.232847e+02 7.843469e-02
1.519911e+02 8.243866e-02
1.873817e+02 8.653234e-02
2.310130e+02 9.068823e-02
2.848036e+02 9.487200e-02
3.511192e+02 9.904193e-02
4.328761e+02 1.031486e-01
5.336699e+02 1.071350e-01
6.579332e+02 1.109365e-01
8.111308e+02 1.144822e-01
1.000000e+03 1.176959e-01
1.232847e+03 1.204980e-01
1.519911e+03 1.228075e-01
1.873817e+03 1.245451e-01
2.310130e+03 1.256357e-01
2.848036e+03 1.260110e-01
3.511192e+03 1.256127e-01
4.328761e+03 1.243946e-01
5.336699e+03 1.223250e-01
6.579332e+03 1.193885e-01
8.111308e+03 1.155878e-01
1.000000e+04 1.109449e-01
1.232847e+04 1.055026e-01
1.519911e+04 9.932532e-02
1.873817e+04 9.250001e-02
2.310130e+04 8.513597e-02
2.848036e+04 7.736415e-02
3.511192e+04 6.933499e-02
4.328761e+04 6.121433e-02
5.336699e+04 5.317724e-02
6.579332e+04 4.539932e-02
8.111308e+04 3.804609e-02
1.000000e+05 3.126135e-02
1.232847e+05 2.515667e-02
1.519911e+05 1.980387e-02
1.873817e+05 1.523239e-02
2.310130e+05 1.143170e-02
2.848036e+05 8.357975e-03
3.511192e+05 5.942896e-03
4.328761e+05 4.102778e-03
5.336699e+05 2.746516e-03
6.579332e+05 1.782042e-03
8.111308e+05 1.121628e-03
1.000000e+06 6.864157e-04
1.232847e+06 4.099429e-04
1.519911e+06 2.399987e-04
1.873817e+06 1.383803e-04
2.310130e+06 7.891919e-05
2.848036e+06 4.467664e-05
3.511192e+06 2.517375e-05
4.328761e+06 1.414561e-05
5.336699e+06 7.937002e-06
6.579332e+06 4.450340e-06
8.111308e+06 2.494717e-06
1.000000e+07 1.398391e-06
