1.000000e-02 5.322569e-03
1.232847e-02 5.621312e-03
1.519911e-02 5.936823e-03
1.873817e-02 6.270043e-03
2.310130e-02 6.621966e-03
2.848036e-02 6.993641e-03
3.511192e-02 7.386178e-03
4.328761e-02 7.800747e-03
5.336699e-02 8.238584e-03
6.579332e-02 8.700997e-03
8.111308e-02 9.189363e-03
1.000000e-01 9.705140e-03
1.232847e-01 1.024987e-02
1.519911e-01 1.082517e-02
1.873817e-01 1.143276e-02
2.310130e-01 1.207445e-02
2.848036e-01 1.275216e-02
3.511192e-01 1.346791e-02
4.328761e-01 1.422383e-02
5.336699e-01 1.502218e-02
6.579332e-01 1.586533e-02
8.111308e-01 1.675580e-02
1.000000e+00 1.769622e-02
1.232847e+00 1.868939e-02
1.519911e+00 1.973824e-02
1.873817e+00 2.084585e-02
2.310130e+00 2.201546e-02
2.848036e+00 2.325044e-02
3.511192e+00 2.455437e-02
4.328761e+00 2.593092e-02
5.336699e+00 2.738398e-02
6.579332e+00 2.891756e-02
8.111308e+00 3.053584e-02
1.000000e+01 3.224315e-02
1.232847e+01 3.404397e-02
1.519911e+01 3.594294e-02
1.873817e+01 3.794481e-02
2.310130e+01 4.005448e-02
2.848036e+01 4.227695e-02
3.511192e+01 4.461729e-02
4.328761e+01 4.708066e-02
5.336699e+01 4.967221e-02
6.579332e+01 5.239706e-02
8.111308e+01 5.526023e-02
1.000000e+02 5.826656e-02
1.232847e+02 6.142060e-02
1.519911e+02 6.472650e-02
1.873817e+02 6.818784e-02
2.310130e+02 7.180750e-02
2.848036e+02 7.558742e-02
3.511192e+02 7.952839e-02
4.328761e+02 8.362978e-02
5.336699e+02 8.788921e-02
6.579332e+02 9.230216e-02
8.111308e+02 9.686149e-02
1.000000e+03 1.015568e-01
1.232847e+03 1.063734e-01
1.519911e+03 1.112913e-01
1.873817e+03 1.162835e-01
2.310130e+03 1.213131e-01
2.848036e+03 1.263304e-01
3.511192e+03 1.312676e-01
4.328761e+03 1.360324e-01
5.336699e+03 1.404999e-01
6.579332e+03 1.445021e-01
8.111308e+03 1.478169e-01
1.000000e+04 1.501578e-01
1.232847e+04 1.511696e-01
1.519911e+04 1.504343e-01
1.873817e+04 1.474992e-01
2.310130e+04 1.419334e-01
2.848036e+04 1.334203e-01
3.511192e+04 1.218760e-01
4.328761e+04 1.075678e-01
5.336699e+04 9.118167e-02
6.579332e+04 7.378788e-02
8.111308e+04 5.667679e-02
1.000000e+05 4.109894e-02
1.232847e+05 2.799805e-02
1.519911e+05 1.783987e-02
1.873817e+05 1.059378e-02
2.310130e+05 5.850153e-03
2.848036e+05 3.005842e-03
3.511192e+05 1.443452e-03
4.328761e+05 6.536465e-04
5.336699e+05 2.825210e-04
6.579332e+05 1.180717e-04
8.111308e+05 4.826163e-05
1.000000e+06 1.946268e-05
1.232847e+06 7.789223e-06
1.519911e+06 3.104757e-06
1.873817e+06 1.235024e-06
2.310130e+06 4.907914e-07
2.848036e+06 1.949493e-07
3.511192e+06 7.742099e-08
4.328761e+06 3.074389e-08
5.336699e+06 1.220799e-08
6.579332e+06 4.847570e-09
8.111308e+06 1.924875e-09
1.000000e+07 7.643298e-10
