1.000000e-02 4.754185e-02
1.232847e-02 4.913896e-02
1.519911e-02 5.078972e-02
1.873817e-02 5.249593e-02
2.310130e-02 5.425947e-02
2.848036e-02 5.608224e-02
3.511192e-02 5.796625e-02
4.328761e-02 5.991355e-02
5.336699e-02 6.192627e-02
6.579332e-02 6.400660e-02
8.111308e-02 6.615682e-02
1.000000e-01 6.837927e-02
1.232847e-01 7.067638e-02
1.519911e-01 7.305066e-02
1.873817e-01 7.550470e-02
2.310130e-01 7.804117e-02
2.848036e-01 8.066281e-02
3.511192e-01 8.337234e-02
4.328761e-01 8.617240e-02
5.336699e-01 8.906522e-02
6.579332e-01 9.205217e-02
8.111308e-01 9.513301e-02
1.000000e+00 9.830480e-02
1.232847e+00 1.015604e-01
1.519911e+00 1.048865e-01
1.873817e+00 1.082614e-01
2.310130e+00 1.116522e-01
2.848036e+00 1.150125e-01
3.511192e+00 1.182789e-01
4.328761e+00 1.213695e-01
5.336699e+00 1.241819e-01
6.579332e+00 1.265937e-01
8.111308e+00 1.284643e-01
1.000000e+01 1.296398e-01
1.232847e+01 1.299603e-01
1.519911e+01 1.292713e-01
1.873817e+01 1.274367e-01
2.310130e+01 1.243540e-01
2.848036e+01 1.199693e-01
3.511192e+01 1.142897e-01
4.328761e+01 1.073917e-01
5.336699e+01 9.942243e-02
6.579332e+01 9.059457e-02
8.111308e+01 8.117286e-02
1.000000e+02 7.145537e-02
1.232847e+02 6.175081e-02
1.519911e+02 5.235451e-02
1.873817e+02 4.352622e-02
2.310130e+02 3.547190e-02
2.848036e+02 2.833210e-02
3.511192e+02 2.217795e-02
4.328761e+02 1.701500e-02
5.336699e+02 1.279387e-02
6.579332e+02 9.425285e-03
8.111308e+02 6.796920e-03
1.000000e+03 4.789021e-03
1.232847e+03 3.286664e-03
1.519911e+03 2.187407e-03
1.873817e+03 1.404247e-03
2.310130e+03 8.648612e-04
2.848036e+03 5.089594e-04
3.511192e+03 2.858604e-04
4.328761e+03 1.536352e-04
5.336699e+03 7.948761e-05
6.579332e+03 3.990574e-05
8.111308e+03 1.959948e-05
1.000000e+04 9.484142e-06
1.232847e+04 4.546135e-06
1.519911e+04 2.166733e-06
1.873817e+04 1.029283e-06
2.310130e+04 4.880514e-07
2.848036e+04 2.311875e-07
3.511192e+04 1.094549e-07
4.328761e+04 5.180697e-08
5.336699e+04 2.451779e-08
6.579332e+04 1.160231e-08
8.111308e+04 5.490254e-09
1.000000e+05 2.597964e-09
1.232847e+05 1.229335e-09
1.519911e+05 5.817090e-10
1.873817e+05 2.752583e-10
2.310130e+05 1.302491e-10
2.848036e+05 6.163233e-11
3.511192e+05 2.916369e-11
4.328761e+05 1.379991e-11
5.336699e+05 6.529955e-12
6.579332e+05 3.089897e-12
8.111308e+05 1.462103e-12
1.000000e+06 6.918495e-13
1.232847e+06 3.273750e-13
1.519911e+06 1.549099e-13
1.873817e+06 7.330154e-14
2.310130e+06 3.468542e-14
2.848036e+06 1.641273e-14
3.511192e+06 7.766307e-15
4.328761e+06 3.674924e-15
5.336699e+06 1.738930e-15
6.579332e+06 8.228412e-16
8.111308e+06 3.893586e-16
1.000000e+07 1.842399e-16
