1.000000e-02 2.723140e-02
1.232847e-02 2.817450e-02
1.519911e-02 2.915027e-02
1.873817e-02 3.015983e-02
2.310130e-02 3.120436e-02
2.848036e-02 3.228506e-02
3.511192e-02 3.340320e-02
4.328761e-02 3.456005e-02
5.336699e-02 3.575697e-02
6.579332e-02 3.699534e-02
8.111308e-02 3.827661e-02
1.000000e-01 3.960224e-02
1.232847e-01 4.097379e-02
1.519911e-01 4.239284e-02
1.873817e-01 4.386103e-02
2.310130e-01 4.538007e-02
2.848036e-01 4.695171e-02
3.511192e-01 4.857775e-02
4.328761e-01 5.026000e-02
5.336699e-01 5.200026e-02
6.579332e-01 5.380020e-02
8.111308e-01 5.566126e-02
1.000000e+00 5.758440e-02
1.232847e+00 5.956992e-02
1.519911e+00 6.161704e-02
1.873817e+00 6.372355e-02
2.310130e+00 6.588534e-02
2.848036e+00 6.809593e-02
3.511192e+00 7.034594e-02
4.328761e+00 7.262260e-02
5.336699e+00 7.490937e-02
6.579332e+00 7.718557e-02
8.111308e+00 7.942627e-02
1.000000e+01 8.160232e-02
1.232847e+01 8.368067e-02
1.519911e+01 8.562503e-02
1.873817e+01 8.739676e-02
2.310130e+01 8.895619e-02
2.848036e+01 9.026417e-02
3.511192e+01 9.128389e-02
4.328761e+01 9.198281e-02
5.336699e+01 9.233456e-02
6.579332e+01 9.232086e-02
8.111308e+01 9.193294e-02
1.000000e+02 9.117274e-02
1.232847e+02 9.005353e-02
1.519911e+02 8.859991e-02
1.873817e+02 8.684730e-02
2.310130e+02 8.484089e-02
2.848036e+02 8.263409e-02
3.511192e+02 8.028675e-02
4.328761e+02 7.786314e-02
5.336699e+02 7.542998e-02
6.579332e+02 7.305461e-02
8.111308e+02 7.080340e-02
1.000000e+03 6.874049e-02
1.232847e+03 6.692686e-02
1.519911e+03 6.541951e-02
1.873817e+03 6.427077e-02
2.310130e+03 6.352682e-02
2.848036e+03 6.322510e-02
3.511192e+03 6.338874e-02
4.328761e+03 6.401622e-02
5.336699e+03 6.506291e-02
6.579332e+03 6.641067e-02
8.111308e+03 6.782192e-02
1.000000e+04 6.887991e-02
1.232847e+04 6.893232e-02
1.519911e+04 6.708908e-02
1.873817e+04 6.237196e-02
2.310130e+04 5.412515e-02
2.848036e+04 4.264930e-02
3.511192e+04 2.963792e-02
4.328761e+04 1.771489e-02
5.336699e+04 8.994170e-03
6.579332e+04 3.907143e-03
8.111308e+04 1.491601e-03
1.000000e+05 5.191980e-04
1.232847e+05 1.706194e-04
1.519911e+05 5.431661e-05
1.873817e+05 1.702015e-05
2.310130e+05 5.294775e-06
2.848036e+05 1.642060e-06
3.511192e+05 5.086160e-07
4.328761e+05 1.574648e-07
5.336699e+05 4.874170e-08
6.579332e+05 1.508657e-08
8.111308e+05 4.669503e-09
1.000000e+06 1.445265e-09
1.232847e+06 4.473254e-10
1.519911e+06 1.384519e-10
1.873817e+06 4.285233e-11
2.310130e+06 1.326325e-11
2.848036e+06 4.105114e-12
3.511192e+06 1.270576e-12
4.328761e+06 3.932566e-13
5.336699e+06 1.217170e-13
6.579332e+06 3.767270e-14
8.111308e+06 1.166010e-14
1.000000e+07 3.608922e-15
