1.000000e-02 7.733251e-03
1.232847e-02 8.140095e-03
1.519911e-02 8.568342e-03
1.873817e-02 9.019120e-03
2.310130e-02 9.493612e-03
2.848036e-02 9.993068e-03
3.511192e-02 1.051880e-02
4.328761e-02 1.107219e-02
5.336699e-02 1.165469e-02
6.579332e-02 1.226784e-02
8.111308e-02 1.291325e-02
1.000000e-01 1.359261e-02
1.232847e-01 1.430771e-02
1.519911e-01 1.506044e-02
1.873817e-01 1.585276e-02
2.310130e-01 1.668677e-02
2.848036e-01 1.756466e-02
3.511192e-01 1.848872e-02
4.328761e-01 1.946141e-02
5.336699e-01 2.048526e-02
6.579332e-01 2.156296e-02
8.111308e-01 2.269733e-02
1.000000e+00 2.389134e-02
1.232847e+00 2.514806e-02
1.519911e+00 2.647074e-02
1.873817e+00 2.786274e-02
2.310130e+00 2.932754e-02
2.848036e+00 3.086876e-02
3.511192e+00 3.249010e-02
4.328761e+00 3.419539e-02
5.336699e+00 3.598851e-02
6.579332e+00 3.787340e-02
8.111308e+00 3.985405e-02
1.000000e+01 4.193447e-02
1.232847e+01 4.411866e-02
1.519911e+01 4.641060e-02
1.873817e+01 4.881424e-02
2.310130e+01 5.133345e-02
2.848036e+01 5.397202e-02
3.511192e+01 5.673363e-02
4.328761e+01 5.962184e-02
5.336699e+01 6.264008e-02
6.579332e+01 6.579161e-02
8.111308e+01 6.907949e-02
1.000000e+02 7.250656e-02
1.232847e+02 7.607538e-02
1.519911e+02 7.978812e-02
1.873817e+02 8.364649e-02
2.310130e+02 8.765147e-02
2.848036e+02 9.180310e-02
3.511192e+02 9.610003e-02
4.328761e+02 1.005389e-01
5.336699e+02 1.051134e-01
6.579332e+02 1.098130e-01
8.111308e+02 1.146213e-01
1.000000e+03 1.195131e-01
1.232847e+03 1.244508e-01
1.519911e+03 1.293799e-01
1.873817e+03 1.342212e-01
2.310130e+03 1.388633e-01
2.848036e+03 1.431502e-01
3.511192e+03 1.468696e-01
4.328761e+03 1.497383e-01
5.336699e+03 1.513913e-01
6.579332e+03 1.513772e-01
8.111308e+03 1.491711e-01
1.000000e+04 1.442165e-01
1.232847e+04 1.360125e-01
1.519911e+04 1.242559e-01
1.873817e+04 1.090274e-01
2.310130e+04 9.097070e-02
2.848036e+04 7.136688e-02
3.511192e+04 5.199435e-02
4.328761e+04 3.473201e-02
5.336699e+04 2.101691e-02
6.579332e+04 1.141253e-02
8.111308e+04 5.540301e-03
1.000000e+05 2.416588e-03
1.232847e+05 9.612214e-04
1.519911e+05 3.562700e-04
1.873817e+05 1.258700e-04
2.310130e+05 4.319658e-05
2.848036e+05 1.459011e-05
3.511192e+05 4.888634e-06
4.328761e+05 1.631879e-06
5.336699e+05 5.438404e-07
6.579332e+05 1.811152e-07
8.111308e+05 6.030004e-08
1.000000e+06 2.007398e-08
1.232847e+06 6.682392e-09
1.519911e+06 2.224456e-09
1.873817e+06 7.404801e-10
2.310130e+06 2.464916e-10
2.848036e+06 8.205225e-11
3.511192e+06 2.731359e-11
4.328761e+06 9.092160e-12
5.336699e+06 3.026602e-12
6.579332e+06 1.007497e-12
8.111308e+06 3.353759e-13
1.000000e+07 1.116401e-13
