1.000000e-02 1.078722e-02
1.232847e-02 1.135427e-02
1.519911e-02 1.195114e-02
1.873817e-02 1.257938e-02
2.310130e-02 1.324065e-02
2.848036e-02 1.393668e-02
3.511192e-02 1.466930e-02
4.328761e-02 1.544043e-02
5.336699e-02 1.625209e-02
6.579332e-02 1.710643e-02
8.111308e-02 1.800567e-02
1.000000e-01 1.895219e-02
1.232847e-01 1.994846e-02
1.519911e-01 2.099710e-02
1.873817e-01 2.210087e-02
2.310130e-01 2.326266e-02
2.848036e-01 2.448552e-02
3.511192e-01 2.577266e-02
4.328761e-01 2.712747e-02
5.336699e-01 2.855350e-02
6.579332e-01 3.005449e-02
8.111308e-01 3.163439e-02
1.000000e+00 3.329733e-02
1.232847e+00 3.504767e-02
1.519911e+00 3.688998e-02
1.873817e+00 3.882903e-02
2.310130e+00 4.086977e-02
2.848036e+00 4.301734e-02
3.511192e+00 4.527696e-02
4.328761e+00 4.765391e-02
5.336699e+00 5.015338e-02
6.579332e+00 5.278034e-02
8.111308e+00 5.553932e-02
1.000000e+01 5.843419e-02
1.232847e+01 6.146777e-02
1.519911e+01 6.464156e-02
1.873817e+01 6.795520e-02
2.310130e+01 7.140607e-02
2.848036e+01 7.498879e-02
3.511192e+01 7.869481e-02
4.328761e+01 8.251204e-02
5.336699e+01 8.642479e-02
6.579332e+01 9.041393e-02
8.111308e+01 9.445757e-02
1.000000e+02 9.853237e-02
1.232847e+02 1.026155e-01
1.519911e+02 1.066875e-01
1.873817e+02 1.107361e-01
2.310130e+02 1.147606e-01
2.848036e+02 1.187767e-01
3.511192e+02 1.228218e-01
4.328761e+02 1.269580e-01
5.336699e+02 1.312738e-01
6.579332e+02 1.358792e-01
8.111308e+02 1.408916e-01
1.000000e+03 1.464020e-01
1.232847e+03 1.524100e-01
1.519911e+03 1.587007e-01
1.873817e+03 1.646346e-01
2.310130e+03 1.688274e-01
2.848036e+03 1.687822e-01
3.511192e+03 1.608082e-01
4.328761e+03 1.410610e-01
5.336699e+03 1.086513e-01
6.579332e+03 6.951435e-02
8.111308e+03 3.521575e-02
1.000000e+04 1.391049e-02
1.232847e+04 4.422967e-03
1.519911e+04 1.206607e-03
1.873817e+04 3.011435e-04
2.310130e+04 7.193675e-05
2.848036e+04 1.686346e-05
3.511192e+04 3.924604e-06
4.328761e+04 9.110457e-07
5.336699e+04 2.113123e-07
6.579332e+04 4.900038e-08
8.111308e+04 1.136167e-08
1.000000e+05 2.634364e-09
1.232847e+05 6.108114e-10
1.519911e+05 1.416243e-10
1.873817e+05 3.283737e-11
2.310130e+05 7.613753e-12
2.848036e+05 1.765344e-12
3.511192e+05 4.093169e-13
4.328761e+05 9.490523e-14
5.336699e+05 2.200496e-14
6.579332e+05 5.102125e-15
8.111308e+05 1.182991e-15
1.000000e+06 2.742913e-16
1.232847e+06 6.359785e-17
1.519911e+06 1.474595e-17
1.873817e+06 3.419033e-18
2.310130e+06 7.927455e-19
2.848036e+06 1.838079e-19
3.511192e+06 4.261816e-20
4.328761e+06 9.881552e-21
5.336699e+06 2.291161e-21
6.579332e+06 5.312342e-22
8.111308e+06 1.231733e-22
1.000000e+07 2.855926e-23
