1.000000e-02 6.653239e-03
1.232847e-02 7.029948e-03
1.519911e-02 7.427986e-03
1.873817e-02 7.848561e-03
2.310130e-02 8.292950e-03
2.848036e-02 8.762499e-03
3.511192e-02 9.258635e-03
4.328761e-02 9.782862e-03
5.336699e-02 1.033677e-02
6.579332e-02 1.092204e-02
8.111308e-02 1.154045e-02
1.000000e-01 1.219388e-02
1.232847e-01 1.288430e-02
1.519911e-01 1.361381e-02
1.873817e-01 1.438463e-02
2.310130e-01 1.519910e-02
2.848036e-01 1.605967e-02
3.511192e-01 1.696898e-02
4.328761e-01 1.792977e-02
5.336699e-01 1.894496e-02
6.579332e-01 2.001763e-02
8.111308e-01 2.115105e-02
1.000000e+00 2.234865e-02
1.232847e+00 2.361407e-02
1.519911e+00 2.495118e-02
1.873817e+00 2.636403e-02
2.310130e+00 2.785696e-02
2.848036e+00 2.943453e-02
3.511192e+00 3.110156e-02
4.328761e+00 3.286317e-02
5.336699e+00 3.472475e-02
6.579332e+00 3.669196e-02
8.111308e+00 3.877077e-02
1.000000e+01 4.096740e-02
1.232847e+01 4.328828e-02
1.519911e+01 4.574000e-02
1.873817e+01 4.832924e-02
2.310130e+01 5.106260e-02
2.848036e+01 5.394645e-02
3.511192e+01 5.698666e-02
4.328761e+01 6.018830e-02
5.336699e+01 6.355524e-02
6.579332e+01 6.708964e-02
8.111308e+01 7.079133e-02
1.000000e+02 7.465709e-02
1.232847e+02 7.867982e-02
1.519911e+02 8.284757e-02
1.873817e+02 8.714251e-02
2.310130e+02 9.153984e-02
2.848036e+02 9.600674e-02
3.511192e+02 1.005014e-01
4.328761e+02 1.049721e-01
5.336699e+02 1.093570e-01
6.579332e+02 1.135840e-01
8.111308e+02 1.175713e-01
1.000000e+03 1.212287e-01
1.232847e+03 1.244598e-01
1.519911e+03 1.271642e-01
1.873817e+03 1.292417e-01
2.310130e+03 1.305954e-01
2.848036e+03 1.311361e-01
3.511192e+03 1.307861e-01
4.328761e+03 1.294824e-01
5.336699e+03 1.271795e-01
6.579332e+03 1.238518e-01
8.111308e+03 1.194957e-01
1.000000e+04 1.141314e-01
1.232847e+04 1.078064e-01
1.519911e+04 1.005987e-01
1.873817e+04 9.262135e-02
2.310130e+04 8.402507e-02
2.848036e+04 7.499909e-02
3.511192e+04 6.576662e-02
4.328761e+04 5.657390e-02
5.336699e+04 4.767292e-02
6.579332e+04 3.929981e-02
8.111308e+04 3.165322e-02
1.000000e+05 2.487734e-02
1.232847e+05 1.905289e-02
1.519911e+05 1.419762e-02
1.873817e+05 1.027479e-02
2.310130e+05 7.206398e-03
2.848036e+05 4.887541e-03
3.511192e+05 3.199267e-03
4.328761e+05 2.018985e-03
5.336699e+05 1.228900e-03
6.579332e+05 7.230940e-04
8.111308e+05 4.129917e-04
1.000000e+06 2.301736e-04
1.232847e+06 1.258904e-04
1.519911e+06 6.792469e-05
1.873817e+06 3.631162e-05
2.310130e+06 1.929635e-05
2.848036e+06 1.021699e-05
3.511192e+06 5.398277e-06
4.328761e+06 2.848984e-06
5.336699e+06 1.502714e-06
6.579332e+06 7.924167e-07
8.111308e+06 4.178238e-07
1.000000e+07 2.203058e-07
