1.000000e-02 1.131271e-02
1.232847e-02 1.194757e-02
1.519911e-02 1.261805e-02
1.873817e-02 1.332616e-02
2.310130e-02 1.407401e-02
2.848036e-02 1.486383e-02
3.511192e-02 1.569797e-02
4.328761e-02 1.657892e-02
5.336699e-02 1.750931e-02
6.579332e-02 1.849191e-02
8.111308e-02 1.952966e-02
1.000000e-01 2.062564e-02
1.232847e-01 2.178313e-02
1.519911e-01 2.300557e-02
1.873817e-01 2.429662e-02
2.310130e-01 2.566012e-02
2.848036e-01 2.710013e-02
3.511192e-01 2.862096e-02
4.328761e-01 3.022712e-02
5.336699e-01 3.192338e-02
6.579332e-01 3.371477e-02
8.111308e-01 3.560652e-02
1.000000e+00 3.760410e-02
1.232847e+00 3.971313e-02
1.519911e+00 4.193933e-02
1.873817e+00 4.428843e-02
2.310130e+00 4.676595e-02
2.848036e+00 4.937711e-02
3.511192e+00 5.212644e-02
4.328761e+00 5.501754e-02
5.336699e+00 5.805265e-02
6.579332e+00 6.123210e-02
8.111308e+00 6.455382e-02
1.000000e+01 6.801268e-02
1.232847e+01 7.159977e-02
1.519911e+01 7.530171e-02
1.873817e+01 7.909995e-02
2.310130e+01 8.297012e-02
2.848036e+01 8.688156e-02
3.511192e+01 9.079704e-02
4.328761e+01 9.467277e-02
5.336699e+01 9.845880e-02
6.579332e+01 1.020999e-01
8.111308e+01 1.055366e-01
1.000000e+02 1.087075e-01
1.232847e+02 1.115504e-01
1.519911e+02 1.140054e-01
1.873817e+02 1.160170e-01
2.310130e+02 1.175358e-01
2.848036e+02 1.185207e-01
3.511192e+02 1.189400e-01
4.328761e+02 1.187714e-01
5.336699e+02 1.180023e-01
6.579332e+02 1.166282e-01
8.111308e+02 1.146520e-01
1.000000e+03 1.120821e-01
1.232847e+03 1.089311e-01
1.519911e+03 1.052152e-01
1.873817e+03 1.009535e-01
2.310130e+03 9.616903e-02
2.848036e+03 9.089056e-02
3.511192e+03 8.515492e-02
4.328761e+03 7.901064e-02
5.336699e+03 7.252154e-02
6.579332e+03 6.576972e-02
8.111308e+03 5.885709e-02
1.000000e+04 5.190401e-02
1.232847e+04 4.504467e-02
1.519911e+04 3.841890e-02
1.873817e+04 3.216151e-02
2.310130e+04 2.639101e-02
2.848036e+04 2.119968e-02
3.511192e+04 1.664708e-02
4.328761e+04 1.275790e-02
5.336699e+04 9.524113e-03
6.579332e+04 6.910372e-03
8.111308e+04 4.860958e-03
1.000000e+05 3.306659e-03
1.232847e+05 2.170719e-03
1.519911e+05 1.373839e-03
1.873817e+05 8.388680e-04
2.310130e+05 4.954962e-04
2.848036e+05 2.843736e-04
3.511192e+05 1.594390e-04
4.328761e+05 8.781611e-05
5.336699e+05 4.775305e-05
6.579332e+05 2.574167e-05
8.111308e+05 1.379736e-05
1.000000e+06 7.368824e-06
1.232847e+06 3.926924e-06
1.519911e+06 2.089999e-06
1.873817e+06 1.111517e-06
2.310130e+06 5.908873e-07
2.848036e+06 3.140461e-07
3.511192e+06 1.668897e-07
4.328761e+06 8.868268e-08
5.336699e+06 4.712327e-08
6.579332e+06 2.503956e-08
8.111308e+06 1.330504e-08
1.000000e+07 7.069774e-09
