1.000000e-02 9.801026e-03
1.232847e-02 1.033731e-02
1.519911e-02 1.090295e-02
1.873817e-02 1.149953e-02
2.310130e-02 1.212875e-02
2.848036e-02 1.279241e-02
3.511192e-02 1.349237e-02
4.328761e-02 1.423064e-02
5.336699e-02 1.500931e-02
6.579332e-02 1.583058e-02
8.111308e-02 1.669679e-02
1.000000e-01 1.761040e-02
1.232847e-01 1.857399e-02
1.519911e-01 1.959031e-02
1.873817e-01 2.066225e-02
2.310130e-01 2.179283e-02
2.848036e-01 2.298528e-02
3.511192e-01 2.424298e-02
4.328761e-01 2.556949e-02
5.336699e-01 2.696859e-02
6.579332e-01 2.844424e-02
8.111308e-01 3.000062e-02
1.000000e+00 3.164214e-02
1.232847e+00 3.337345e-02
1.519911e+00 3.519941e-02
1.873817e+00 3.712512e-02
2.310130e+00 3.915592e-02
2.848036e+00 4.129734e-02
3.511192e+00 4.355509e-02
4.328761e+00 4.593501e-02
5.336699e+00 4.844297e-02
6.579332e+00 5.108477e-02
8.111308e+00 5.386597e-02
1.000000e+01 5.679171e-02
1.232847e+01 5.986639e-02
1.519911e+01 6.309333e-02
1.873817e+01 6.647432e-02
2.310130e+01 7.000908e-02
2.848036e+01 7.369453e-02
3.511192e+01 7.752406e-02
4.328761e+01 8.148660e-02
5.336699e+01 8.556560e-02
6.579332e+01 8.973796e-02
8.111308e+01 9.397295e-02
1.000000e+02 9.823114e-02
1.232847e+02 1.024636e-01
1.519911e+02 1.066113e-01
1.873817e+02 1.106051e-01
2.310130e+02 1.143660e-01
2.848036e+02 1.178071e-01
3.511192e+02 1.208350e-01
4.328761e+02 1.233538e-01
5.336699e+02 1.252688e-01
6.579332e+02 1.264917e-01
8.111308e+02 1.269458e-01
1.000000e+03 1.265708e-01
1.232847e+03 1.253278e-01
1.519911e+03 1.232019e-01
1.873817e+03 1.202034e-01
2.310130e+03 1.163670e-01
2.848036e+03 1.117478e-01
3.511192e+03 1.064164e-01
4.328761e+03 1.004520e-01
5.336699e+03 9.393606e-02
6.579332e+03 8.694677e-02
8.111308e+03 7.955716e-02
1.000000e+04 7.183689e-02
1.232847e+04 6.385918e-02
1.519911e+04 5.571253e-02
1.873817e+04 4.751505e-02
2.310130e+04 3.942728e-02
2.848036e+04 3.165639e-02
3.511192e+04 2.444449e-02
4.328761e+04 1.803744e-02
5.336699e+04 1.263838e-02
6.579332e+04 8.360544e-03
8.111308e+04 5.198207e-03
1.000000e+05 3.030400e-03
1.232847e+05 1.657307e-03
1.519911e+05 8.537652e-04
1.873817e+05 4.174475e-04
2.310130e+05 1.956852e-04
2.848036e+05 8.889702e-05
3.511192e+05 3.952270e-05
4.328761e+05 1.733075e-05
5.336699e+05 7.537043e-06
6.579332e+05 3.262521e-06
8.111308e+05 1.408669e-06
1.000000e+06 6.074294e-07
1.232847e+06 2.617566e-07
1.519911e+06 1.127614e-07
1.873817e+06 4.856880e-08
2.310130e+06 2.091816e-08
2.848036e+06 9.008980e-09
3.511192e+06 3.879909e-09
4.328761e+06 1.670955e-09
5.336699e+06 7.196262e-10
6.579332e+06 3.099194e-10
8.111308e+06 1.334721e-10
1.000000e+07 5.748203e-11
