1.000000e-02 1.913556e-02
1.232847e-02 2.017239e-02
1.519911e-02 2.126540e-02
1.873817e-02 2.241763e-02
2.310130e-02 2.363230e-02
2.848036e-02 2.491278e-02
3.511192e-02 2.626264e-02
4.328761e-02 2.768565e-02
5.336699e-02 2.918575e-02
6.579332e-02 3.076714e-02
8.111308e-02 3.243421e-02
1.000000e-01 3.419161e-02
1.232847e-01 3.604423e-02
1.519911e-01 3.799723e-02
1.873817e-01 4.005605e-02
2.310130e-01 4.222643e-02
2.848036e-01 4.451441e-02
3.511192e-01 4.692637e-02
4.328761e-01 4.946904e-02
5.336699e-01 5.214956e-02
6.579332e-01 5.497547e-02
8.111308e-01 5.795482e-02
1.000000e+00 6.109616e-02
1.232847e+00 6.440865e-02
1.519911e+00 6.790199e-02
1.873817e+00 7.158644e-02
2.310130e+00 7.547257e-02
2.848036e+00 7.957092e-02
3.511192e+00 8.389132e-02
4.328761e+00 8.844183e-02
5.336699e+00 9.322714e-02
6.579332e+00 9.824622e-02
8.111308e+00 1.034892e-01
1.000000e+01 1.089331e-01
1.232847e+01 1.145364e-01
1.519911e+01 1.202330e-01
1.873817e+01 1.259241e-01
2.310130e+01 1.314713e-01
2.848036e+01 1.366888e-01
3.511192e+01 1.413394e-01
4.328761e+01 1.451340e-01
5.336699e+01 1.477396e-01
6.579332e+01 1.487977e-01
8.111308e+01 1.479555e-01
1.000000e+02 1.449107e-01
1.232847e+02 1.394652e-01
1.519911e+02 1.315803e-01
1.873817e+02 1.214197e-01
2.310130e+02 1.093652e-01
2.848036e+02 9.599372e-02
3.511192e+02 8.201321e-02
4.328761e+02 6.816694e-02
5.336699e+02 5.512874e-02
6.579332e+02 4.341564e-02
8.111308e+02 3.333914e-02
1.000000e+03 2.500273e-02
1.232847e+03 1.833800e-02
1.519911e+03 1.316207e-02
1.873817e+03 9.237419e-03
2.310130e+03 6.320580e-03
2.848036e+03 4.193311e-03
3.511192e+03 2.676145e-03
4.328761e+03 1.627741e-03
5.336699e+03 9.356715e-04
6.579332e+03 5.059139e-04
8.111308e+03 2.576139e-04
1.000000e+04 1.244356e-04
1.232847e+04 5.765322e-05
1.519911e+04 2.592785e-05
1.873817e+04 1.143505e-05
2.310130e+04 4.983812e-06
2.848036e+04 2.157475e-06
3.511192e+04 9.305434e-07
4.328761e+04 4.005895e-07
5.336699e+04 1.722849e-07
6.579332e+04 7.406149e-08
8.111308e+04 3.183033e-08
1.000000e+05 1.367870e-08
1.232847e+05 5.877977e-09
1.519911e+05 2.525814e-09
1.873817e+05 1.085352e-09
2.310130e+05 4.663782e-10
2.848036e+05 2.004033e-10
3.511192e+05 8.611346e-11
4.328761e+05 3.700302e-11
5.336699e+05 1.590022e-11
6.579332e+05 6.832335e-12
8.111308e+05 2.935858e-12
1.000000e+06 1.261540e-12
1.232847e+06 5.420845e-13
1.519911e+06 2.329340e-13
1.873817e+06 1.000919e-13
2.310130e+06 4.300955e-14
2.848036e+06 1.848123e-14
3.511192e+06 7.941395e-15
4.328761e+06 3.412422e-15
5.336699e+06 1.466320e-15
6.579332e+06 6.300785e-16
8.111308e+06 2.707451e-16
1.000000e+07 1.163393e-16
