1.000000e-02 5.164937e-02
1.232847e-02 5.240877e-02
1.519911e-02 5.317934e-02
1.873817e-02 5.396124e-02
2.310130e-02 5.475463e-02
2.848036e-02 5.555969e-02
3.511192e-02 5.637659e-02
4.328761e-02 5.720549e-02
5.336699e-02 5.804659e-02
6.579332e-02 5.890005e-02
8.111308e-02 5.976606e-02
1.000000e-01 6.064480e-02
1.232847e-01 6.153646e-02
1.519911e-01 6.244123e-02
1.873817e-01 6.335931e-02
2.310130e-01 6.429088e-02
2.848036e-01 6.523612e-02
3.511192e-01 6.619518e-02
4.328761e-01 6.716814e-02
5.336699e-01 6.815487e-02
6.579332e-01 6.915494e-02
8.111308e-01 7.016742e-02
1.000000e+00 7.119057e-02
1.232847e+00 7.222160e-02
1.519911e+00 7.325631e-02
1.873817e+00 7.428882e-02
2.310130e+00 7.531134e-02
2.848036e+00 7.631397e-02
3.511192e+00 7.728473e-02
4.328761e+00 7.820967e-02
5.336699e+00 7.907323e-02
6.579332e+00 7.985877e-02
8.111308e+00 8.054930e-02
1.000000e+01 8.112837e-02
1.232847e+01 8.158108e-02
1.519911e+01 8.189514e-02
1.873817e+01 8.206191e-02
2.310130e+01 8.207721e-02
2.848036e+01 8.194204e-02
3.511192e+01 8.166289e-02
4.328761e+01 8.125174e-02
5.336699e+01 8.072568e-02
6.579332e+01 8.010622e-02
8.111308e+01 7.941821e-02
1.000000e+02 7.868863e-02
1.232847e+02 7.794521e-02
1.519911e+02 7.721492e-02
1.873817e+02 7.652261e-02
2.310130e+02 7.588949e-02
2.848036e+02 7.533187e-02
3.511192e+02 7.485984e-02
4.328761e+02 7.447597e-02
5.336699e+02 7.417409e-02
6.579332e+02 7.393805e-02
8.111308e+02 7.374047e-02
1.000000e+03 7.354169e-02
1.232847e+03 7.328886e-02
1.519911e+03 7.291567e-02
1.873817e+03 7.234272e-02
2.310130e+03 7.147927e-02
2.848036e+03 7.022667e-02
3.511192e+03 6.848409e-02
4.328761e+03 6.615676e-02
5.336699e+03 6.316688e-02
6.579332e+03 5.946649e-02
8.111308e+03 5.505095e-02
1.000000e+04 4.997096e-02
1.232847e+04 4.434001e-02
1.519911e+04 3.833404e-02
1.873817e+04 3.218055e-02
2.310130e+04 2.613660e-02
2.848036e+04 2.045859e-02
3.511192e+04 1.536951e-02
4.328761e+04 1.103108e-02
5.336699e+04 7.526605e-03
6.579332e+04 4.857335e-03
8.111308e+04 2.951530e-03
1.000000e+05 1.683962e-03
1.232847e+05 9.024495e-04
1.519911e+05 4.563683e-04
1.873817e+05 2.196494e-04
2.310130e+05 1.017188e-04
2.848036e+05 4.582632e-05
3.511192e+05 2.027449e-05
4.328761e+05 8.870540e-06
5.336699e+05 3.856193e-06
6.579332e+05 1.670462e-06
8.111308e+05 7.222879e-07
1.000000e+06 3.120158e-07
1.232847e+06 1.347232e-07
1.519911e+06 5.815832e-08
1.873817e+06 2.510362e-08
2.310130e+06 1.083527e-08
2.848036e+06 4.676641e-09
3.511192e+06 2.018478e-09
4.328761e+06 8.711889e-10
5.336699e+06 3.760104e-10
6.579332e+06 1.622883e-10
8.111308e+06 7.004455e-11
1.000000e+07 3.023163e-11
