1.000000e-02 7.010216e-03
1.232847e-02 7.407387e-03
1.519911e-02 7.827060e-03
1.873817e-02 8.270509e-03
2.310130e-02 8.739083e-03
2.848036e-02 9.234205e-03
3.511192e-02 9.757378e-03
4.328761e-02 1.031019e-02
5.336699e-02 1.089433e-02
6.579332e-02 1.151155e-02
8.111308e-02 1.216375e-02
1.000000e-01 1.285290e-02
1.232847e-01 1.358110e-02
1.519911e-01 1.435055e-02
1.873817e-01 1.516359e-02
2.310130e-01 1.602270e-02
2.848036e-01 1.693048e-02
3.511192e-01 1.788970e-02
4.328761e-01 1.890325e-02
5.336699e-01 1.997423e-02
6.579332e-01 2.110589e-02
8.111308e-01 2.230165e-02
1.000000e+00 2.356515e-02
1.232847e+00 2.490020e-02
1.519911e+00 2.631083e-02
1.873817e+00 2.780128e-02
2.310130e+00 2.937601e-02
2.848036e+00 3.103967e-02
3.511192e+00 3.279715e-02
4.328761e+00 3.465350e-02
5.336699e+00 3.661397e-02
6.579332e+00 3.868393e-02
8.111308e+00 4.086887e-02
1.000000e+01 4.317428e-02
1.232847e+01 4.560559e-02
1.519911e+01 4.816804e-02
1.873817e+01 5.086653e-02
2.310130e+01 5.370541e-02
2.848036e+01 5.668822e-02
3.511192e+01 5.981741e-02
4.328761e+01 6.309392e-02
5.336699e+01 6.651677e-02
6.579332e+01 7.008253e-02
8.111308e+01 7.378472e-02
1.000000e+02 7.761317e-02
1.232847e+02 8.155328e-02
1.519911e+02 8.558533e-02
1.873817e+02 8.968370e-02
2.310130e+02 9.381627e-02
2.848036e+02 9.794378e-02
3.511192e+02 1.020195e-01
4.328761e+02 1.059892e-01
5.336699e+02 1.097912e-01
6.579332e+02 1.133572e-01
8.111308e+02 1.166134e-01
1.000000e+03 1.194818e-01
1.232847e+03 1.218829e-01
1.519911e+03 1.237373e-01
1.873817e+03 1.249691e-01
2.310130e+03 1.255085e-01
2.848036e+03 1.252943e-01
3.511192e+03 1.242768e-01
4.328761e+03 1.224200e-01
5.336699e+03 1.197038e-01
6.579332e+03 1.161257e-01
8.111308e+03 1.117026e-01
1.000000e+04 1.064719e-01
1.232847e+04 1.004925e-01
1.519911e+04 9.384568e-02
1.873817e+04 8.663482e-02
2.310130e+04 7.898507e-02
2.848036e+04 7.104131e-02
3.511192e+04 6.296472e-02
4.328761e+04 5.492717e-02
5.336699e+04 4.710344e-02
6.579332e+04 3.966124e-02
8.111308e+04 3.274996e-02
1.000000e+05 2.648981e-02
1.232847e+05 2.096332e-02
1.519911e+05 1.621123e-02
1.873817e+05 1.223341e-02
2.310130e+05 8.994407e-03
2.848036e+05 6.431782e-03
3.511192e+05 4.465310e-03
4.328761e+05 3.005278e-03
5.336699e+05 1.959316e-03
6.579332e+05 1.237990e-03
8.111308e+05 7.596052e-04
1.000000e+06 4.541603e-04
1.232847e+06 2.657684e-04
1.519911e+06 1.529458e-04
1.873817e+06 8.694713e-05
2.310130e+06 4.901195e-05
2.848036e+06 2.747614e-05
3.511192e+06 1.535114e-05
4.328761e+06 8.560197e-06
5.336699e+06 4.768541e-06
6.579332e+06 2.655125e-06
8.111308e+06 1.478128e-06
1.000000e+07 8.228583e-07
