1.000000e-02 4.195669e-03
1.232847e-02 4.465886e-03
1.519911e-02 4.753506e-03
1.873817e-02 5.059651e-03
2.310130e-02 5.385512e-03
2.848036e-02 5.732359e-03
3.511192e-02 6.101546e-03
4.328761e-02 6.494509e-03
5.336699e-02 6.912780e-03
6.579332e-02 7.357990e-03
8.111308e-02 7.831873e-03
1.000000e-01 8.336276e-03
1.232847e-01 8.873165e-03
1.519911e-01 9.444631e-03
1.873817e-01 1.005290e-02
2.310130e-01 1.070035e-02
2.848036e-01 1.138949e-02
3.511192e-01 1.212302e-02
4.328761e-01 1.290379e-02
5.336699e-01 1.373486e-02
6.579332e-01 1.461947e-02
8.111308e-01 1.556109e-02
1.000000e+00 1.656343e-02
1.232847e+00 1.763049e-02
1.519911e+00 1.876654e-02
1.873817e+00 1.997622e-02
2.310130e+00 2.126456e-02
2.848036e+00 2.263704e-02
3.511192e+00 2.409966e-02
4.328761e+00 2.565900e-02
5.336699e+00 2.732232e-02
6.579332e+00 2.909759e-02
8.111308e+00 3.099360e-02
1.000000e+01 3.301996e-02
1.232847e+01 3.518714e-02
1.519911e+01 3.750642e-02
1.873817e+01 3.998978e-02
2.310130e+01 4.264967e-02
2.848036e+01 4.549863e-02
3.511192e+01 4.854879e-02
4.328761e+01 5.181107e-02
5.336699e+01 5.529409e-02
6.579332e+01 5.900287e-02
8.111308e+01 6.293702e-02
1.000000e+02 6.708868e-02
1.232847e+02 7.144013e-02
1.519911e+02 7.596127e-02
1.873817e+02 8.060709e-02
2.310130e+02 8.531576e-02
2.848036e+02 9.000756e-02
3.511192e+02 9.458563e-02
4.328761e+02 9.893902e-02
5.336699e+02 1.029487e-01
6.579332e+02 1.064967e-01
8.111308e+02 1.094788e-01
1.000000e+03 1.118184e-01
1.232847e+03 1.134812e-01
1.519911e+03 1.144880e-01
1.873817e+03 1.149232e-01
2.310130e+03 1.149378e-01
2.848036e+03 1.147458e-01
3.511192e+03 1.146163e-01
4.328761e+03 1.148621e-01
5.336699e+03 1.158273e-01
6.579332e+03 1.178719e-01
8.111308e+03 1.213509e-01
1.000000e+04 1.265688e-01
1.232847e+04 1.336813e-01
1.519911e+04 1.424862e-01
1.873817e+04 1.520316e-01
2.310130e+04 1.600143e-01
2.848036e+04 1.622085e-01
3.511192e+04 1.528576e-01
4.328761e+04 1.276566e-01
5.336699e+04 8.931401e-02
6.579332e+04 4.969666e-02
8.111308e+04 2.142462e-02
1.000000e+05 7.287022e-03
1.232847e+05 2.070372e-03
1.519911e+05 5.258585e-04
1.873817e+05 1.259552e-04
2.310130e+05 2.937963e-05
2.848036e+05 6.780502e-06
3.511192e+05 1.558849e-06
4.328761e+05 3.579210e-07
5.336699e+05 8.214784e-08
6.579332e+05 1.885184e-08
8.111308e+05 4.326101e-09
1.000000e+06 9.927406e-10
1.232847e+06 2.278106e-10
1.519911e+06 5.227712e-11
1.873817e+06 1.199636e-11
2.310130e+06 2.752879e-12
2.848036e+06 6.317203e-13
3.511192e+06 1.449648e-13
4.328761e+06 3.326597e-14
5.336699e+06 7.633751e-15
6.579332e+06 1.751764e-15
8.111308e+06 4.019883e-16
1.000000e+07 9.224676e-17
