1.000000e-02 5.459257e-03
1.232847e-02 5.826256e-03
1.519911e-02 6.217927e-03
1.873817e-02 6.635929e-03
2.310130e-02 7.082030e-03
2.848036e-02 7.558121e-03
3.511192e-02 8.066217e-03
4.328761e-02 8.608470e-03
5.336699e-02 9.187176e-03
6.579332e-02 9.804786e-03
8.111308e-02 1.046391e-02
1.000000e-01 1.116735e-02
1.232847e-01 1.191808e-02
1.519911e-01 1.271928e-02
1.873817e-01 1.357433e-02
2.310130e-01 1.448687e-02
2.848036e-01 1.546075e-02
3.511192e-01 1.650011e-02
4.328761e-01 1.760934e-02
5.336699e-01 1.879317e-02
6.579332e-01 2.005662e-02
8.111308e-01 2.140513e-02
1.000000e+00 2.284452e-02
1.232847e+00 2.438110e-02
1.519911e+00 2.602173e-02
1.873817e+00 2.777391e-02
2.310130e+00 2.964588e-02
2.848036e+00 3.164674e-02
3.511192e+00 3.378655e-02
4.328761e+00 3.607647e-02
5.336699e+00 3.852882e-02
6.579332e+00 4.115711e-02
8.111308e+00 4.397600e-02
1.000000e+01 4.700110e-02
1.232847e+01 5.024860e-02
1.519911e+01 5.373460e-02
1.873817e+01 5.747408e-02
2.310130e+01 6.147940e-02
2.848036e+01 6.575821e-02
3.511192e+01 7.031061e-02
4.328761e+01 7.512554e-02
5.336699e+01 8.017641e-02
6.579332e+01 8.541602e-02
8.111308e+01 9.077125e-02
1.000000e+02 9.613820e-02
1.232847e+02 1.013789e-01
1.519911e+02 1.063209e-01
1.873817e+02 1.107624e-01
2.310130e+02 1.144825e-01
2.848036e+02 1.172610e-01
3.511192e+02 1.189034e-01
4.328761e+02 1.192706e-01
5.336699e+02 1.183087e-01
6.579332e+02 1.160702e-01
8.111308e+02 1.127222e-01
1.000000e+03 1.085385e-01
1.232847e+03 1.038749e-01
1.519911e+03 9.913606e-02
1.873817e+03 9.474087e-02
2.310130e+03 9.109767e-02
2.848036e+03 8.859337e-02
3.511192e+03 8.759851e-02
4.328761e+03 8.848206e-02
5.336699e+03 9.162088e-02
6.579332e+03 9.737095e-02
8.111308e+03 1.059323e-01
1.000000e+04 1.169809e-01
1.232847e+04 1.289028e-01
1.519911e+04 1.376697e-01
1.873817e+04 1.363731e-01
2.310130e+04 1.181795e-01
2.848036e+04 8.409327e-02
3.511192e+04 4.696807e-02
4.328761e+04 2.060633e-02
5.336699e+04 7.481691e-03
6.579332e+04 2.424917e-03
8.111308e+04 7.484448e-04
1.000000e+05 2.285570e-04
1.232847e+05 7.013635e-05
1.519911e+05 2.168935e-05
1.873817e+05 6.747159e-06
2.310130e+05 2.106298e-06
2.848036e+05 6.587121e-07
3.511192e+05 2.061711e-07
4.328761e+05 6.455223e-08
5.336699e+05 2.021413e-08
6.579332e+05 6.330263e-09
8.111308e+05 1.982426e-09
1.000000e+06 6.208333e-10
1.232847e+06 1.944259e-10
1.519911e+06 6.088829e-11
1.873817e+06 1.906836e-11
2.310130e+06 5.971633e-12
2.848036e+06 1.870134e-12
3.511192e+06 5.856694e-13
4.328761e+06 1.834139e-13
5.336699e+06 5.743967e-14
6.579332e+06 1.798836e-14
8.111308e+06 5.633410e-15
1.000000e+07 1.764213e-15
