1.000000e-02 3.050168e-02
1.232847e-02 3.176038e-02
1.519911e-02 3.307101e-02
1.873817e-02 3.443574e-02
2.310130e-02 3.585678e-02
2.848036e-02 3.733646e-02
3.511192e-02 3.887720e-02
4.328761e-02 4.048153e-02
5.336699e-02 4.215206e-02
6.579332e-02 4.389152e-02
8.111308e-02 4.570277e-02
1.000000e-01 4.758876e-02
1.232847e-01 4.955258e-02
1.519911e-01 5.159744e-02
1.873817e-01 5.372669e-02
2.310130e-01 5.594379e-02
2.848036e-01 5.825238e-02
3.511192e-01 6.065619e-02
4.328761e-01 6.315906e-02
5.336699e-01 6.576486e-02
6.579332e-01 6.847736e-02
8.111308e-01 7.129999e-02
1.000000e+00 7.423554e-02
1.232847e+00 7.728566e-02
1.519911e+00 8.045021e-02
1.873817e+00 8.372644e-02
2.310130e+00 8.710797e-02
2.848036e+00 9.058356e-02
3.511192e+00 9.413578e-02
4.328761e+00 9.773951e-02
5.336699e+00 1.013604e-01
6.579332e+00 1.049537e-01
8.111308e+00 1.084627e-01
1.000000e+01 1.118183e-01
1.232847e+01 1.149392e-01
1.519911e+01 1.177324e-01
1.873817e+01 1.200959e-01
2.310130e+01 1.219216e-01
2.848036e+01 1.231005e-01
3.511192e+01 1.235290e-01
4.328761e+01 1.231153e-01
5.336699e+01 1.217878e-01
6.579332e+01 1.195013e-01
8.111308e+01 1.162436e-01
1.000000e+02 1.120385e-01
1.232847e+02 1.069478e-01
1.519911e+02 1.010685e-01
1.873817e+02 9.452845e-02
2.310130e+02 8.747910e-02
2.848036e+02 8.008641e-02
3.511192e+02 7.252132e-02
4.328761e+02 6.495042e-02
5.336699e+02 5.752757e-02
6.579332e+02 5.038741e-02
8.111308e+02 4.364083e-02
1.000000e+03 3.737278e-02
1.232847e+03 3.164199e-02
1.519911e+03 2.648243e-02
1.873817e+03 2.190586e-02
2.310130e+03 1.790514e-02
2.848036e+03 1.445772e-02
3.511192e+03 1.152913e-02
4.328761e+03 9.076227e-03
5.336699e+03 7.050272e-03
6.579332e+03 5.399812e-03
8.111308e+03 4.073305e-03
1.000000e+04 3.021420e-03
1.232847e+04 2.198812e-03
1.519911e+04 1.565249e-03
1.873817e+04 1.085996e-03
2.310130e+04 7.315118e-04
2.848036e+04 4.766442e-04
3.511192e+04 2.996922e-04
4.328761e+04 1.817382e-04
5.336699e+04 1.064956e-04
6.579332e+04 6.054884e-05
8.111308e+04 3.358491e-05
1.000000e+05 1.827993e-05
1.232847e+05 9.815354e-06
1.519911e+05 5.221800e-06
1.873817e+05 2.761353e-06
2.310130e+05 1.454752e-06
2.848036e+05 7.646545e-07
3.511192e+05 4.013814e-07
4.328761e+05 2.105290e-07
5.336699e+05 1.103761e-07
6.579332e+05 5.785379e-08
8.111308e+05 3.032002e-08
1.000000e+06 1.588894e-08
1.232847e+06 8.326128e-09
1.519911e+06 4.362967e-09
1.873817e+06 2.286208e-09
2.310130e+06 1.197973e-09
2.848036e+06 6.277359e-10
3.511192e+06 3.289321e-10
4.328761e+06 1.723595e-10
5.336699e+06 9.031584e-11
6.579332e+06 4.732522e-11
8.111308e+06 2.479827e-11
1.000000e+07 1.299421e-11
