1.000000e-02 7.964294e-03
1.232847e-02 8.387358e-03
1.519911e-02 8.832895e-03
1.873817e-02 9.302099e-03
2.310130e-02 9.796228e-03
2.848036e-02 1.031660e-02
3.511192e-02 1.086462e-02
4.328761e-02 1.144175e-02
5.336699e-02 1.204954e-02
6.579332e-02 1.268961e-02
8.111308e-02 1.336369e-02
1.000000e-01 1.407357e-02
1.232847e-01 1.482116e-02
1.519911e-01 1.560846e-02
1.873817e-01 1.643758e-02
2.310130e-01 1.731075e-02
2.848036e-01 1.823030e-02
3.511192e-01 1.919869e-02
4.328761e-01 2.021853e-02
5.336699e-01 2.129254e-02
6.579332e-01 2.242360e-02
8.111308e-01 2.361474e-02
1.000000e+00 2.486914e-02
1.232847e+00 2.619016e-02
1.519911e+00 2.758134e-02
1.873817e+00 2.904637e-02
2.310130e+00 3.058918e-02
2.848036e+00 3.221385e-02
3.511192e+00 3.392471e-02
4.328761e+00 3.572628e-02
5.336699e+00 3.762331e-02
6.579332e+00 3.962079e-02
8.111308e+00 4.172392e-02
1.000000e+01 4.393813e-02
1.232847e+01 4.626906e-02
1.519911e+01 4.872252e-02
1.873817e+01 5.130449e-02
2.310130e+01 5.402101e-02
2.848036e+01 5.687809e-02
3.511192e+01 5.988163e-02
4.328761e+01 6.303718e-02
5.336699e+01 6.634978e-02
6.579332e+01 6.982359e-02
8.111308e+01 7.346161e-02
1.000000e+02 7.726513e-02
1.232847e+02 8.123325e-02
1.519911e+02 8.536215e-02
1.873817e+02 8.964436e-02
2.310130e+02 9.406781e-02
2.848036e+02 9.861486e-02
3.511192e+02 1.032611e-01
4.328761e+02 1.079742e-01
5.336699e+02 1.127123e-01
6.579332e+02 1.174230e-01
8.111308e+02 1.220414e-01
1.000000e+03 1.264885e-01
1.232847e+03 1.306694e-01
1.519911e+03 1.344715e-01
1.873817e+03 1.377622e-01
2.310130e+03 1.403867e-01
2.848036e+03 1.421669e-01
3.511192e+03 1.429004e-01
4.328761e+03 1.423631e-01
5.336699e+03 1.403163e-01
6.579332e+03 1.365206e-01
8.111308e+03 1.307619e-01
1.000000e+04 1.228903e-01
1.232847e+04 1.128733e-01
1.519911e+04 1.008579e-01
1.873817e+04 8.722441e-02
2.310130e+04 7.260786e-02
2.848036e+04 5.785490e-02
3.511192e+04 4.390177e-02
4.328761e+04 3.159285e-02
5.336699e+04 2.150094e-02
6.579332e+04 1.382492e-02
8.111308e+04 8.406665e-03
1.000000e+05 4.848162e-03
1.232847e+05 2.663573e-03
1.519911e+05 1.402096e-03
1.873817e+05 7.118326e-04
2.310130e+05 3.509877e-04
2.848036e+05 1.692327e-04
3.511192e+05 8.028462e-05
4.328761e+05 3.766678e-05
5.336699e+05 1.754532e-05
6.579332e+05 8.136580e-06
8.111308e+05 3.763507e-06
1.000000e+06 1.738225e-06
1.232847e+06 8.021797e-07
1.519911e+06 3.700444e-07
1.873817e+06 1.706639e-07
2.310130e+06 7.870133e-08
2.848036e+06 3.629103e-08
3.511192e+06 1.673422e-08
4.328761e+06 7.716258e-09
5.336699e+06 3.557999e-09
6.579332e+06 1.640605e-09
8.111308e+06 7.564878e-10
1.000000e+07 3.488188e-10
