1.000000e-02 1.086575e-02
1.232847e-02 1.139105e-02
1.519911e-02 1.194175e-02
1.873817e-02 1.251907e-02
2.310130e-02 1.312431e-02
2.848036e-02 1.375880e-02
3.511192e-02 1.442397e-02
4.328761e-02 1.512130e-02
5.336699e-02 1.585233e-02
6.579332e-02 1.661871e-02
8.111308e-02 1.742214e-02
1.000000e-01 1.826442e-02
1.232847e-01 1.914741e-02
1.519911e-01 2.007309e-02
1.873817e-01 2.104352e-02
2.310130e-01 2.206087e-02
2.848036e-01 2.312740e-02
3.511192e-01 2.424549e-02
4.328761e-01 2.541762e-02
5.336699e-01 2.664639e-02
6.579332e-01 2.793449e-02
8.111308e-01 2.928472e-02
1.000000e+00 3.069992e-02
1.232847e+00 3.218299e-02
1.519911e+00 3.373680e-02
1.873817e+00 3.536413e-02
2.310130e+00 3.706761e-02
2.848036e+00 3.884961e-02
3.511192e+00 4.071213e-02
4.328761e+00 4.265668e-02
5.336699e+00 4.468419e-02
6.579332e+00 4.679486e-02
8.111308e+00 4.898813e-02
1.000000e+01 5.126258e-02
1.232847e+01 5.361600e-02
1.519911e+01 5.604546e-02
1.873817e+01 5.854758e-02
2.310130e+01 6.111883e-02
2.848036e+01 6.375610e-02
3.511192e+01 6.645740e-02
4.328761e+01 6.922280e-02
5.336699e+01 7.205555e-02
6.579332e+01 7.496345e-02
8.111308e+01 7.796037e-02
1.000000e+02 8.106797e-02
1.232847e+02 8.431754e-02
1.519911e+02 8.775189e-02
1.873817e+02 9.142719e-02
2.310130e+02 9.541479e-02
2.848036e+02 9.980251e-02
3.511192e+02 1.046953e-01
4.328761e+02 1.102143e-01
5.336699e+02 1.164932e-01
6.579332e+02 1.236695e-01
8.111308e+02 1.318664e-01
1.000000e+03 1.411589e-01
1.232847e+03 1.515145e-01
1.519911e+03 1.626948e-01
1.873817e+03 1.741064e-01
2.310130e+03 1.846041e-01
2.848036e+03 1.922962e-01
3.511192e+03 1.944999e-01
4.328761e+03 1.881328e-01
5.336699e+03 1.708446e-01
6.579332e+03 1.427776e-01
8.111308e+03 1.078439e-01
1.000000e+04 7.280147e-02
1.232847e+04 4.394602e-02
1.519911e+04 2.406523e-02
1.873817e+04 1.226979e-02
2.310130e+04 6.011569e-03
2.848036e+04 2.917713e-03
3.511192e+04 1.436940e-03
4.328761e+04 7.291273e-04
5.336699e+04 3.836894e-04
6.579332e+04 2.093016e-04
8.111308e+04 1.177664e-04
1.000000e+05 6.787004e-05
1.232847e+05 3.977882e-05
1.519911e+05 2.356808e-05
1.873817e+05 1.405230e-05
2.310130e+05 8.406634e-06
2.848036e+05 5.036907e-06
3.511192e+05 3.019567e-06
4.328761e+05 1.810330e-06
5.336699e+05 1.085225e-06
6.579332e+05 6.504430e-07
8.111308e+05 3.897908e-07
1.000000e+06 2.335613e-07
1.232847e+06 1.399367e-07
1.519911e+06 8.383707e-08
1.873817e+06 5.022538e-08
2.310130e+06 3.008843e-08
2.848036e+06 1.802475e-08
3.511192e+06 1.079780e-08
4.328761e+06 6.468428e-09
5.336699e+06 3.874907e-09
6.579332e+06 2.321258e-09
8.111308e+06 1.390546e-09
1.000000e+07 8.330041e-10
