1.000000e-02 5.626238e-03
1.232847e-02 5.937162e-03
1.519911e-02 6.265270e-03
1.873817e-02 6.611509e-03
2.310130e-02 6.976883e-03
2.848036e-02 7.362449e-03
3.511192e-02 7.769322e-03
4.328761e-02 8.198681e-03
5.336699e-02 8.651767e-03
6.579332e-02 9.129892e-03
8.111308e-02 9.634440e-03
1.000000e-01 1.016687e-02
1.232847e-01 1.072873e-02
1.519911e-01 1.132163e-02
1.873817e-01 1.194730e-02
2.310130e-01 1.260755e-02
2.848036e-01 1.330428e-02
3.511192e-01 1.403952e-02
4.328761e-01 1.481539e-02
5.336699e-01 1.563413e-02
6.579332e-01 1.649811e-02
8.111308e-01 1.740982e-02
1.000000e+00 1.837188e-02
1.232847e+00 1.938704e-02
1.519911e+00 2.045817e-02
1.873817e+00 2.158831e-02
2.310130e+00 2.278059e-02
2.848036e+00 2.403828e-02
3.511192e+00 2.536477e-02
4.328761e+00 2.676352e-02
5.336699e+00 2.823814e-02
6.579332e+00 2.979227e-02
8.111308e+00 3.142962e-02
1.000000e+01 3.315396e-02
1.232847e+01 3.496905e-02
1.519911e+01 3.687868e-02
1.873817e+01 3.888659e-02
2.310130e+01 4.099649e-02
2.848036e+01 4.321205e-02
3.511192e+01 4.553686e-02
4.328761e+01 4.797446e-02
5.336699e+01 5.052832e-02
6.579332e+01 5.320191e-02
8.111308e+01 5.599872e-02
1.000000e+02 5.892237e-02
1.232847e+02 6.197667e-02
1.519911e+02 6.516582e-02
1.873817e+02 6.849457e-02
2.310130e+02 7.196848e-02
2.848036e+02 7.559418e-02
3.511192e+02 7.937965e-02
4.328761e+02 8.333462e-02
5.336699e+02 8.747075e-02
6.579332e+02 9.180192e-02
8.111308e+02 9.634416e-02
1.000000e+03 1.011153e-01
1.232847e+03 1.061341e-01
1.519911e+03 1.114181e-01
1.873817e+03 1.169806e-01
2.310130e+03 1.228249e-01
2.848036e+03 1.289362e-01
3.511192e+03 1.352685e-01
4.328761e+03 1.417267e-01
5.336699e+03 1.481421e-01
6.579332e+03 1.542417e-01
8.111308e+03 1.596138e-01
1.000000e+04 1.636780e-01
1.232847e+04 1.656759e-01
1.519911e+04 1.647095e-01
1.873817e+04 1.598581e-01
2.310130e+04 1.503988e-01
2.848036e+04 1.361098e-01
3.511192e+04 1.175589e-01
4.328761e+04 9.621035e-02
5.336699e+04 7.419388e-02
6.579332e+04 5.374737e-02
8.111308e+04 3.657402e-02
1.000000e+05 2.344817e-02
1.232847e+05 1.423918e-02
1.519911e+05 8.244310e-03
1.873817e+05 4.581100e-03
2.310130e+05 2.456896e-03
2.848036e+05 1.277423e-03
3.511192e+05 6.461974e-04
4.328761e+05 3.191122e-04
5.336699e+05 1.544101e-04
6.579332e+05 7.350818e-05
8.111308e+05 3.457093e-05
1.000000e+06 1.612140e-05
1.232847e+06 7.476351e-06
1.519911e+06 3.455395e-06
1.873817e+06 1.593834e-06
2.310130e+06 7.343601e-07
2.848036e+06 3.381581e-07
3.511192e+06 1.556686e-07
4.328761e+06 7.165057e-08
5.336699e+06 3.297693e-08
6.579332e+06 1.517714e-08
8.111308e+06 6.984990e-09
1.000000e+07 3.214706e-09
