1.000000e-02 1.077070e-02
1.232847e-02 1.133501e-02
1.519911e-02 1.192889e-02
1.873817e-02 1.255389e-02
2.310130e-02 1.321163e-02
2.848036e-02 1.390383e-02
3.511192e-02 1.463230e-02
4.328761e-02 1.539893e-02
5.336699e-02 1.620573e-02
6.579332e-02 1.705480e-02
8.111308e-02 1.794836e-02
1.000000e-01 1.888873e-02
1.232847e-01 1.987838e-02
1.519911e-01 2.091987e-02
1.873817e-01 2.201593e-02
2.310130e-01 2.316942e-02
2.848036e-01 2.438335e-02
3.511192e-01 2.566087e-02
4.328761e-01 2.700533e-02
5.336699e-01 2.842023e-02
6.579332e-01 2.990928e-02
8.111308e-01 3.147635e-02
1.000000e+00 3.312556e-02
1.232847e+00 3.486122e-02
1.519911e+00 3.668790e-02
1.873817e+00 3.861042e-02
2.310130e+00 4.063385e-02
2.848036e+00 4.276355e-02
3.511192e+00 4.500514e-02
4.328761e+00 4.736452e-02
5.336699e+00 4.984785e-02
6.579332e+00 5.246147e-02
8.111308e+00 5.521188e-02
1.000000e+01 5.810555e-02
1.232847e+01 6.114884e-02
1.519911e+01 6.434767e-02
1.873817e+01 6.770724e-02
2.310130e+01 7.123156e-02
2.848036e+01 7.492291e-02
3.511192e+01 7.878108e-02
4.328761e+01 8.280248e-02
5.336699e+01 8.697907e-02
6.579332e+01 9.129708e-02
8.111308e+01 9.573551e-02
1.000000e+02 1.002645e-01
1.232847e+02 1.048437e-01
1.519911e+02 1.094204e-01
1.873817e+02 1.139281e-01
2.310130e+02 1.182849e-01
2.848036e+02 1.223935e-01
3.511192e+02 1.261409e-01
4.328761e+02 1.294003e-01
5.336699e+02 1.320335e-01
6.579332e+02 1.338964e-01
8.111308e+02 1.348446e-01
1.000000e+03 1.347421e-01
1.232847e+03 1.334703e-01
1.519911e+03 1.309380e-01
1.873817e+03 1.270910e-01
2.310130e+03 1.219209e-01
2.848036e+03 1.154715e-01
3.511192e+03 1.078420e-01
4.328761e+03 9.918800e-02
5.336699e+03 8.971779e-02
6.579332e+03 7.968616e-02
8.111308e+03 6.938357e-02
1.000000e+04 5.912144e-02
1.232847e+04 4.921293e-02
1.519911e+04 3.994992e-02
1.873817e+04 3.157806e-02
2.310130e+04 2.427402e-02
2.848036e+04 1.813008e-02
3.511192e+04 1.315073e-02
4.328761e+04 9.262832e-03
5.336699e+04 6.336524e-03
6.579332e+04 4.211232e-03
8.111308e+04 2.720120e-03
1.000000e+05 1.708449e-03
1.232847e+05 1.044201e-03
1.519911e+05 6.218773e-04
1.873817e+05 3.616382e-04
2.310130e+05 2.059518e-04
2.848036e+05 1.152698e-04
3.511192e+05 6.364254e-05
4.328761e+05 3.478452e-05
5.336699e+05 1.887668e-05
6.579332e+05 1.019476e-05
8.111308e+05 5.488786e-06
1.000000e+06 2.949374e-06
1.232847e+06 1.582960e-06
1.519911e+06 8.489973e-07
1.873817e+06 4.551635e-07
2.310130e+06 2.439663e-07
2.848036e+06 1.307489e-07
3.511192e+06 7.006758e-08
4.328761e+06 3.754756e-08
5.336699e+06 2.012052e-08
6.579332e+06 1.078187e-08
8.111308e+06 5.777602e-09
1.000000e+07 3.096001e-09
