1.000000e-02 4.963004e-03
1.232847e-02 5.292482e-03
1.519911e-02 5.643833e-03
1.873817e-02 6.018510e-03
2.310130e-02 6.418059e-03
2.848036e-02 6.844134e-03
3.511192e-02 7.298495e-03
4.328761e-02 7.783019e-03
5.336699e-02 8.299709e-03
6.579332e-02 8.850701e-03
8.111308e-02 9.438271e-03
1.000000e-01 1.006485e-02
1.232847e-01 1.073302e-02
1.519911e-01 1.144555e-02
1.873817e-01 1.220539e-02
2.310130e-01 1.301567e-02
2.848036e-01 1.387974e-02
3.511192e-01 1.480118e-02
4.328761e-01 1.578380e-02
5.336699e-01 1.683171e-02
6.579332e-01 1.794931e-02
8.111308e-01 1.914135e-02
1.000000e+00 2.041306e-02
1.232847e+00 2.177020e-02
1.519911e+00 2.321924e-02
1.873817e+00 2.476753e-02
2.310130e+00 2.642357e-02
2.848036e+00 2.819729e-02
3.511192e+00 3.010041e-02
4.328761e+00 3.214681e-02
5.336699e+00 3.435300e-02
6.579332e+00 3.673850e-02
8.111308e+00 3.932631e-02
1.000000e+01 4.214321e-02
1.232847e+01 4.521995e-02
1.519911e+01 4.859113e-02
1.873817e+01 5.229465e-02
2.310130e+01 5.637055e-02
2.848036e+01 6.085874e-02
3.511192e+01 6.579554e-02
4.328761e+01 7.120821e-02
5.336699e+01 7.710727e-02
6.579332e+01 8.347609e-02
8.111308e+01 9.025774e-02
1.000000e+02 9.733983e-02
1.232847e+02 1.045392e-01
1.519911e+02 1.115904e-01
1.873817e+02 1.181433e-01
2.310130e+02 1.237773e-01
2.848036e+02 1.280379e-01
3.511192e+02 1.304985e-01
4.328761e+02 1.308406e-01
5.336699e+02 1.289358e-01
6.579332e+02 1.249051e-01
8.111308e+02 1.191316e-01
1.000000e+03 1.122181e-01
1.232847e+03 1.049010e-01
1.519911e+03 9.795061e-02
1.873817e+03 9.209603e-02
2.310130e+03 8.799948e-02
2.848036e+03 8.629106e-02
3.511192e+03 8.765717e-02
4.328761e+03 9.296132e-02
5.336699e+03 1.033379e-01
6.579332e+03 1.200709e-01
8.111308e+03 1.437062e-01
1.000000e+04 1.711856e-01
1.232847e+04 1.901709e-01
1.519911e+04 1.771507e-01
1.873817e+04 1.203890e-01
2.310130e+04 5.342048e-02
2.848036e+04 1.568002e-02
3.511192e+04 3.469619e-03
4.328761e+04 6.647548e-04
5.336699e+04 1.200788e-04
6.579332e+04 2.125262e-05
8.111308e+04 3.738189e-06
1.000000e+05 6.564005e-07
1.232847e+05 1.152098e-07
1.519911e+05 2.021927e-08
1.873817e+05 3.548393e-09
2.310130e+05 6.227243e-10
2.848036e+05 1.092847e-10
3.511192e+05 1.917888e-11
4.328761e+05 3.365788e-12
5.336699e+05 5.906775e-13
6.579332e+05 1.036607e-13
8.111308e+05 1.819188e-14
1.000000e+06 3.192576e-15
1.232847e+06 5.602796e-16
1.519911e+06 9.832601e-17
1.873817e+06 1.725568e-17
2.310130e+06 3.028277e-18
2.848036e+06 5.314461e-19
3.511192e+06 9.326589e-20
4.328761e+06 1.636765e-20
5.336699e+06 2.872434e-21
6.579332e+06 5.040965e-22
8.111308e+06 8.846618e-23
1.000000e+07 1.552533e-23
