1.000000e-02 2.319696e-02
1.232847e-02 2.420718e-02
1.519911e-02 2.526140e-02
1.873817e-02 2.636153e-02
2.310130e-02 2.750958e-02
2.848036e-02 2.870761e-02
3.511192e-02 2.995783e-02
4.328761e-02 3.126249e-02
5.336699e-02 3.262397e-02
6.579332e-02 3.404474e-02
8.111308e-02 3.552738e-02
1.000000e-01 3.707460e-02
1.232847e-01 3.868919e-02
1.519911e-01 4.037410e-02
1.873817e-01 4.213239e-02
2.310130e-01 4.396725e-02
2.848036e-01 4.588201e-02
3.511192e-01 4.788015e-02
4.328761e-01 4.996526e-02
5.336699e-01 5.214104e-02
6.579332e-01 5.441127e-02
8.111308e-01 5.677970e-02
1.000000e+00 5.924997e-02
1.232847e+00 6.182540e-02
1.519911e+00 6.450875e-02
1.873817e+00 6.730195e-02
2.310130e+00 7.020565e-02
2.848036e+00 7.321880e-02
3.511192e+00 7.633804e-02
4.328761e+00 7.955712e-02
5.336699e+00 8.286616e-02
6.579332e+00 8.625093e-02
8.111308e+00 8.969207e-02
1.000000e+01 9.316437e-02
1.232847e+01 9.663607e-02
1.519911e+01 1.000683e-01
1.873817e+01 1.034149e-01
2.310130e+01 1.066220e-01
2.848036e+01 1.096288e-01
3.511192e+01 1.123680e-01
4.328761e+01 1.147669e-01
5.336699e+01 1.167498e-01
6.579332e+01 1.182398e-01
8.111308e+01 1.191620e-01
1.000000e+02 1.194467e-01
1.232847e+02 1.190328e-01
1.519911e+02 1.178720e-01
1.873817e+02 1.159315e-01
2.310130e+02 1.131973e-01
2.848036e+02 1.096765e-01
3.511192e+02 1.053981e-01
4.328761e+02 1.004135e-01
5.336699e+02 9.479478e-02
6.579332e+02 8.863261e-02
8.111308e+02 8.203304e-02
1.000000e+03 7.511375e-02
1.232847e+03 6.800008e-02
1.519911e+03 6.082099e-02
1.873817e+03 5.370496e-02
2.310130e+03 4.677593e-02
2.848036e+03 4.014915e-02
3.511192e+03 3.392695e-02
4.328761e+03 2.819455e-02
5.336699e+03 2.301632e-02
6.579332e+03 1.843300e-02
8.111308e+03 1.446074e-02
1.000000e+04 1.109219e-02
1.232847e+04 8.299743e-03
1.519911e+04 6.040209e-03
1.873817e+04 4.259901e-03
2.310130e+04 2.899149e-03
2.848036e+04 1.895544e-03
3.511192e+04 1.185994e-03
4.328761e+04 7.084056e-04
5.336699e+04 4.040407e-04
6.579332e+04 2.207805e-04
8.111308e+04 1.162865e-04
1.000000e+05 5.948991e-05
1.232847e+05 2.978925e-05
1.519911e+05 1.469929e-05
1.873817e+05 7.184731e-06
2.310130e+05 3.491349e-06
2.848036e+05 1.690780e-06
3.511192e+05 8.172144e-07
4.328761e+05 3.945658e-07
5.336699e+05 1.903937e-07
6.579332e+05 9.184464e-08
8.111308e+05 4.429827e-08
1.000000e+06 2.136411e-08
1.232847e+06 1.030304e-08
1.519911e+06 4.968632e-09
1.873817e+06 2.396095e-09
2.310130e+06 1.155498e-09
2.848036e+06 5.572284e-10
3.511192e+06 2.687181e-10
4.328761e+06 1.295866e-10
5.336699e+06 6.249187e-11
6.579332e+06 3.013608e-11
8.111308e+06 1.453282e-11
1.000000e+07 7.008308e-12
