1.000000e-02 2.842275e-02
1.232847e-02 2.957007e-02
1.519911e-02 3.076371e-02
1.873817e-02 3.200553e-02
2.310130e-02 3.329748e-02
2.848036e-02 3.464158e-02
3.511192e-02 3.603994e-02
4.328761e-02 3.749475e-02
5.336699e-02 3.900828e-02
6.579332e-02 4.058290e-02
8.111308e-02 4.222109e-02
1.000000e-01 4.392541e-02
1.232847e-01 4.569852e-02
1.519911e-01 4.754320e-02
1.873817e-01 4.946235e-02
2.310130e-01 5.145897e-02
2.848036e-01 5.353617e-02
3.511192e-01 5.569719e-02
4.328761e-01 5.794533e-02
5.336699e-01 6.028393e-02
6.579332e-01 6.271625e-02
8.111308e-01 6.524530e-02
1.000000e+00 6.787359e-02
1.232847e+00 7.060276e-02
1.519911e+00 7.343306e-02
1.873817e+00 7.636281e-02
2.310130e+00 7.938755e-02
2.848036e+00 8.249928e-02
3.511192e+00 8.568541e-02
4.328761e+00 8.892778e-02
5.336699e+00 9.220164e-02
6.579332e+00 9.547468e-02
8.111308e+00 9.870627e-02
1.000000e+01 1.018470e-01
1.232847e+01 1.048385e-01
1.519911e+01 1.076143e-01
1.873817e+01 1.101005e-01
2.310130e+01 1.122185e-01
2.848036e+01 1.138872e-01
3.511192e+01 1.150269e-01
4.328761e+01 1.155633e-01
5.336699e+01 1.154326e-01
6.579332e+01 1.145853e-01
8.111308e+01 1.129910e-01
1.000000e+02 1.106413e-01
1.232847e+02 1.075519e-01
1.519911e+02 1.037631e-01
1.873817e+02 9.933865e-02
2.310130e+02 9.436321e-02
2.848036e+02 8.893820e-02
3.511192e+02 8.317688e-02
4.328761e+02 7.719886e-02
5.336699e+02 7.112434e-02
6.579332e+02 6.506874e-02
8.111308e+02 5.913784e-02
1.000000e+03 5.342393e-02
1.232847e+03 4.800295e-02
1.519911e+03 4.293290e-02
1.873817e+03 3.825328e-02
2.310130e+03 3.398562e-02
2.848036e+03 3.013473e-02
3.511192e+03 2.669061e-02
4.328761e+03 2.363064e-02
5.336699e+03 2.092183e-02
6.579332e+03 1.852308e-02
8.111308e+03 1.638724e-02
1.000000e+04 1.446308e-02
1.232847e+04 1.269762e-02
1.519911e+04 1.103943e-02
1.873817e+04 9.443863e-03
2.310130e+04 7.880926e-03
2.848036e+04 6.345376e-03
3.511192e+04 4.865370e-03
4.328761e+04 3.502518e-03
5.336699e+04 2.335555e-03
6.579332e+04 1.428313e-03
8.111308e+04 7.984657e-04
1.000000e+05 4.101861e-04
1.232847e+05 1.961626e-04
1.519911e+05 8.883000e-05
1.873817e+05 3.873855e-05
2.310130e+05 1.649585e-05
2.848036e+05 6.926706e-06
3.511192e+05 2.886195e-06
4.328761e+05 1.197758e-06
5.336699e+05 4.960576e-07
6.579332e+05 2.052432e-07
8.111308e+05 8.487992e-08
1.000000e+06 3.509532e-08
1.232847e+06 1.450948e-08
1.519911e+06 5.998413e-09
1.873817e+06 2.479778e-09
2.310130e+06 1.025146e-09
2.848036e+06 4.237965e-10
3.511192e+06 1.751976e-10
4.328761e+06 7.242674e-11
5.336699e+06 2.994122e-11
6.579332e+06 1.237770e-11
8.111308e+06 5.116943e-12
1.000000e+07 2.115344e-12
