1.000000e-02 6.664636e-03
1.232847e-02 7.023987e-03
1.519911e-02 7.402714e-03
1.873817e-02 7.801861e-03
2.310130e-02 8.222531e-03
2.848036e-02 8.665882e-03
3.511192e-02 9.133138e-03
4.328761e-02 9.625589e-03
5.336699e-02 1.014459e-02
6.579332e-02 1.069158e-02
8.111308e-02 1.126806e-02
1.000000e-01 1.187562e-02
1.232847e-01 1.251595e-02
1.519911e-01 1.319079e-02
1.873817e-01 1.390203e-02
2.310130e-01 1.465161e-02
2.848036e-01 1.544162e-02
3.511192e-01 1.627421e-02
4.328761e-01 1.715170e-02
5.336699e-01 1.807651e-02
6.579332e-01 1.905117e-02
8.111308e-01 2.007838e-02
1.000000e+00 2.116096e-02
1.232847e+00 2.230190e-02
1.519911e+00 2.350432e-02
1.873817e+00 2.477151e-02
2.310130e+00 2.610694e-02
2.848036e+00 2.751426e-02
3.511192e+00 2.899729e-02
4.328761e+00 3.056005e-02
5.336699e+00 3.220680e-02
6.579332e+00 3.394196e-02
8.111308e+00 3.577025e-02
1.000000e+01 3.769657e-02
1.232847e+01 3.972613e-02
1.519911e+01 4.186438e-02
1.873817e+01 4.411702e-02
2.310130e+01 4.649005e-02
2.848036e+01 4.898969e-02
3.511192e+01 5.162240e-02
4.328761e+01 5.439481e-02
5.336699e+01 5.731364e-02
6.579332e+01 6.038560e-02
8.111308e+01 6.361723e-02
1.000000e+02 6.701473e-02
1.232847e+02 7.058367e-02
1.519911e+02 7.432867e-02
1.873817e+02 7.825300e-02
2.310130e+02 8.235807e-02
2.848036e+02 8.664285e-02
3.511192e+02 9.110313e-02
4.328761e+02 9.573067e-02
5.336699e+02 1.005122e-01
6.579332e+02 1.054284e-01
8.111308e+02 1.104521e-01
1.000000e+03 1.155470e-01
1.232847e+03 1.206656e-01
1.519911e+03 1.257462e-01
1.873817e+03 1.307102e-01
2.310130e+03 1.354578e-01
2.848036e+03 1.398632e-01
3.511192e+03 1.437687e-01
4.328761e+03 1.469783e-01
5.336699e+03 1.492520e-01
6.579332e+03 1.503011e-01
8.111308e+03 1.497896e-01
1.000000e+04 1.473456e-01
1.232847e+04 1.425904e-01
1.519911e+04 1.351918e-01
1.873817e+04 1.249474e-01
2.310130e+04 1.118906e-01
2.848036e+04 9.639905e-02
3.511192e+04 7.926027e-02
4.328761e+04 6.163895e-02
5.336699e+04 4.490663e-02
6.579332e+04 3.035072e-02
8.111308e+04 1.885520e-02
1.000000e+05 1.068994e-02
1.232847e+05 5.514628e-03
1.519911e+05 2.597949e-03
1.873817e+05 1.130206e-03
2.310130e+05 4.617188e-04
2.848036e+05 1.804094e-04
3.511192e+05 6.851470e-05
4.328761e+05 2.559214e-05
5.336699e+05 9.474419e-06
6.579332e+05 3.491782e-06
8.111308e+05 1.284142e-06
1.000000e+06 4.717994e-07
1.232847e+06 1.732677e-07
1.519911e+06 6.362090e-08
1.873817e+06 2.335877e-08
2.310130e+06 8.576049e-09
2.848036e+06 3.148614e-09
3.511192e+06 1.155978e-09
4.328761e+06 4.244037e-10
5.336699e+06 1.558147e-10
6.579332e+06 5.720547e-11
8.111308e+06 2.100229e-11
1.000000e+07 7.710736e-12
