1.000000e-02 1.656342e-02
1.232847e-02 1.756014e-02
1.519911e-02 1.861684e-02
1.873817e-02 1.973714e-02
2.310130e-02 2.092484e-02
2.848036e-02 2.218402e-02
3.511192e-02 2.351897e-02
4.328761e-02 2.493425e-02
5.336699e-02 2.643470e-02
6.579332e-02 2.802544e-02
8.111308e-02 2.971191e-02
1.000000e-01 3.149986e-02
1.232847e-01 3.339540e-02
1.519911e-01 3.540501e-02
1.873817e-01 3.753555e-02
2.310130e-01 3.979430e-02
2.848036e-01 4.218898e-02
3.511192e-01 4.472779e-02
4.328761e-01 4.741944e-02
5.336699e-01 5.027327e-02
6.579332e-01 5.329929e-02
8.111308e-01 5.650836e-02
1.000000e+00 5.991239e-02
1.232847e+00 6.352454e-02
1.519911e+00 6.735948e-02
1.873817e+00 7.143357e-02
2.310130e+00 7.576491e-02
2.848036e+00 8.037320e-02
3.511192e+00 8.527909e-02
4.328761e+00 9.050289e-02
5.336699e+00 9.606224e-02
6.579332e+00 1.019685e-01
8.111308e+00 1.082211e-01
1.000000e+01 1.147996e-01
1.232847e+01 1.216530e-01
1.519911e+01 1.286858e-01
1.873817e+01 1.357414e-01
2.310130e+01 1.425843e-01
2.848036e+01 1.488838e-01
3.511192e+01 1.542057e-01
4.328761e+01 1.580188e-01
5.336699e+01 1.597264e-01
6.579332e+01 1.587304e-01
8.111308e+01 1.545307e-01
1.000000e+02 1.468469e-01
1.232847e+02 1.357360e-01
1.519911e+02 1.216641e-01
1.873817e+02 1.054914e-01
2.310130e+02 8.835420e-02
2.848036e+02 7.146457e-02
3.511192e+02 5.588833e-02
4.328761e+02 4.237343e-02
5.336699e+02 3.127835e-02
6.579332e+02 2.260528e-02
8.111308e+02 1.610358e-02
1.000000e+03 1.139336e-02
1.232847e+03 8.069139e-03
1.519911e+03 5.765680e-03
1.873817e+03 4.187138e-03
2.310130e+03 3.110697e-03
2.848036e+03 2.376851e-03
3.511192e+03 1.875292e-03
4.328761e+03 1.531354e-03
5.336699e+03 1.294970e-03
6.579332e+03 1.132447e-03
8.111308e+03 1.020588e-03
1.000000e+04 9.425794e-04
1.232847e+04 8.851517e-04
1.519911e+04 8.367280e-04
1.873817e+04 7.865772e-04
2.310130e+04 7.251510e-04
2.848036e+04 6.457196e-04
3.511192e+04 5.468268e-04
4.328761e+04 4.340867e-04
5.336699e+04 3.193234e-04
6.579332e+04 2.162705e-04
8.111308e+04 1.348811e-04
1.000000e+05 7.801391e-05
1.232847e+05 4.236751e-05
1.519911e+05 2.192388e-05
1.873817e+05 1.096334e-05
2.310130e+05 5.359809e-06
2.848036e+05 2.583687e-06
3.511192e+05 1.235109e-06
4.328761e+05 5.876358e-07
5.336699e+05 2.788541e-07
6.579332e+05 1.321415e-07
8.111308e+05 6.257256e-08
1.000000e+06 2.961870e-08
1.232847e+06 1.401735e-08
1.519911e+06 6.633230e-09
1.873817e+06 3.138802e-09
2.310130e+06 1.485228e-09
2.848036e+06 7.027771e-10
3.511192e+06 3.325370e-10
4.328761e+06 1.573480e-10
5.336699e+06 7.445298e-11
6.579332e+06 3.522920e-11
8.111308e+06 1.666954e-11
1.000000e+07 7.887587e-12
