1.000000e-02 8.734972e-03
1.232847e-02 9.211423e-03
1.519911e-02 9.713863e-03
1.873817e-02 1.024371e-02
2.310130e-02 1.080245e-02
2.848036e-02 1.139168e-02
3.511192e-02 1.201304e-02
4.328761e-02 1.266829e-02
5.336699e-02 1.335929e-02
6.579332e-02 1.408797e-02
8.111308e-02 1.485641e-02
1.000000e-01 1.566675e-02
1.232847e-01 1.652130e-02
1.519911e-01 1.742246e-02
1.873817e-01 1.837277e-02
2.310130e-01 1.937492e-02
2.848036e-01 2.043173e-02
3.511192e-01 2.154618e-02
4.328761e-01 2.272142e-02
5.336699e-01 2.396075e-02
6.579332e-01 2.526765e-02
8.111308e-01 2.664579e-02
1.000000e+00 2.809899e-02
1.232847e+00 2.963125e-02
1.519911e+00 3.124671e-02
1.873817e+00 3.294965e-02
2.310130e+00 3.474443e-02
2.848036e+00 3.663545e-02
3.511192e+00 3.862710e-02
4.328761e+00 4.072364e-02
5.336699e+00 4.292912e-02
6.579332e+00 4.524726e-02
8.111308e+00 4.768129e-02
1.000000e+01 5.023378e-02
1.232847e+01 5.290647e-02
1.519911e+01 5.570007e-02
1.873817e+01 5.861405e-02
2.310130e+01 6.164650e-02
2.848036e+01 6.479391e-02
3.511192e+01 6.805108e-02
4.328761e+01 7.141108e-02
5.336699e+01 7.486529e-02
6.579332e+01 7.840355e-02
8.111308e+01 8.201442e-02
1.000000e+02 8.568567e-02
1.232847e+02 8.940477e-02
1.519911e+02 9.315955e-02
1.873817e+02 9.693895e-02
2.310130e+02 1.007335e-01
2.848036e+02 1.045360e-01
3.511192e+02 1.083410e-01
4.328761e+02 1.121446e-01
5.336699e+02 1.159421e-01
6.579332e+02 1.197252e-01
8.111308e+02 1.234762e-01
1.000000e+03 1.271603e-01
1.232847e+03 1.307149e-01
1.519911e+03 1.340354e-01
1.873817e+03 1.369584e-01
2.310130e+03 1.392450e-01
2.848036e+03 1.405666e-01
3.511192e+03 1.405028e-01
4.328761e+03 1.385630e-01
5.336699e+03 1.342451e-01
6.579332e+03 1.271415e-01
8.111308e+03 1.170851e-01
1.000000e+04 1.042969e-01
1.232847e+04 8.946590e-02
1.519911e+04 7.368595e-02
1.873817e+04 5.823119e-02
2.310130e+04 4.424276e-02
2.848036e+04 3.246886e-02
3.511192e+04 2.317067e-02
4.328761e+04 1.620220e-02
5.336699e+04 1.118179e-02
6.579332e+04 7.658462e-03
8.111308e+04 5.220067e-03
1.000000e+05 3.539508e-03
1.232847e+05 2.379343e-03
1.519911e+05 1.576793e-03
1.873817e+05 1.023497e-03
2.310130e+05 6.470376e-04
2.848036e+05 3.970254e-04
3.511192e+05 2.363634e-04
4.328761e+05 1.368626e-04
5.336699e+05 7.741879e-05
6.579332e+05 4.300406e-05
8.111308e+05 2.357320e-05
1.000000e+06 1.280464e-05
1.232847e+06 6.913845e-06
1.519911e+06 3.719102e-06
1.873817e+06 1.996023e-06
2.310130e+06 1.069823e-06
2.848036e+06 5.729664e-07
3.511192e+06 3.067376e-07
4.328761e+06 1.641768e-07
5.336699e+06 8.786410e-08
6.579332e+06 4.702103e-08
8.111308e+06 2.516322e-08
1.000000e+07 1.346602e-08
