1.000000e-02 1.035283e-02
1.232847e-02 1.087194e-02
1.519911e-02 1.141707e-02
1.873817e-02 1.198955e-02
2.310130e-02 1.259072e-02
2.848036e-02 1.322204e-02
3.511192e-02 1.388502e-02
4.328761e-02 1.458123e-02
5.336699e-02 1.531236e-02
6.579332e-02 1.608015e-02
8.111308e-02 1.688643e-02
1.000000e-01 1.773315e-02
1.232847e-01 1.862232e-02
1.519911e-01 1.955607e-02
1.873817e-01 2.053665e-02
2.310130e-01 2.156639e-02
2.848036e-01 2.264776e-02
3.511192e-01 2.378336e-02
4.328761e-01 2.497591e-02
5.336699e-01 2.622826e-02
6.579332e-01 2.754345e-02
8.111308e-01 2.892467e-02
1.000000e+00 3.037529e-02
1.232847e+00 3.189896e-02
1.519911e+00 3.349955e-02
1.873817e+00 3.518128e-02
2.310130e+00 3.694876e-02
2.848036e+00 3.880706e-02
3.511192e+00 4.076184e-02
4.328761e+00 4.281939e-02
5.336699e+00 4.498682e-02
6.579332e+00 4.727213e-02
8.111308e+00 4.968434e-02
1.000000e+01 5.223359e-02
1.232847e+01 5.493126e-02
1.519911e+01 5.778994e-02
1.873817e+01 6.082348e-02
2.310130e+01 6.404682e-02
2.848036e+01 6.747574e-02
3.511192e+01 7.112646e-02
4.328761e+01 7.501493e-02
5.336699e+01 7.915591e-02
6.579332e+01 8.356156e-02
8.111308e+01 8.823970e-02
1.000000e+02 9.319137e-02
1.232847e+02 9.840796e-02
1.519911e+02 1.038675e-01
1.873817e+02 1.095306e-01
2.310130e+02 1.153357e-01
2.848036e+02 1.211943e-01
3.511192e+02 1.269869e-01
4.328761e+02 1.325595e-01
5.336699e+02 1.377231e-01
6.579332e+02 1.422563e-01
8.111308e+02 1.459118e-01
1.000000e+03 1.484297e-01
1.232847e+03 1.495543e-01
1.519911e+03 1.490563e-01
1.873817e+03 1.467562e-01
2.310130e+03 1.425448e-01
2.848036e+03 1.363988e-01
3.511192e+03 1.283858e-01
4.328761e+03 1.186607e-01
5.336699e+03 1.074554e-01
6.579332e+03 9.506778e-02
8.111308e+03 8.185701e-02
1.000000e+04 6.824647e-02
1.232847e+04 5.473115e-02
1.519911e+04 4.187452e-02
1.873817e+04 3.027222e-02
2.310130e+04 2.046484e-02
2.848036e+04 1.280994e-02
3.511192e+04 7.368588e-03
4.328761e+04 3.883379e-03
5.336699e+04 1.881302e-03
6.579332e+04 8.461907e-04
8.111308e+04 3.586762e-04
1.000000e+05 1.456454e-04
1.232847e+05 5.749725e-05
1.519911e+05 2.231661e-05
1.873817e+05 8.580270e-06
2.310130e+05 3.282681e-06
2.848036e+05 1.252843e-06
3.511192e+05 4.776006e-07
4.328761e+05 1.819727e-07
5.336699e+05 6.931829e-08
6.579332e+05 2.640261e-08
8.111308e+05 1.005606e-08
1.000000e+06 3.830025e-09
1.232847e+06 1.458721e-09
1.519911e+06 5.555740e-10
1.873817e+06 2.115977e-10
2.310130e+06 8.058975e-11
2.848036e+06 3.069365e-11
3.511192e+06 1.169008e-11
4.328761e+06 4.452317e-12
5.336699e+06 1.695723e-12
6.579332e+06 6.458380e-13
8.111308e+06 2.459758e-13
1.000000e+07 9.368307e-14
