1.000000e-02 6.504069e-03
1.232847e-02 6.871429e-03
1.519911e-02 7.259539e-03
1.873817e-02 7.669570e-03
2.310130e-02 8.102760e-03
2.848036e-02 8.560417e-03
3.511192e-02 9.043923e-03
4.328761e-02 9.554739e-03
5.336699e-02 1.009441e-02
6.579332e-02 1.066455e-02
8.111308e-02 1.126691e-02
1.000000e-01 1.190328e-02
1.232847e-01 1.257560e-02
1.519911e-01 1.328589e-02
1.873817e-01 1.403630e-02
2.310130e-01 1.482909e-02
2.848036e-01 1.566666e-02
3.511192e-01 1.655154e-02
4.328761e-01 1.748640e-02
5.336699e-01 1.847406e-02
6.579332e-01 1.951750e-02
8.111308e-01 2.061989e-02
1.000000e+00 2.178453e-02
1.232847e+00 2.301496e-02
1.519911e+00 2.431490e-02
1.873817e+00 2.568825e-02
2.310130e+00 2.713918e-02
2.848036e+00 2.867206e-02
3.511192e+00 3.029151e-02
4.328761e+00 3.200239e-02
5.336699e+00 3.380984e-02
6.579332e+00 3.571922e-02
8.111308e+00 3.773615e-02
1.000000e+01 3.986648e-02
1.232847e+01 4.211624e-02
1.519911e+01 4.449160e-02
1.873817e+01 4.699882e-02
2.310130e+01 4.964406e-02
2.848036e+01 5.243332e-02
3.511192e+01 5.537218e-02
4.328761e+01 5.846557e-02
5.336699e+01 6.171743e-02
6.579332e+01 6.513032e-02
8.111308e+01 6.870494e-02
1.000000e+02 7.243956e-02
1.232847e+02 7.632935e-02
1.519911e+02 8.036571e-02
1.873817e+02 8.453541e-02
2.310130e+02 8.881986e-02
2.848036e+02 9.319424e-02
3.511192e+02 9.762682e-02
4.328761e+02 1.020783e-01
5.336699e+02 1.065013e-01
6.579332e+02 1.108405e-01
8.111308e+02 1.150323e-01
1.000000e+03 1.190056e-01
1.232847e+03 1.226827e-01
1.519911e+03 1.259801e-01
1.873817e+03 1.288101e-01
2.310130e+03 1.310818e-01
2.848036e+03 1.327030e-01
3.511192e+03 1.335805e-01
4.328761e+03 1.336211e-01
5.336699e+03 1.327326e-01
6.579332e+03 1.308247e-01
8.111308e+03 1.278117e-01
1.000000e+04 1.236168e-01
1.232847e+04 1.181802e-01
1.519911e+04 1.114710e-01
1.873817e+04 1.035034e-01
2.310130e+04 9.435707e-02
2.848036e+04 8.419652e-02
3.511192e+04 7.328630e-02
4.328761e+04 6.199145e-02
5.336699e+04 5.075634e-02
6.579332e+04 4.005866e-02
8.111308e+04 3.034510e-02
1.000000e+05 2.196504e-02
1.232847e+05 1.512160e-02
1.519911e+05 9.853528e-03
1.873817e+05 6.049497e-03
2.310130e+05 3.487135e-03
2.848036e+05 1.885372e-03
3.511192e+05 9.587578e-04
4.328761e+05 4.618042e-04
5.336699e+05 2.128662e-04
6.579332e+05 9.497598e-05
8.111308e+05 4.144908e-05
1.000000e+06 1.783938e-05
1.232847e+06 7.615541e-06
1.519911e+06 3.236378e-06
1.873817e+06 1.372094e-06
2.310130e+06 5.810146e-07
2.848036e+06 2.458881e-07
3.511192e+06 1.040328e-07
4.328761e+06 4.400992e-08
5.336699e+06 1.861697e-08
6.579332e+06 7.875162e-09
8.111308e+06 3.331252e-09
1.000000e+07 1.409143e-09
