1.000000e-02 6.799536e-03
1.232847e-02 7.219710e-03
1.519911e-02 7.665848e-03
1.873817e-02 8.139555e-03
2.310130e-02 8.642534e-03
2.848036e-02 9.176594e-03
3.511192e-02 9.743657e-03
4.328761e-02 1.034576e-02
5.336699e-02 1.098507e-02
6.579332e-02 1.166389e-02
8.111308e-02 1.238465e-02
1.000000e-01 1.314995e-02
1.232847e-01 1.396255e-02
1.519911e-01 1.482536e-02
1.873817e-01 1.574148e-02
2.310130e-01 1.671422e-02
2.848036e-01 1.774706e-02
3.511192e-01 1.884373e-02
4.328761e-01 2.000816e-02
5.336699e-01 2.124452e-02
6.579332e-01 2.255723e-02
8.111308e-01 2.395096e-02
1.000000e+00 2.543059e-02
1.232847e+00 2.700123e-02
1.519911e+00 2.866815e-02
1.873817e+00 3.043674e-02
2.310130e+00 3.231239e-02
2.848036e+00 3.430040e-02
3.511192e+00 3.640577e-02
4.328761e+00 3.863300e-02
5.336699e+00 4.098579e-02
6.579332e+00 4.346676e-02
8.111308e+00 4.607697e-02
1.000000e+01 4.881554e-02
1.232847e+01 5.167907e-02
1.519911e+01 5.466114e-02
1.873817e+01 5.775178e-02
2.310130e+01 6.093686e-02
2.848036e+01 6.419776e-02
3.511192e+01 6.751098e-02
4.328761e+01 7.084813e-02
5.336699e+01 7.417608e-02
6.579332e+01 7.745755e-02
8.111308e+01 8.065209e-02
1.000000e+02 8.371745e-02
1.232847e+02 8.661143e-02
1.519911e+02 8.929395e-02
1.873817e+02 9.172941e-02
2.310130e+02 9.388896e-02
2.848036e+02 9.575265e-02
3.511192e+02 9.731100e-02
4.328761e+02 9.856603e-02
5.336699e+02 9.953141e-02
6.579332e+02 1.002318e-01
8.111308e+02 1.007011e-01
1.000000e+03 1.009806e-01
1.232847e+03 1.011152e-01
1.519911e+03 1.011508e-01
1.873817e+03 1.011302e-01
2.310130e+03 1.010889e-01
2.848036e+03 1.010513e-01
3.511192e+03 1.010264e-01
4.328761e+03 1.010029e-01
5.336699e+03 1.009455e-01
6.579332e+03 1.007898e-01
8.111308e+03 1.004396e-01
1.000000e+04 9.976524e-02
1.232847e+04 9.860533e-02
1.519911e+04 9.677415e-02
1.873817e+04 9.407623e-02
2.310130e+04 9.032974e-02
2.848036e+04 8.539818e-02
3.511192e+04 7.922697e-02
4.328761e+04 7.187736e-02
5.336699e+04 6.354730e-02
6.579332e+04 5.456815e-02
8.111308e+04 4.537141e-02
1.000000e+05 3.642806e-02
1.232847e+05 2.817466e-02
1.519911e+05 2.094680e-02
1.873817e+05 1.493870e-02
2.310130e+05 1.019735e-02
2.848036e+05 6.646300e-03
3.511192e+05 4.125605e-03
4.328761e+05 2.433918e-03
5.336699e+05 1.363787e-03
6.579332e+05 7.271065e-04
8.111308e+05 3.706521e-04
1.000000e+06 1.820049e-04
1.232847e+06 8.684090e-05
1.519911e+06 4.060085e-05
1.873817e+06 1.873055e-05
2.310130e+06 8.570691e-06
2.848036e+06 3.903375e-06
3.511192e+06 1.773219e-06
4.328761e+06 8.045021e-07
5.336699e+06 3.647819e-07
6.579332e+06 1.653612e-07
8.111308e+06 7.495488e-08
1.000000e+07 3.397508e-08
