1.000000e-02 7.609987e-03
1.232847e-02 8.033144e-03
1.519911e-02 8.479832e-03
1.873817e-02 8.951357e-03
2.310130e-02 9.449102e-03
2.848036e-02 9.974524e-03
3.511192e-02 1.052916e-02
4.328761e-02 1.111464e-02
5.336699e-02 1.173268e-02
6.579332e-02 1.238508e-02
8.111308e-02 1.307376e-02
1.000000e-01 1.380073e-02
1.232847e-01 1.456813e-02
1.519911e-01 1.537819e-02
1.873817e-01 1.623331e-02
2.310130e-01 1.713597e-02
2.848036e-01 1.808882e-02
3.511192e-01 1.909466e-02
4.328761e-01 2.015643e-02
5.336699e-01 2.127724e-02
6.579332e-01 2.246038e-02
8.111308e-01 2.370932e-02
1.000000e+00 2.502772e-02
1.232847e+00 2.641945e-02
1.519911e+00 2.788863e-02
1.873817e+00 2.943958e-02
2.310130e+00 3.107689e-02
2.848036e+00 3.280542e-02
3.511192e+00 3.463030e-02
4.328761e+00 3.655695e-02
5.336699e+00 3.859109e-02
6.579332e+00 4.073872e-02
8.111308e+00 4.300611e-02
1.000000e+01 4.539977e-02
1.232847e+01 4.792635e-02
1.519911e+01 5.059261e-02
1.873817e+01 5.340521e-02
2.310130e+01 5.637056e-02
2.848036e+01 5.949452e-02
3.511192e+01 6.278207e-02
4.328761e+01 6.623687e-02
5.336699e+01 6.986068e-02
6.579332e+01 7.365269e-02
8.111308e+01 7.760867e-02
1.000000e+02 8.172006e-02
1.232847e+02 8.597285e-02
1.519911e+02 9.034641e-02
1.873817e+02 9.481226e-02
2.310130e+02 9.933285e-02
2.848036e+02 1.038605e-01
3.511192e+02 1.083363e-01
4.328761e+02 1.126901e-01
5.336699e+02 1.168402e-01
6.579332e+02 1.206943e-01
8.111308e+02 1.241511e-01
1.000000e+03 1.271031e-01
1.232847e+03 1.294398e-01
1.519911e+03 1.310525e-01
1.873817e+03 1.318387e-01
2.310130e+03 1.317075e-01
2.848036e+03 1.305844e-01
3.511192e+03 1.284153e-01
4.328761e+03 1.251704e-01
5.336699e+03 1.208465e-01
6.579332e+03 1.154693e-01
8.111308e+03 1.090957e-01
1.000000e+04 1.018156e-01
1.232847e+04 9.375433e-02
1.519911e+04 8.507363e-02
1.873817e+04 7.597044e-02
2.310130e+04 6.667135e-02
2.848036e+04 5.742150e-02
3.511192e+04 4.846825e-02
4.328761e+04 4.004150e-02
5.336699e+04 3.233425e-02
6.579332e+04 2.548746e-02
8.111308e+04 1.958204e-02
1.000000e+05 1.463910e-02
1.232847e+05 1.062735e-02
1.519911e+05 7.474857e-03
1.873817e+05 5.081946e-03
2.310130e+05 3.333032e-03
2.848036e+05 2.106577e-03
3.511192e+05 1.283729e-03
4.328761e+05 7.561324e-04
5.336699e+05 4.323127e-04
6.579332e+05 2.412234e-04
8.111308e+05 1.321077e-04
1.000000e+06 7.138081e-05
1.232847e+06 3.821492e-05
1.519911e+06 2.033664e-05
1.873817e+06 1.078205e-05
2.310130e+06 5.703633e-06
2.848036e+06 3.013299e-06
3.511192e+06 1.590833e-06
4.328761e+06 8.395488e-07
5.336699e+06 4.429852e-07
6.579332e+06 2.337217e-07
8.111308e+06 1.233098e-07
1.000000e+07 6.505703e-08
