1.000000e-02 7.352272e-03
1.232847e-02 7.747502e-03
1.519911e-02 8.163978e-03
1.873817e-02 8.602841e-03
2.310130e-02 9.065297e-03
2.848036e-02 9.552612e-03
3.511192e-02 1.006612e-02
4.328761e-02 1.060724e-02
5.336699e-02 1.117744e-02
6.579332e-02 1.177830e-02
8.111308e-02 1.241145e-02
1.000000e-01 1.307865e-02
1.232847e-01 1.378170e-02
1.519911e-01 1.452255e-02
1.873817e-01 1.530323e-02
2.310130e-01 1.612587e-02
2.848036e-01 1.699274e-02
3.511192e-01 1.790620e-02
4.328761e-01 1.886877e-02
5.336699e-01 1.988309e-02
6.579332e-01 2.095193e-02
8.111308e-01 2.207825e-02
1.000000e+00 2.326515e-02
1.232847e+00 2.451591e-02
1.519911e+00 2.583400e-02
1.873817e+00 2.722312e-02
2.310130e+00 2.868720e-02
2.848036e+00 3.023042e-02
3.511192e+00 3.185727e-02
4.328761e+00 3.357256e-02
5.336699e+00 3.538146e-02
6.579332e+00 3.728955e-02
8.111308e+00 3.930286e-02
1.000000e+01 4.142788e-02
1.232847e+01 4.367165e-02
1.519911e+01 4.604170e-02
1.873817e+01 4.854614e-02
2.310130e+01 5.119355e-02
2.848036e+01 5.399301e-02
3.511192e+01 5.695391e-02
4.328761e+01 6.008581e-02
5.336699e+01 6.339820e-02
6.579332e+01 6.690008e-02
8.111308e+01 7.059952e-02
1.000000e+02 7.450296e-02
1.232847e+02 7.861442e-02
1.519911e+02 8.293441e-02
1.873817e+02 8.745873e-02
2.310130e+02 9.217689e-02
2.848036e+02 9.707046e-02
3.511192e+02 1.021111e-01
4.328761e+02 1.072585e-01
5.336699e+02 1.124583e-01
6.579332e+02 1.176400e-01
8.111308e+02 1.227155e-01
1.000000e+03 1.275778e-01
1.232847e+03 1.321002e-01
1.519911e+03 1.361378e-01
1.873817e+03 1.395285e-01
2.310130e+03 1.420966e-01
2.848036e+03 1.436577e-01
3.511192e+03 1.440250e-01
4.328761e+03 1.430182e-01
5.336699e+03 1.404740e-01
6.579332e+03 1.362603e-01
8.111308e+03 1.302945e-01
1.000000e+04 1.225643e-01
1.232847e+04 1.131519e-01
1.519911e+04 1.022557e-01
1.873817e+04 9.020331e-02
2.310130e+04 7.744714e-02
2.848036e+04 6.453393e-02
3.511192e+04 5.204737e-02
4.328761e+04 4.053193e-02
5.336699e+04 3.041641e-02
6.579332e+04 2.195929e-02
8.111308e+04 1.523129e-02
1.000000e+05 1.013725e-02
1.232847e+05 6.465530e-03
1.519911e+05 3.946269e-03
1.873817e+05 2.302113e-03
2.310130e+05 1.282896e-03
2.848036e+05 6.836167e-04
3.511192e+05 3.494506e-04
4.328761e+05 1.723099e-04
5.336699e+05 8.254166e-05
6.579332e+05 3.870073e-05
8.111308e+05 1.787951e-05
1.000000e+06 8.182276e-06
1.232847e+06 3.723072e-06
1.519911e+06 1.688489e-06
1.873817e+06 7.643810e-07
2.310130e+06 3.457067e-07
2.848036e+06 1.562772e-07
3.511192e+06 7.062865e-08
4.328761e+06 3.191673e-08
5.336699e+06 1.442232e-08
6.579332e+06 6.516941e-09
8.111308e+06 2.944761e-09
1.000000e+07 1.330625e-09
