1.000000e-02 9.989089e-03
1.232847e-02 1.053327e-02
1.519911e-02 1.110710e-02
1.873817e-02 1.171218e-02
2.310130e-02 1.235023e-02
2.848036e-02 1.302304e-02
3.511192e-02 1.373251e-02
4.328761e-02 1.448062e-02
5.336699e-02 1.526949e-02
6.579332e-02 1.610133e-02
8.111308e-02 1.697849e-02
1.000000e-01 1.790344e-02
1.232847e-01 1.887877e-02
1.519911e-01 1.990724e-02
1.873817e-01 2.099173e-02
2.310130e-01 2.213531e-02
2.848036e-01 2.334119e-02
3.511192e-01 2.461276e-02
4.328761e-01 2.595360e-02
5.336699e-01 2.736749e-02
6.579332e-01 2.885839e-02
8.111308e-01 3.043052e-02
1.000000e+00 3.208828e-02
1.232847e+00 3.383631e-02
1.519911e+00 3.567951e-02
1.873817e+00 3.762299e-02
2.310130e+00 3.967210e-02
2.848036e+00 4.183240e-02
3.511192e+00 4.410964e-02
4.328761e+00 4.650968e-02
5.336699e+00 4.903845e-02
6.579332e+00 5.170180e-02
8.111308e+00 5.450539e-02
1.000000e+01 5.745442e-02
1.232847e+01 6.055342e-02
1.519911e+01 6.380583e-02
1.873817e+01 6.721361e-02
2.310130e+01 7.077662e-02
2.848036e+01 7.449203e-02
3.511192e+01 7.835342e-02
4.328761e+01 8.234995e-02
5.336699e+01 8.646529e-02
6.579332e+01 9.067650e-02
8.111308e+01 9.495287e-02
1.000000e+02 9.925480e-02
1.232847e+02 1.035328e-01
1.519911e+02 1.077267e-01
1.873817e+02 1.117654e-01
2.310130e+02 1.155671e-01
2.848036e+02 1.190401e-01
3.511192e+02 1.220851e-01
4.328761e+02 1.245978e-01
5.336699e+02 1.264731e-01
6.579332e+02 1.276097e-01
8.111308e+02 1.279161e-01
1.000000e+03 1.273158e-01
1.232847e+03 1.257536e-01
1.519911e+03 1.231996e-01
1.873817e+03 1.196535e-01
2.310130e+03 1.151465e-01
2.848036e+03 1.097417e-01
3.511192e+03 1.035319e-01
4.328761e+03 9.663675e-02
5.336699e+03 8.919723e-02
6.579332e+03 8.136974e-02
8.111308e+03 7.331938e-02
1.000000e+04 6.521316e-02
1.232847e+04 5.721362e-02
1.519911e+04 4.947285e-02
1.873817e+04 4.212721e-02
2.310130e+04 3.529239e-02
2.848036e+04 2.905930e-02
3.511192e+04 2.349084e-02
4.328761e+04 1.862036e-02
5.336699e+04 1.445241e-02
6.579332e+04 1.096564e-02
8.111308e+04 8.117574e-03
1.000000e+05 5.850212e-03
1.232847e+05 4.095400e-03
1.519911e+05 2.779375e-03
1.873817e+05 1.826438e-03
2.310130e+05 1.162278e-03
2.848036e+05 7.174728e-04
3.511192e+05 4.310366e-04
4.328761e+05 2.531259e-04
5.336699e+05 1.460005e-04
6.579332e+05 8.308982e-05
8.111308e+05 4.683912e-05
1.000000e+06 2.623404e-05
1.232847e+06 1.463155e-05
1.519911e+06 8.138803e-06
1.873817e+06 4.519852e-06
2.310130e+06 2.507660e-06
2.848036e+06 1.390503e-06
3.511192e+06 7.708003e-07
4.328761e+06 4.272098e-07
5.336699e+06 2.367588e-07
6.579332e+06 1.312067e-07
8.111308e+06 7.271109e-08
1.000000e+07 4.029438e-08
