1.000000e-02 8.977234e-03
1.232847e-02 9.464373e-03
1.519911e-02 9.977946e-03
1.873817e-02 1.051939e-02
2.310130e-02 1.109021e-02
2.848036e-02 1.169201e-02
3.511192e-02 1.232646e-02
4.328761e-02 1.299534e-02
5.336699e-02 1.370052e-02
6.579332e-02 1.444396e-02
8.111308e-02 1.522774e-02
1.000000e-01 1.605406e-02
1.232847e-01 1.692521e-02
1.519911e-01 1.784364e-02
1.873817e-01 1.881190e-02
2.310130e-01 1.983271e-02
2.848036e-01 2.090891e-02
3.511192e-01 2.204351e-02
4.328761e-01 2.323967e-02
5.336699e-01 2.450076e-02
6.579332e-01 2.583029e-02
8.111308e-01 2.723201e-02
1.000000e+00 2.870986e-02
1.232847e+00 3.026805e-02
1.519911e+00 3.191102e-02
1.873817e+00 3.364354e-02
2.310130e+00 3.547069e-02
2.848036e+00 3.739792e-02
3.511192e+00 3.943106e-02
4.328761e+00 4.157641e-02
5.336699e+00 4.384070e-02
6.579332e+00 4.623114e-02
8.111308e+00 4.875545e-02
1.000000e+01 5.142175e-02
1.232847e+01 5.423855e-02
1.519911e+01 5.721459e-02
1.873817e+01 6.035864e-02
2.310130e+01 6.367921e-02
2.848036e+01 6.718412e-02
3.511192e+01 7.087991e-02
4.328761e+01 7.477114e-02
5.336699e+01 7.885942e-02
6.579332e+01 8.314223e-02
8.111308e+01 8.761153e-02
1.000000e+02 9.225208e-02
1.232847e+02 9.703959e-02
1.519911e+02 1.019387e-01
1.873817e+02 1.069007e-01
2.310130e+02 1.118620e-01
2.848036e+02 1.167420e-01
3.511192e+02 1.214426e-01
4.328761e+02 1.258477e-01
5.336699e+02 1.298252e-01
6.579332e+02 1.332292e-01
8.111308e+02 1.359059e-01
1.000000e+03 1.376993e-01
1.232847e+03 1.384603e-01
1.519911e+03 1.380557e-01
1.873817e+03 1.363774e-01
2.310130e+03 1.333516e-01
2.848036e+03 1.289463e-01
3.511192e+03 1.231770e-01
4.328761e+03 1.161107e-01
5.336699e+03 1.078681e-01
6.579332e+03 9.862437e-02
8.111308e+03 8.860686e-02
1.000000e+04 7.809028e-02
1.232847e+04 6.738651e-02
1.519911e+04 5.682790e-02
1.873817e+04 4.674386e-02
2.310130e+04 3.743285e-02
2.848036e+04 2.913419e-02
3.511192e+04 2.200545e-02
4.328761e+04 1.611079e-02
5.336699e+04 1.142309e-02
6.579332e+04 7.839430e-03
8.111308e+04 5.205743e-03
1.000000e+05 3.344422e-03
1.232847e+05 2.078776e-03
1.519911e+05 1.250388e-03
1.873817e+05 7.283120e-04
2.310130e+05 4.113650e-04
2.848036e+05 2.258476e-04
3.511192e+05 1.209460e-04
4.328761e+05 6.344846e-05
5.336699e+05 3.275653e-05
6.579332e+05 1.671465e-05
8.111308e+05 8.460557e-06
1.000000e+06 4.260055e-06
1.232847e+06 2.137993e-06
1.519911e+06 1.070888e-06
1.873817e+06 5.357841e-07
2.310130e+06 2.678927e-07
2.848036e+06 1.339010e-07
3.511192e+06 6.691597e-08
4.328761e+06 3.343780e-08
5.336699e+06 1.670813e-08
6.579332e+06 8.348546e-09
8.111308e+06 4.171493e-09
1.000000e+07 2.084355e-09
