1.000000e-02 5.232205e-03
1.232847e-02 5.546285e-03
1.519911e-02 5.879217e-03
1.873817e-02 6.232136e-03
2.310130e-02 6.606239e-03
2.848036e-02 7.002799e-03
3.511192e-02 7.423163e-03
4.328761e-02 7.868762e-03
5.336699e-02 8.341109e-03
6.579332e-02 8.841809e-03
8.111308e-02 9.372566e-03
1.000000e-01 9.935184e-03
1.232847e-01 1.053157e-02
1.519911e-01 1.116376e-02
1.873817e-01 1.183390e-02
2.310130e-01 1.254427e-02
2.848036e-01 1.329728e-02
3.511192e-01 1.409549e-02
4.328761e-01 1.494161e-02
5.336699e-01 1.583853e-02
6.579332e-01 1.678928e-02
8.111308e-01 1.779709e-02
1.000000e+00 1.886537e-02
1.232847e+00 1.999774e-02
1.519911e+00 2.119801e-02
1.873817e+00 2.247020e-02
2.310130e+00 2.381852e-02
2.848036e+00 2.524741e-02
3.511192e+00 2.676148e-02
4.328761e+00 2.836554e-02
5.336699e+00 3.006452e-02
6.579332e+00 3.186347e-02
8.111308e+00 3.376751e-02
1.000000e+01 3.578172e-02
1.232847e+01 3.791106e-02
1.519911e+01 4.016025e-02
1.873817e+01 4.253361e-02
2.310130e+01 4.503489e-02
2.848036e+01 4.766700e-02
3.511192e+01 5.043181e-02
4.328761e+01 5.332983e-02
5.336699e+01 5.635990e-02
6.579332e+01 5.951886e-02
8.111308e+01 6.280124e-02
1.000000e+02 6.619899e-02
1.232847e+02 6.970124e-02
1.519911e+02 7.329423e-02
1.873817e+02 7.696138e-02
2.310130e+02 8.068358e-02
2.848036e+02 8.443972e-02
3.511192e+02 8.820760e-02
4.328761e+02 9.196501e-02
5.336699e+02 9.569125e-02
6.579332e+02 9.936869e-02
8.111308e+02 1.029845e-01
1.000000e+03 1.065320e-01
1.232847e+03 1.100119e-01
1.519911e+03 1.134324e-01
1.873817e+03 1.168082e-01
2.310130e+03 1.201575e-01
2.848036e+03 1.234966e-01
3.511192e+03 1.268315e-01
4.328761e+03 1.301446e-01
5.336699e+03 1.333777e-01
6.579332e+03 1.364076e-01
8.111308e+03 1.390193e-01
1.000000e+04 1.408771e-01
1.232847e+04 1.415057e-01
1.519911e+04 1.402974e-01
1.873817e+04 1.365711e-01
2.310130e+04 1.297054e-01
2.848036e+04 1.193487e-01
3.511192e+04 1.056539e-01
4.328761e+04 8.942651e-02
5.336699e+04 7.205553e-02
6.579332e+04 5.518306e-02
8.111308e+04 4.023941e-02
1.000000e+05 2.807931e-02
1.232847e+05 1.889057e-02
1.519911e+05 1.235685e-02
1.873817e+05 7.921391e-03
2.310130e+05 5.006049e-03
2.848036e+05 3.128524e-03
3.511192e+05 1.933932e-03
4.328761e+05 1.180240e-03
5.336699e+05 7.090979e-04
6.579332e+05 4.184459e-04
8.111308e+05 2.423322e-04
1.000000e+06 1.378635e-04
1.232847e+06 7.723467e-05
1.519911e+06 4.274445e-05
1.873817e+06 2.344507e-05
2.310130e+06 1.278043e-05
2.848036e+06 6.939232e-06
3.511192e+06 3.758641e-06
4.328761e+06 2.033103e-06
5.336699e+06 1.098962e-06
6.579332e+06 5.938388e-07
8.111308e+06 3.208527e-07
1.000000e+07 1.733540e-07
