1.000000e-02 9.920790e-02
1.232847e-02 1.004188e-01
1.519911e-02 1.016445e-01
1.873817e-02 1.028851e-01
2.310130e-02 1.041408e-01
2.848036e-02 1.054119e-01
3.511192e-02 1.066985e-01
4.328761e-02 1.080009e-01
5.336699e-02 1.093191e-01
6.579332e-02 1.106534e-01
8.111308e-02 1.120040e-01
1.000000e-01 1.133710e-01
1.232847e-01 1.147548e-01
1.519911e-01 1.161554e-01
1.873817e-01 1.175731e-01
2.310130e-01 1.190081e-01
2.848036e-01 1.204603e-01
3.511192e-01 1.219291e-01
4.328761e-01 1.234130e-01
5.336699e-01 1.249075e-01
6.579332e-01 1.264036e-01
8.111308e-01 1.278844e-01
1.000000e+00 1.293212e-01
1.232847e+00 1.306683e-01
1.519911e+00 1.318581e-01
1.873817e+00 1.327967e-01
2.310130e+00 1.333607e-01
2.848036e+00 1.333968e-01
3.511192e+00 1.327270e-01
4.328761e+00 1.311586e-01
5.336699e+00 1.285019e-01
6.579332e+00 1.245940e-01
8.111308e+00 1.193271e-01
1.000000e+01 1.126764e-01
1.232847e+01 1.047209e-01
1.519911e+01 9.565180e-02
1.873817e+01 8.576200e-02
2.310130e+01 7.541824e-02
2.848036e+01 6.501929e-02
3.511192e+01 5.494939e-02
4.328761e+01 4.553673e-02
5.336699e+01 3.702496e-02
6.579332e+01 2.956122e-02
8.111308e+01 2.319993e-02
1.000000e+02 1.791791e-02
1.232847e+02 1.363539e-02
1.519911e+02 1.023782e-02
1.873817e+02 7.594894e-03
2.310130e+02 5.575227e-03
2.848036e+02 4.056168e-03
3.511192e+02 2.929473e-03
4.328761e+02 2.103706e-03
5.336699e+02 1.504364e-03
6.579332e+02 1.072580e-03
8.111308e+02 7.630633e-04
1.000000e+03 5.417772e-04
1.232847e+03 3.836590e-04
1.519911e+03 2.705776e-04
1.873817e+03 1.896069e-04
2.310130e+03 1.316288e-04
2.848036e+03 9.023962e-05
3.511192e+03 6.091695e-05
4.328761e+03 4.041063e-05
5.336699e+03 2.632363e-05
6.579332e+03 1.684857e-05
8.111308e+03 1.061502e-05
1.000000e+04 6.599313e-06
1.232847e+04 4.059535e-06
1.519911e+04 2.477235e-06
1.873817e+04 1.502876e-06
2.310130e+04 9.080269e-07
2.848036e+04 5.470916e-07
3.511192e+04 3.290125e-07
4.328761e+04 1.976225e-07
5.336699e+04 1.186098e-07
6.579332e+04 7.115237e-08
8.111308e+04 4.267001e-08
1.000000e+05 2.558420e-08
1.232847e+05 1.533801e-08
1.519911e+05 9.194628e-09
1.873817e+05 5.511626e-09
2.310130e+05 3.303798e-09
2.848036e+05 1.980340e-09
3.511192e+05 1.187031e-09
4.328761e+05 7.115106e-10
5.336699e+05 4.264805e-10
6.579332e+05 2.556325e-10
8.111308e+05 1.532260e-10
1.000000e+06 9.184347e-11
1.232847e+06 5.505085e-11
1.519911e+06 3.299739e-11
1.873817e+06 1.977858e-11
2.310130e+06 1.185525e-11
2.848036e+06 7.106016e-12
3.511192e+06 4.259334e-12
4.328761e+06 2.553037e-12
5.336699e+06 1.530286e-12
6.579332e+06 9.172507e-13
8.111308e+06 5.497984e-13
1.000000e+07 3.295482e-13
