1.000000e-02 2.084463e-02
1.232847e-02 2.175790e-02
1.519911e-02 2.271118e-02
1.873817e-02 2.370623e-02
2.310130e-02 2.474488e-02
2.848036e-02 2.582903e-02
3.511192e-02 2.696069e-02
4.328761e-02 2.814192e-02
5.336699e-02 2.937491e-02
6.579332e-02 3.066192e-02
8.111308e-02 3.200532e-02
1.000000e-01 3.340758e-02
1.232847e-01 3.487128e-02
1.519911e-01 3.639910e-02
1.873817e-01 3.799386e-02
2.310130e-01 3.965850e-02
2.848036e-01 4.139608e-02
3.511192e-01 4.320981e-02
4.328761e-01 4.510307e-02
5.336699e-01 4.707948e-02
6.579332e-01 4.914292e-02
8.111308e-01 5.129773e-02
1.000000e+00 5.354884e-02
1.232847e+00 5.590207e-02
1.519911e+00 5.836445e-02
1.873817e+00 6.094468e-02
2.310130e+00 6.365363e-02
2.848036e+00 6.650497e-02
3.511192e+00 6.951577e-02
4.328761e+00 7.270716e-02
5.336699e+00 7.610498e-02
6.579332e+00 7.974021e-02
8.111308e+00 8.364918e-02
1.000000e+01 8.787346e-02
1.232847e+01 9.245899e-02
1.519911e+01 9.745429e-02
1.873817e+01 1.029072e-01
2.310130e+01 1.088596e-01
2.848036e+01 1.153390e-01
3.511192e+01 1.223463e-01
4.328761e+01 1.298383e-01
5.336699e+01 1.377039e-01
6.579332e+01 1.457340e-01
8.111308e+01 1.535862e-01
1.000000e+02 1.607510e-01
1.232847e+02 1.665287e-01
1.519911e+02 1.700376e-01
1.873817e+02 1.702779e-01
2.310130e+02 1.662751e-01
2.848036e+02 1.573111e-01
3.511192e+02 1.432087e-01
4.328761e+02 1.245785e-01
5.336699e+02 1.028928e-01
6.579332e+02 8.027053e-02
8.111308e+02 5.897729e-02
1.000000e+03 4.082182e-02
1.232847e+03 2.673193e-02
1.519911e+03 1.670324e-02
1.873817e+03 1.008256e-02
2.310130e+03 5.968675e-03
2.848036e+03 3.521476e-03
3.511192e+03 2.102856e-03
4.328761e+03 1.287755e-03
5.336699e+03 8.165105e-04
6.579332e+03 5.388586e-04
8.111308e+03 3.703368e-04
1.000000e+04 2.639404e-04
1.232847e+04 1.934297e-04
1.519911e+04 1.440465e-04
1.873817e+04 1.075079e-04
2.310130e+04 7.930153e-05
2.848036e+04 5.712401e-05
3.511192e+04 3.985328e-05
4.328761e+04 2.683169e-05
5.336699e+04 1.744673e-05
6.579332e+04 1.100022e-05
8.111308e+04 6.763365e-06
1.000000e+05 4.079142e-06
1.232847e+05 2.426146e-06
1.519911e+05 1.429089e-06
1.873817e+05 8.363383e-07
2.310130e+05 4.873799e-07
2.848036e+05 2.832586e-07
3.511192e+05 1.643490e-07
4.328761e+05 9.525776e-08
5.336699e+05 5.517721e-08
6.579332e+05 3.194876e-08
8.111308e+05 1.849481e-08
1.000000e+06 1.070502e-08
1.232847e+06 6.195709e-09
1.519911e+06 3.585704e-09
1.873817e+06 2.075135e-09
2.310130e+06 1.200914e-09
2.848036e+06 6.949820e-10
3.511192e+06 4.021918e-10
4.328761e+06 2.327512e-10
5.336699e+06 1.346946e-10
6.579332e+06 7.794856e-11
8.111308e+06 4.510929e-11
1.000000e+07 2.610501e-11
