1.000000e-02 9.560803e-03
1.232847e-02 1.007377e-02
1.519911e-02 1.061425e-02
1.873817e-02 1.118373e-02
2.310130e-02 1.178377e-02
2.848036e-02 1.241600e-02
3.511192e-02 1.308215e-02
4.328761e-02 1.378404e-02
5.336699e-02 1.452359e-02
6.579332e-02 1.530282e-02
8.111308e-02 1.612386e-02
1.000000e-01 1.698895e-02
1.232847e-01 1.790045e-02
1.519911e-01 1.886085e-02
1.873817e-01 1.987279e-02
2.310130e-01 2.093902e-02
2.848036e-01 2.206245e-02
3.511192e-01 2.324616e-02
4.328761e-01 2.449338e-02
5.336699e-01 2.580753e-02
6.579332e-01 2.719220e-02
8.111308e-01 2.865120e-02
1.000000e+00 3.018855e-02
1.232847e+00 3.180852e-02
1.519911e+00 3.351564e-02
1.873817e+00 3.531474e-02
2.310130e+00 3.721097e-02
2.848036e+00 3.920984e-02
3.511192e+00 4.131725e-02
4.328761e+00 4.353952e-02
5.336699e+00 4.588343e-02
6.579332e+00 4.835618e-02
8.111308e+00 5.096543e-02
1.000000e+01 5.371919e-02
1.232847e+01 5.662579e-02
1.519911e+01 5.969367e-02
1.873817e+01 6.293114e-02
2.310130e+01 6.634607e-02
2.848036e+01 6.994536e-02
3.511192e+01 7.373436e-02
4.328761e+01 7.771598e-02
5.336699e+01 8.188968e-02
6.579332e+01 8.625019e-02
8.111308e+01 9.078598e-02
1.000000e+02 9.547748e-02
1.232847e+02 1.002951e-01
1.519911e+02 1.051971e-01
1.873817e+02 1.101275e-01
2.310130e+02 1.150144e-01
2.848036e+02 1.197682e-01
3.511192e+02 1.242811e-01
4.328761e+02 1.284280e-01
5.336699e+02 1.320677e-01
6.579332e+02 1.350479e-01
8.111308e+02 1.372099e-01
1.000000e+03 1.383970e-01
1.232847e+03 1.384632e-01
1.519911e+03 1.372839e-01
1.873817e+03 1.347656e-01
2.310130e+03 1.308556e-01
2.848036e+03 1.255495e-01
3.511192e+03 1.188961e-01
4.328761e+03 1.109998e-01
5.336699e+03 1.020189e-01
6.579332e+03 9.216265e-02
8.111308e+03 8.168541e-02
1.000000e+04 7.087903e-02
1.232847e+04 6.006261e-02
1.519911e+04 4.956779e-02
1.873817e+04 3.971802e-02
2.310130e+04 3.080162e-02
2.848036e+04 2.304195e-02
3.511192e+04 1.657181e-02
4.328761e+04 1.142007e-02
5.336699e+04 7.515701e-03
6.579332e+04 4.708485e-03
8.111308e+04 2.800288e-03
1.000000e+05 1.578329e-03
1.232847e+05 8.433220e-04
1.519911e+05 4.285063e-04
1.873817e+05 2.083456e-04
2.310130e+05 9.775593e-05
2.848036e+05 4.466865e-05
3.511192e+05 2.004346e-05
4.328761e+05 8.890144e-06
5.336699e+05 3.915904e-06
6.579332e+05 1.718096e-06
8.111308e+05 7.522093e-07
1.000000e+06 3.289642e-07
1.232847e+06 1.437858e-07
1.519911e+06 6.282959e-08
1.873817e+06 2.745082e-08
2.310130e+06 1.199278e-08
2.848036e+06 5.239284e-09
3.511192e+06 2.288856e-09
4.328761e+06 9.999141e-10
5.336699e+06 4.368234e-10
6.579332e+06 1.908309e-10
8.111308e+06 8.336650e-11
1.000000e+07 3.641953e-11
