1.000000e-02 1.583477e-02
1.232847e-02 1.659844e-02
1.519911e-02 1.739895e-02
1.873817e-02 1.823807e-02
2.310130e-02 1.911765e-02
2.848036e-02 2.003965e-02
3.511192e-02 2.100612e-02
4.328761e-02 2.201921e-02
5.336699e-02 2.308115e-02
6.579332e-02 2.419430e-02
8.111308e-02 2.536114e-02
1.000000e-01 2.658426e-02
1.232847e-01 2.786636e-02
1.519911e-01 2.921029e-02
1.873817e-01 3.061905e-02
2.310130e-01 3.209574e-02
2.848036e-01 3.364365e-02
3.511192e-01 3.526620e-02
4.328761e-01 3.696700e-02
5.336699e-01 3.874979e-02
6.579332e-01 4.061847e-02
8.111308e-01 4.257709e-02
1.000000e+00 4.462981e-02
1.232847e+00 4.678084e-02
1.519911e+00 4.903438e-02
1.873817e+00 5.139453e-02
2.310130e+00 5.386514e-02
2.848036e+00 5.644964e-02
3.511192e+00 5.915078e-02
4.328761e+00 6.197038e-02
5.336699e+00 6.490891e-02
6.579332e+00 6.796509e-02
8.111308e+00 7.113528e-02
1.000000e+01 7.441287e-02
1.232847e+01 7.778746e-02
1.519911e+01 8.124397e-02
1.873817e+01 8.476166e-02
2.310130e+01 8.831297e-02
2.848036e+01 9.186248e-02
3.511192e+01 9.536579e-02
4.328761e+01 9.876865e-02
5.336699e+01 1.020065e-01
6.579332e+01 1.050045e-01
8.111308e+01 1.076787e-01
1.000000e+02 1.099382e-01
1.232847e+02 1.116889e-01
1.519911e+02 1.128389e-01
1.873817e+02 1.133056e-01
2.310130e+02 1.130237e-01
2.848036e+02 1.119545e-01
3.511192e+02 1.100936e-01
4.328761e+02 1.074774e-01
5.336699e+02 1.041857e-01
6.579332e+02 1.003398e-01
8.111308e+02 9.609653e-02
1.000000e+03 9.163693e-02
1.232847e+03 8.715292e-02
1.519911e+03 8.283258e-02
1.873817e+03 7.884636e-02
2.310130e+03 7.533483e-02
2.848036e+03 7.239757e-02
3.511192e+03 7.008038e-02
4.328761e+03 6.835643e-02
5.336699e+03 6.709496e-02
6.579332e+03 6.601317e-02
8.111308e+03 6.461557e-02
1.000000e+04 6.215291e-02
1.232847e+04 5.768610e-02
1.519911e+04 5.039290e-02
1.873817e+04 4.018148e-02
2.310130e+04 2.829263e-02
2.848036e+04 1.709784e-02
3.511192e+04 8.739682e-03
4.328761e+04 3.802672e-03
5.336699e+04 1.446046e-03
6.579332e+04 4.986914e-04
8.111308e+04 1.616400e-04
1.000000e+05 5.059457e-05
1.232847e+05 1.555836e-05
1.519911e+05 4.745122e-06
1.873817e+05 1.442075e-06
2.310130e+05 4.376252e-07
2.848036e+05 1.327321e-07
3.511192e+05 4.024954e-08
4.328761e+05 1.220434e-08
5.336699e+05 3.700468e-09
6.579332e+05 1.122006e-09
8.111308e+05 3.401988e-10
1.000000e+06 1.031501e-10
1.232847e+06 3.127568e-11
1.519911e+06 9.482955e-12
1.873817e+06 2.875283e-12
2.310130e+06 8.718012e-13
2.848036e+06 2.643348e-13
3.511192e+06 8.014774e-14
4.328761e+06 2.430122e-14
5.336699e+06 7.368262e-15
6.579332e+06 2.234096e-15
8.111308e+06 6.773901e-16
1.000000e+07 2.053883e-16
