1.000000e-02 1.519689e-02
1.232847e-02 1.594263e-02
1.519911e-02 1.672496e-02
1.873817e-02 1.754569e-02
2.310130e-02 1.840669e-02
2.848036e-02 1.930995e-02
3.511192e-02 2.025752e-02
4.328761e-02 2.125160e-02
5.336699e-02 2.229446e-02
6.579332e-02 2.338849e-02
8.111308e-02 2.453621e-02
1.000000e-01 2.574025e-02
1.232847e-01 2.700338e-02
1.519911e-01 2.832849e-02
1.873817e-01 2.971862e-02
2.310130e-01 3.117698e-02
2.848036e-01 3.270689e-02
3.511192e-01 3.431190e-02
4.328761e-01 3.599570e-02
5.336699e-01 3.776220e-02
6.579332e-01 3.961557e-02
8.111308e-01 4.156030e-02
1.000000e+00 4.360126e-02
1.232847e+00 4.574386e-02
1.519911e+00 4.799419e-02
1.873817e+00 5.035921e-02
2.310130e+00 5.284704e-02
2.848036e+00 5.546715e-02
3.511192e+00 5.823075e-02
4.328761e+00 6.115100e-02
5.336699e+00 6.424335e-02
6.579332e+00 6.752569e-02
8.111308e+00 7.101847e-02
1.000000e+01 7.474457e-02
1.232847e+01 7.872894e-02
1.519911e+01 8.299775e-02
1.873817e+01 8.757703e-02
2.310130e+01 9.249048e-02
2.848036e+01 9.775632e-02
3.511192e+01 1.033826e-01
4.328761e+01 1.093613e-01
5.336699e+01 1.156600e-01
6.579332e+01 1.222116e-01
8.111308e+01 1.289031e-01
1.000000e+02 1.355623e-01
1.232847e+02 1.419461e-01
1.519911e+02 1.477326e-01
1.873817e+02 1.525217e-01
2.310130e+02 1.558495e-01
2.848036e+02 1.572218e-01
3.511192e+02 1.561701e-01
4.328761e+02 1.523267e-01
5.336699e+02 1.455086e-01
6.579332e+02 1.357914e-01
8.111308e+02 1.235471e-01
1.000000e+03 1.094261e-01
1.232847e+03 9.427590e-02
1.519911e+03 7.901078e-02
1.873817e+03 6.446806e-02
2.310130e+03 5.129057e-02
2.848036e+03 3.986578e-02
3.511192e+03 3.032831e-02
4.328761e+03 2.261098e-02
5.336699e+03 1.651862e-02
6.579332e+03 1.180032e-02
8.111308e+03 8.204626e-03
1.000000e+04 5.511869e-03
1.232847e+04 3.544582e-03
1.519911e+04 2.160839e-03
1.873817e+04 1.239209e-03
2.310130e+04 6.666371e-04
2.848036e+04 3.375672e-04
3.511192e+04 1.623630e-04
4.328761e+04 7.507199e-05
5.336699e+04 3.376854e-05
6.579332e+04 1.492333e-05
8.111308e+04 6.525595e-06
1.000000e+05 2.836467e-06
1.232847e+05 1.228963e-06
1.519911e+05 5.315921e-07
1.873817e+05 2.297511e-07
2.310130e+05 9.925697e-08
2.848036e+05 4.287272e-08
3.511192e+05 1.851663e-08
4.328761e+05 7.996959e-09
5.336699e+05 3.453660e-09
6.579332e+05 1.491526e-09
8.111308e+05 6.441398e-10
1.000000e+06 2.781819e-10
1.232847e+06 1.201371e-10
1.519911e+06 5.188304e-11
1.873817e+06 2.240648e-11
2.310130e+06 9.676577e-12
2.848036e+06 4.178976e-12
3.511192e+06 1.804754e-12
4.328761e+06 7.794103e-13
5.336699e+06 3.366001e-13
6.579332e+06 1.453658e-13
8.111308e+06 6.277844e-14
1.000000e+07 2.711182e-14
