1.000000e-02 1.041256e-02
1.232847e-02 1.099118e-02
1.519911e-02 1.160195e-02
1.873817e-02 1.224666e-02
2.310130e-02 1.292720e-02
2.848036e-02 1.364556e-02
3.511192e-02 1.440384e-02
4.328761e-02 1.520425e-02
5.336699e-02 1.604915e-02
6.579332e-02 1.694099e-02
8.111308e-02 1.788239e-02
1.000000e-01 1.887610e-02
1.232847e-01 1.992504e-02
1.519911e-01 2.103226e-02
1.873817e-01 2.220101e-02
2.310130e-01 2.343471e-02
2.848036e-01 2.473697e-02
3.511192e-01 2.611159e-02
4.328761e-01 2.756262e-02
5.336699e-01 2.909430e-02
6.579332e-01 3.071118e-02
8.111308e-01 3.241806e-02
1.000000e+00 3.422010e-02
1.232847e+00 3.612286e-02
1.519911e+00 3.813235e-02
1.873817e+00 4.025516e-02
2.310130e+00 4.249853e-02
2.848036e+00 4.487047e-02
3.511192e+00 4.737992e-02
4.328761e+00 5.003678e-02
5.336699e+00 5.285210e-02
6.579332e+00 5.583804e-02
8.111308e+00 5.900791e-02
1.000000e+01 6.237606e-02
1.232847e+01 6.595753e-02
1.519911e+01 6.976764e-02
1.873817e+01 7.382120e-02
2.310130e+01 7.813135e-02
2.848036e+01 8.270801e-02
3.511192e+01 8.755565e-02
4.328761e+01 9.267050e-02
5.336699e+01 9.803694e-02
6.579332e+01 1.036231e-01
8.111308e+01 1.093760e-01
1.000000e+02 1.152156e-01
1.232847e+02 1.210299e-01
1.519911e+02 1.266700e-01
1.873817e+02 1.319475e-01
2.310130e+02 1.366357e-01
2.848036e+02 1.404758e-01
3.511192e+02 1.431899e-01
4.328761e+02 1.445020e-01
5.336699e+02 1.441656e-01
6.579332e+02 1.419968e-01
8.111308e+02 1.379063e-01
1.000000e+03 1.319259e-01
1.232847e+03 1.242200e-01
1.519911e+03 1.150801e-01
1.873817e+03 1.048976e-01
2.310130e+03 9.412214e-02
2.848036e+03 8.321043e-02
3.511192e+03 7.257831e-02
4.328761e+03 6.256328e-02
5.336699e+03 5.340386e-02
6.579332e+03 4.523631e-02
8.111308e+03 3.810535e-02
1.000000e+04 3.198362e-02
1.232847e+04 2.679418e-02
1.519911e+04 2.243163e-02
1.873817e+04 1.877937e-02
2.310130e+04 1.572216e-02
2.848036e+04 1.315414e-02
3.511192e+04 1.098332e-02
4.328761e+04 9.133598e-03
5.336699e+04 7.544845e-03
6.579332e+04 6.171981e-03
8.111308e+04 4.983063e-03
1.000000e+05 3.956702e-03
1.232847e+05 3.078967e-03
1.519911e+05 2.340123e-03
1.873817e+05 1.731672e-03
2.310130e+05 1.244130e-03
2.848036e+05 8.658226e-04
3.511192e+05 5.827111e-04
4.328761e+05 3.790401e-04
5.336699e+05 2.384877e-04
6.579332e+05 1.454834e-04
8.111308e+05 8.637015e-05
1.000000e+06 5.013742e-05
1.232847e+06 2.860056e-05
1.519911e+06 1.610725e-05
1.873817e+06 8.990899e-06
2.310130e+06 4.989273e-06
2.848036e+06 2.758519e-06
3.511192e+06 1.521837e-06
4.328761e+06 8.385584e-07
5.336699e+06 4.617732e-07
6.579332e+06 2.542160e-07
8.111308e+06 1.399376e-07
1.000000e+07 7.702968e-08
