1.000000e-02 1.412886e-02
1.232847e-02 1.486506e-02
1.519911e-02 1.563961e-02
1.873817e-02 1.645452e-02
2.310130e-02 1.731189e-02
2.848036e-02 1.821394e-02
3.511192e-02 1.916299e-02
4.328761e-02 2.016149e-02
5.336699e-02 2.121201e-02
6.579332e-02 2.231728e-02
8.111308e-02 2.348013e-02
1.000000e-01 2.470358e-02
1.232847e-01 2.599077e-02
1.519911e-01 2.734504e-02
1.873817e-01 2.876987e-02
2.310130e-01 3.026894e-02
2.848036e-01 3.184612e-02
3.511192e-01 3.350549e-02
4.328761e-01 3.525133e-02
5.336699e-01 3.708816e-02
6.579332e-01 3.902078e-02
8.111308e-01 4.105424e-02
1.000000e+00 4.319394e-02
1.232847e+00 4.544564e-02
1.519911e+00 4.781554e-02
1.873817e+00 5.031030e-02
2.310130e+00 5.293715e-02
2.848036e+00 5.570389e-02
3.511192e+00 5.861897e-02
4.328761e+00 6.169140e-02
5.336699e+00 6.493074e-02
6.579332e+00 6.834690e-02
8.111308e+00 7.194982e-02
1.000000e+01 7.574899e-02
1.232847e+01 7.975274e-02
1.519911e+01 8.396720e-02
1.873817e+01 8.839494e-02
2.310130e+01 9.303309e-02
2.848036e+01 9.787109e-02
3.511192e+01 1.028878e-01
4.328761e+01 1.080479e-01
5.336699e+01 1.132986e-01
6.579332e+01 1.185648e-01
8.111308e+01 1.237454e-01
1.000000e+02 1.287100e-01
1.232847e+02 1.332966e-01
1.519911e+02 1.373124e-01
1.873817e+02 1.405373e-01
2.310130e+02 1.427331e-01
2.848036e+02 1.436568e-01
3.511192e+02 1.430805e-01
4.328761e+02 1.408146e-01
5.336699e+02 1.367329e-01
6.579332e+02 1.307967e-01
8.111308e+02 1.230719e-01
1.000000e+03 1.137376e-01
1.232847e+03 1.030822e-01
1.519911e+03 9.148560e-02
1.873817e+03 7.939151e-02
2.310130e+03 6.726941e-02
2.848036e+03 5.557346e-02
3.511192e+03 4.470212e-02
4.328761e+03 3.496465e-02
5.336699e+03 2.655944e-02
6.579332e+03 1.956784e-02
8.111308e+03 1.396373e-02
1.000000e+04 9.635743e-03
1.232847e+04 6.416608e-03
1.519911e+04 4.112875e-03
1.873817e+04 2.529821e-03
2.310130e+04 1.488666e-03
2.848036e+04 8.360987e-04
3.511192e+04 4.479988e-04
4.328761e+04 2.295579e-04
5.336699e+04 1.130958e-04
6.579332e+04 5.397725e-05
8.111308e+04 2.516107e-05
1.000000e+05 1.154017e-05
1.232847e+05 5.238340e-06
1.519911e+05 2.363007e-06
1.873817e+05 1.062154e-06
2.310130e+05 4.764990e-07
2.848036e+05 2.135449e-07
3.511192e+05 9.565049e-08
4.328761e+05 4.283223e-08
5.336699e+05 1.917777e-08
6.579332e+05 8.586150e-09
8.111308e+05 3.844024e-09
1.000000e+06 1.720947e-09
1.232847e+06 7.704533e-10
1.519911e+06 3.449243e-10
1.873817e+06 1.544190e-10
2.310130e+06 6.913170e-11
2.848036e+06 3.094950e-11
3.511192e+06 1.385575e-11
4.328761e+06 6.203067e-12
5.336699e+06 2.777045e-12
6.579332e+06 1.243252e-12
8.111308e+06 5.565902e-13
1.000000e+07 2.491793e-13
