1.000000e-02 1.887247e-02
1.232847e-02 1.989459e-02
1.519911e-02 2.097207e-02
1.873817e-02 2.210791e-02
2.310130e-02 2.330526e-02
2.848036e-02 2.456746e-02
3.511192e-02 2.589802e-02
4.328761e-02 2.730065e-02
5.336699e-02 2.877923e-02
6.579332e-02 3.033790e-02
8.111308e-02 3.198099e-02
1.000000e-01 3.371306e-02
1.232847e-01 3.553895e-02
1.519911e-01 3.746372e-02
1.873817e-01 3.949273e-02
2.310130e-01 4.163164e-02
2.848036e-01 4.388639e-02
3.511192e-01 4.626326e-02
4.328761e-01 4.876886e-02
5.336699e-01 5.141018e-02
6.579332e-01 5.419456e-02
8.111308e-01 5.712976e-02
1.000000e+00 6.022390e-02
1.232847e+00 6.348544e-02
1.519911e+00 6.692311e-02
1.873817e+00 7.054568e-02
2.310130e+00 7.436167e-02
2.848036e+00 7.837882e-02
3.511192e+00 8.260333e-02
4.328761e+00 8.703870e-02
5.336699e+00 9.168416e-02
6.579332e+00 9.653256e-02
8.111308e+00 1.015676e-01
1.000000e+01 1.067602e-01
1.232847e+01 1.120647e-01
1.519911e+01 1.174136e-01
1.873817e+01 1.227126e-01
2.310130e+01 1.278357e-01
2.848036e+01 1.326211e-01
3.511192e+01 1.368695e-01
4.328761e+01 1.403465e-01
5.336699e+01 1.427896e-01
6.579332e+01 1.439236e-01
8.111308e+01 1.434824e-01
1.000000e+02 1.412392e-01
1.232847e+02 1.370409e-01
1.519911e+02 1.308418e-01
1.873817e+02 1.227287e-01
2.310130e+02 1.129320e-01
2.848036e+02 1.018148e-01
3.511192e+02 8.984164e-02
4.328761e+02 7.752965e-02
5.336699e+02 6.539329e-02
6.579332e+02 5.389182e-02
8.111308e+02 4.338947e-02
1.000000e+03 3.413277e-02
1.232847e+03 2.624590e-02
1.519911e+03 1.974130e-02
1.873817e+03 1.454120e-02
2.310130e+03 1.050491e-02
2.848036e+03 7.456907e-03
3.511192e+03 5.211969e-03
4.328761e+03 3.594349e-03
5.336699e+03 2.450051e-03
6.579332e+03 1.652493e-03
8.111308e+03 1.102962e-03
1.000000e+04 7.277461e-04
1.232847e+04 4.736489e-04
1.519911e+04 3.031990e-04
1.873817e+04 1.903285e-04
2.310130e+04 1.169046e-04
2.848036e+04 7.021039e-05
3.511192e+04 4.127301e-05
4.328761e+04 2.380845e-05
5.336699e+04 1.352333e-05
6.579332e+04 7.590903e-06
8.111308e+04 4.224571e-06
1.000000e+05 2.337271e-06
1.232847e+05 1.288077e-06
1.519911e+05 7.080961e-07
1.873817e+05 3.886608e-07
2.310130e+05 2.131285e-07
2.848036e+05 1.168072e-07
3.511192e+05 6.399639e-08
4.328761e+05 3.505573e-08
5.336699e+05 1.920063e-08
6.579332e+05 1.051587e-08
8.111308e+05 5.759169e-09
1.000000e+06 3.154031e-09
1.232847e+06 1.727299e-09
1.519911e+06 9.459463e-10
1.873817e+06 5.180408e-10
2.310130e+06 2.837009e-10
2.848036e+06 1.553664e-10
3.511192e+06 8.508504e-11
4.328761e+06 4.659606e-11
5.336699e+06 2.551791e-11
6.579332e+06 1.397466e-11
8.111308e+06 7.653094e-12
1.000000e+07 4.191148e-12
