1.000000e-02 1.855752e-02
1.232847e-02 1.939266e-02
1.519911e-02 2.026539e-02
1.873817e-02 2.117740e-02
2.310130e-02 2.213045e-02
2.848036e-02 2.312639e-02
3.511192e-02 2.416715e-02
4.328761e-02 2.525474e-02
5.336699e-02 2.639128e-02
6.579332e-02 2.757897e-02
8.111308e-02 2.882011e-02
1.000000e-01 3.011711e-02
1.232847e-01 3.147247e-02
1.519911e-01 3.288883e-02
1.873817e-01 3.436893e-02
2.310130e-01 3.591564e-02
2.848036e-01 3.753195e-02
3.511192e-01 3.922099e-02
4.328761e-01 4.098599e-02
5.336699e-01 4.283033e-02
6.579332e-01 4.475742e-02
8.111308e-01 4.677070e-02
1.000000e+00 4.887353e-02
1.232847e+00 5.106907e-02
1.519911e+00 5.336004e-02
1.873817e+00 5.574854e-02
2.310130e+00 5.823575e-02
2.848036e+00 6.082153e-02
3.511192e+00 6.350406e-02
4.328761e+00 6.627937e-02
5.336699e+00 6.914089e-02
6.579332e+00 7.207896e-02
8.111308e+00 7.508036e-02
1.000000e+01 7.812794e-02
1.232847e+01 8.120031e-02
1.519911e+01 8.427168e-02
1.873817e+01 8.731191e-02
2.310130e+01 9.028674e-02
2.848036e+01 9.315834e-02
3.511192e+01 9.588607e-02
4.328761e+01 9.842754e-02
5.336699e+01 1.007399e-01
6.579332e+01 1.027812e-01
8.111308e+01 1.045121e-01
1.000000e+02 1.058971e-01
1.232847e+02 1.069060e-01
1.519911e+02 1.075150e-01
1.873817e+02 1.077073e-01
2.310130e+02 1.074735e-01
2.848036e+02 1.068112e-01
3.511192e+02 1.057246e-01
4.328761e+02 1.042234e-01
5.336699e+02 1.023218e-01
6.579332e+02 1.000367e-01
8.111308e+02 9.738702e-02
1.000000e+03 9.439182e-02
1.232847e+03 9.106990e-02
1.519911e+03 8.743891e-02
1.873817e+03 8.351525e-02
2.310130e+03 7.931445e-02
2.848036e+03 7.485218e-02
3.511192e+03 7.014596e-02
4.328761e+03 6.521740e-02
5.336699e+03 6.009483e-02
6.579332e+03 5.481599e-02
8.111308e+03 4.943031e-02
1.000000e+04 4.400031e-02
1.232847e+04 3.860157e-02
1.519911e+04 3.332069e-02
1.873817e+04 2.825093e-02
2.310130e+04 2.348561e-02
2.848036e+04 1.910983e-02
3.511192e+04 1.519220e-02
4.328761e+04 1.177821e-02
5.336699e+04 8.886769e-03
6.579332e+04 6.510459e-03
8.111308e+04 4.619037e-03
1.000000e+05 3.164812e-03
1.232847e+05 2.088523e-03
1.519911e+05 1.324845e-03
1.873817e+05 8.073845e-04
2.310130e+05 4.733975e-04
2.848036e+05 2.680409e-04
3.511192e+05 1.473552e-04
4.328761e+05 7.914773e-05
5.336699e+05 4.178969e-05
6.579332e+05 2.180367e-05
8.111308e+05 1.128708e-05
1.000000e+06 5.814150e-06
1.232847e+06 2.985998e-06
1.519911e+06 1.530842e-06
1.873817e+06 7.840381e-07
2.310130e+06 4.013324e-07
2.848036e+06 2.053725e-07
3.511192e+06 1.050784e-07
4.328761e+06 5.375900e-08
5.336699e+06 2.750259e-08
6.579332e+06 1.406985e-08
8.111308e+06 7.197862e-09
1.000000e+07 3.682282e-09
