1.000000e-02 7.515495e-03
1.232847e-02 7.935324e-03
1.519911e-02 8.378606e-03
1.873817e-02 8.846650e-03
2.310130e-02 9.340840e-03
2.848036e-02 9.862636e-03
3.511192e-02 1.041358e-02
4.328761e-02 1.099530e-02
5.336699e-02 1.160952e-02
6.579332e-02 1.225805e-02
8.111308e-02 1.294280e-02
1.000000e-01 1.366581e-02
1.232847e-01 1.442921e-02
1.519911e-01 1.523525e-02
1.873817e-01 1.608632e-02
2.310130e-01 1.698493e-02
2.848036e-01 1.793374e-02
3.511192e-01 1.893555e-02
4.328761e-01 1.999333e-02
5.336699e-01 2.111019e-02
6.579332e-01 2.228945e-02
8.111308e-01 2.353460e-02
1.000000e+00 2.484931e-02
1.232847e+00 2.623750e-02
1.519911e+00 2.770328e-02
1.873817e+00 2.925102e-02
2.310130e+00 3.088533e-02
2.848036e+00 3.261110e-02
3.511192e+00 3.443349e-02
4.328761e+00 3.635795e-02
5.336699e+00 3.839023e-02
6.579332e+00 4.053634e-02
8.111308e+00 4.280259e-02
1.000000e+01 4.519546e-02
1.232847e+01 4.772164e-02
1.519911e+01 5.038786e-02
1.873817e+01 5.320074e-02
2.310130e+01 5.616667e-02
2.848036e+01 5.929146e-02
3.511192e+01 6.258007e-02
4.328761e+01 6.603610e-02
5.336699e+01 6.966132e-02
6.579332e+01 7.345494e-02
8.111308e+01 7.741283e-02
1.000000e+02 8.152660e-02
1.232847e+02 8.578254e-02
1.519911e+02 9.016045e-02
1.873817e+02 9.463245e-02
2.310130e+02 9.916174e-02
2.848036e+02 1.037015e-01
3.511192e+02 1.081940e-01
4.328761e+02 1.125701e-01
5.336699e+02 1.167489e-01
6.579332e+02 1.206388e-01
8.111308e+02 1.241387e-01
1.000000e+03 1.271404e-01
1.232847e+03 1.295319e-01
1.519911e+03 1.312015e-01
1.873817e+03 1.320428e-01
2.310130e+03 1.319598e-01
2.848036e+03 1.308724e-01
3.511192e+03 1.287217e-01
4.328761e+03 1.254747e-01
5.336699e+03 1.211286e-01
6.579332e+03 1.157135e-01
8.111308e+03 1.092947e-01
1.000000e+04 1.019736e-01
1.232847e+04 9.388648e-02
1.519911e+04 8.520305e-02
1.873817e+04 7.612184e-02
2.310130e+04 6.686381e-02
2.848036e+04 5.766299e-02
3.511192e+04 4.875418e-02
4.328761e+04 4.035803e-02
5.336699e+04 3.266488e-02
6.579332e+04 2.581951e-02
8.111308e+04 1.991008e-02
1.000000e+05 1.496385e-02
1.232847e+05 1.095105e-02
1.519911e+05 7.795918e-03
1.873817e+05 5.391991e-03
2.310130e+05 3.618057e-03
2.848036e+05 2.351668e-03
3.511192e+05 1.478703e-03
4.328761e+05 8.989657e-04
5.336699e+05 5.287878e-04
6.579332e+05 3.016689e-04
8.111308e+05 1.675715e-04
1.000000e+06 9.108286e-05
1.232847e+06 4.869533e-05
1.519911e+06 2.572779e-05
1.873817e+06 1.348524e-05
2.310130e+06 7.032493e-06
2.848036e+06 3.656172e-06
3.511192e+06 1.897494e-06
4.328761e+06 9.838388e-07
5.336699e+06 5.098757e-07
6.579332e+06 2.641900e-07
8.111308e+06 1.368794e-07
1.000000e+07 7.091770e-08
