1.000000e-02 6.399768e-03
1.232847e-02 6.761053e-03
1.519911e-02 7.142733e-03
1.873817e-02 7.545959e-03
2.310130e-02 7.971949e-03
2.848036e-02 8.421987e-03
3.511192e-02 8.897432e-03
4.328761e-02 9.399716e-03
5.336699e-02 9.930355e-03
6.579332e-02 1.049095e-02
8.111308e-02 1.108319e-02
1.000000e-01 1.170887e-02
1.232847e-01 1.236987e-02
1.519911e-01 1.306818e-02
1.873817e-01 1.380592e-02
2.310130e-01 1.458530e-02
2.848036e-01 1.540868e-02
3.511192e-01 1.627854e-02
4.328761e-01 1.719751e-02
5.336699e-01 1.816835e-02
6.579332e-01 1.919401e-02
8.111308e-01 2.027756e-02
1.000000e+00 2.142229e-02
1.232847e+00 2.263164e-02
1.519911e+00 2.390926e-02
1.873817e+00 2.525902e-02
2.310130e+00 2.668497e-02
2.848036e+00 2.819143e-02
3.511192e+00 2.978292e-02
4.328761e+00 3.146424e-02
5.336699e+00 3.324042e-02
6.579332e+00 3.511676e-02
8.111308e+00 3.709880e-02
1.000000e+01 3.919232e-02
1.232847e+01 4.140332e-02
1.519911e+01 4.373796e-02
1.873817e+01 4.620253e-02
2.310130e+01 4.880330e-02
2.848036e+01 5.154646e-02
3.511192e+01 5.443788e-02
4.328761e+01 5.748292e-02
5.336699e+01 6.068614e-02
6.579332e+01 6.405090e-02
8.111308e+01 6.757891e-02
1.000000e+02 7.126969e-02
1.232847e+02 7.511994e-02
1.519911e+02 7.912273e-02
1.873817e+02 8.326675e-02
2.310130e+02 8.753528e-02
2.848036e+02 9.190534e-02
3.511192e+02 9.634665e-02
4.328761e+02 1.008207e-01
5.336699e+02 1.052801e-01
6.579332e+02 1.096678e-01
8.111308e+02 1.139170e-01
1.000000e+03 1.179513e-01
1.232847e+03 1.216851e-01
1.519911e+03 1.250251e-01
1.873817e+03 1.278716e-01
2.310130e+03 1.301211e-01
2.848036e+03 1.316691e-01
3.511192e+03 1.324130e-01
4.328761e+03 1.322564e-01
5.336699e+03 1.311130e-01
6.579332e+03 1.289115e-01
8.111308e+03 1.256006e-01
1.000000e+04 1.211547e-01
1.232847e+04 1.155799e-01
1.519911e+04 1.089200e-01
1.873817e+04 1.012620e-01
2.310130e+04 9.274054e-02
2.848036e+04 8.353999e-02
3.511192e+04 7.389123e-02
4.328761e+04 6.406306e-02
5.336699e+04 5.434649e-02
6.579332e+04 4.503273e-02
8.111308e+04 3.638731e-02
1.000000e+05 2.862471e-02
1.232847e+05 2.188895e-02
1.519911e+05 1.624455e-02
1.873817e+05 1.167971e-02
2.310130e+05 8.119767e-03
2.848036e+05 5.446338e-03
3.511192e+05 3.517225e-03
4.328761e+05 2.183512e-03
5.336699e+05 1.302682e-03
6.579332e+05 7.480603e-04
8.111308e+05 4.150124e-04
1.000000e+06 2.236525e-04
1.232847e+06 1.178155e-04
1.519911e+06 6.103920e-05
1.873817e+06 3.126609e-05
2.310130e+06 1.589856e-05
2.848036e+06 8.048411e-06
3.511192e+06 4.064026e-06
4.328761e+06 2.049321e-06
5.336699e+06 1.032694e-06
6.579332e+06 5.202438e-07
8.111308e+06 2.620593e-07
1.000000e+07 1.320033e-07
