1.000000e-02 5.997213e-03
1.232847e-02 6.336806e-03
1.519911e-02 6.695629e-03
1.873817e-02 7.074770e-03
2.310130e-02 7.475380e-03
2.848036e-02 7.898674e-03
3.511192e-02 8.345938e-03
4.328761e-02 8.818528e-03
5.336699e-02 9.317879e-03
6.579332e-02 9.845505e-03
8.111308e-02 1.040301e-02
1.000000e-01 1.099208e-02
1.232847e-01 1.161451e-02
1.519911e-01 1.227218e-02
1.873817e-01 1.296710e-02
2.310130e-01 1.370136e-02
2.848036e-01 1.447720e-02
3.511192e-01 1.529698e-02
4.328761e-01 1.616317e-02
5.336699e-01 1.707841e-02
6.579332e-01 1.804548e-02
8.111308e-01 1.906732e-02
1.000000e+00 2.014702e-02
1.232847e+00 2.128786e-02
1.519911e+00 2.249333e-02
1.873817e+00 2.376708e-02
2.310130e+00 2.511301e-02
2.848036e+00 2.653522e-02
3.511192e+00 2.803808e-02
4.328761e+00 2.962620e-02
5.336699e+00 3.130445e-02
6.579332e+00 3.307801e-02
8.111308e+00 3.495234e-02
1.000000e+01 3.693321e-02
1.232847e+01 3.902666e-02
1.519911e+01 4.123903e-02
1.873817e+01 4.357690e-02
2.310130e+01 4.604704e-02
2.848036e+01 4.865632e-02
3.511192e+01 5.141161e-02
4.328761e+01 5.431956e-02
5.336699e+01 5.738644e-02
6.579332e+01 6.061778e-02
8.111308e+01 6.401800e-02
1.000000e+02 6.758996e-02
1.232847e+02 7.133435e-02
1.519911e+02 7.524897e-02
1.873817e+02 7.932798e-02
2.310130e+02 8.356093e-02
2.848036e+02 8.793174e-02
3.511192e+02 9.241767e-02
4.328761e+02 9.698817e-02
5.336699e+02 1.016039e-01
6.579332e+02 1.062156e-01
8.111308e+02 1.107640e-01
1.000000e+03 1.151784e-01
1.232847e+03 1.193780e-01
1.519911e+03 1.232716e-01
1.873817e+03 1.267591e-01
2.310130e+03 1.297336e-01
2.848036e+03 1.320836e-01
3.511192e+03 1.336961e-01
4.328761e+03 1.344600e-01
5.336699e+03 1.342702e-01
6.579332e+03 1.330317e-01
8.111308e+03 1.306651e-01
1.000000e+04 1.271126e-01
1.232847e+04 1.223447e-01
1.519911e+04 1.163689e-01
1.873817e+04 1.092375e-01
2.310130e+04 1.010554e-01
2.848036e+04 9.198544e-02
3.511192e+04 8.224891e-02
4.328761e+04 7.211957e-02
5.336699e+04 6.190855e-02
6.579332e+04 5.194071e-02
8.111308e+04 4.252489e-02
1.000000e+05 3.392370e-02
1.232847e+05 2.632924e-02
1.519911e+05 1.985011e-02
1.873817e+05 1.451153e-02
2.310130e+05 1.026660e-02
2.848036e+05 7.014165e-03
3.511192e+05 4.618430e-03
4.328761e+05 2.926828e-03
5.336699e+05 1.785113e-03
6.579332e+05 1.049740e-03
8.111308e+05 5.974223e-04
1.000000e+06 3.307980e-04
1.232847e+06 1.792741e-04
1.519911e+06 9.564088e-05
1.873817e+06 5.047450e-05
2.310130e+06 2.645159e-05
2.848036e+06 1.380259e-05
3.511192e+06 7.184300e-06
4.328761e+06 3.734387e-06
5.336699e+06 1.939814e-06
6.579332e+06 1.007332e-06
8.111308e+06 5.230467e-07
1.000000e+07 2.715817e-07
