1.000000e-02 1.252202e-02
1.232847e-02 1.318062e-02
1.519911e-02 1.387386e-02
1.873817e-02 1.460356e-02
2.310130e-02 1.537164e-02
2.848036e-02 1.618012e-02
3.511192e-02 1.703112e-02
4.328761e-02 1.792687e-02
5.336699e-02 1.886974e-02
6.579332e-02 1.986221e-02
8.111308e-02 2.090687e-02
1.000000e-01 2.200647e-02
1.232847e-01 2.316391e-02
1.519911e-01 2.438222e-02
1.873817e-01 2.566462e-02
2.310130e-01 2.701446e-02
2.848036e-01 2.843529e-02
3.511192e-01 2.993085e-02
4.328761e-01 3.150507e-02
5.336699e-01 3.316207e-02
6.579332e-01 3.490618e-02
8.111308e-01 3.674194e-02
1.000000e+00 3.867409e-02
1.232847e+00 4.070752e-02
1.519911e+00 4.284731e-02
1.873817e+00 4.509861e-02
2.310130e+00 4.746657e-02
2.848036e+00 4.995629e-02
3.511192e+00 5.257261e-02
4.328761e+00 5.531996e-02
5.336699e+00 5.820209e-02
6.579332e+00 6.122178e-02
8.111308e+00 6.438043e-02
1.000000e+01 6.767760e-02
1.232847e+01 7.111048e-02
1.519911e+01 7.467318e-02
1.873817e+01 7.835606e-02
2.310130e+01 8.214486e-02
2.848036e+01 8.601990e-02
3.511192e+01 8.995512e-02
4.328761e+01 9.391735e-02
5.336699e+01 9.786557e-02
6.579332e+01 1.017504e-01
8.111308e+01 1.055142e-01
1.000000e+02 1.090910e-01
1.232847e+02 1.124080e-01
1.519911e+02 1.153869e-01
1.873817e+02 1.179468e-01
2.310130e+02 1.200072e-01
2.848036e+02 1.214920e-01
3.511192e+02 1.223341e-01
4.328761e+02 1.224801e-01
5.336699e+02 1.218939e-01
6.579332e+02 1.205602e-01
8.111308e+02 1.184857e-01
1.000000e+03 1.156988e-01
1.232847e+03 1.122463e-01
1.519911e+03 1.081888e-01
1.873817e+03 1.035934e-01
2.310130e+03 9.852519e-02
2.848036e+03 9.303815e-02
3.511192e+03 8.716717e-02
4.328761e+03 8.092221e-02
5.336699e+03 7.428788e-02
6.579332e+03 6.723153e-02
8.111308e+03 5.972354e-02
1.000000e+04 5.177167e-02
1.232847e+04 4.346652e-02
1.519911e+04 3.502520e-02
1.873817e+04 2.680800e-02
2.310130e+04 1.927793e-02
2.848036e+04 1.289122e-02
3.511192e+04 7.951767e-03
4.328761e+04 4.506579e-03
5.336699e+04 2.350681e-03
6.579332e+04 1.137523e-03
8.111308e+04 5.173616e-04
1.000000e+05 2.245688e-04
1.232847e+05 9.439891e-05
1.519911e+05 3.888461e-05
1.873817e+05 1.582792e-05
2.310130e+05 6.400734e-06
2.848036e+05 2.579628e-06
3.511192e+05 1.037884e-06
4.328761e+05 4.172428e-07
5.336699e+05 1.676739e-07
6.579332e+05 6.737030e-08
8.111308e+05 2.706692e-08
1.000000e+06 1.087414e-08
1.232847e+06 4.368628e-09
1.519911e+06 1.755063e-09
1.873817e+06 7.050812e-10
2.310130e+06 2.832599e-10
2.848036e+06 1.137971e-10
3.511192e+06 4.571690e-11
4.328761e+06 1.836634e-11
5.336699e+06 7.378503e-12
6.579332e+06 2.964244e-12
8.111308e+06 1.190857e-12
1.000000e+07 4.784158e-13
