1.000000e-02 1.153973e-02
1.232847e-02 1.216887e-02
1.519911e-02 1.283231e-02
1.873817e-02 1.353192e-02
2.310130e-02 1.426967e-02
2.848036e-02 1.504765e-02
3.511192e-02 1.586804e-02
4.328761e-02 1.673316e-02
5.336699e-02 1.764545e-02
6.579332e-02 1.860747e-02
8.111308e-02 1.962194e-02
1.000000e-01 2.069172e-02
1.232847e-01 2.181982e-02
1.519911e-01 2.300943e-02
1.873817e-01 2.426389e-02
2.310130e-01 2.558675e-02
2.848036e-01 2.698172e-02
3.511192e-01 2.845276e-02
4.328761e-01 3.000398e-02
5.336699e-01 3.163977e-02
6.579332e-01 3.336472e-02
8.111308e-01 3.518366e-02
1.000000e+00 3.710163e-02
1.232847e+00 3.912393e-02
1.519911e+00 4.125598e-02
1.873817e+00 4.350338e-02
2.310130e+00 4.587171e-02
2.848036e+00 4.836647e-02
3.511192e+00 5.099282e-02
4.328761e+00 5.375529e-02
5.336699e+00 5.665740e-02
6.579332e+00 5.970110e-02
8.111308e+00 6.288606e-02
1.000000e+01 6.620882e-02
1.232847e+01 6.966165e-02
1.519911e+01 7.323127e-02
1.873817e+01 7.689736e-02
2.310130e+01 8.063096e-02
2.848036e+01 8.439274e-02
3.511192e+01 8.813163e-02
4.328761e+01 9.178367e-02
5.336699e+01 9.527181e-02
6.579332e+01 9.850685e-02
8.111308e+01 1.013901e-01
1.000000e+02 1.038183e-01
1.232847e+02 1.056906e-01
1.519911e+02 1.069176e-01
1.873817e+02 1.074331e-01
2.310130e+02 1.072046e-01
2.848036e+02 1.062439e-01
3.511192e+02 1.046141e-01
4.328761e+02 1.024321e-01
5.336699e+02 9.986612e-02
6.579332e+02 9.712805e-02
8.111308e+02 9.446295e-02
1.000000e+03 9.213827e-02
1.232847e+03 9.043530e-02
1.519911e+03 8.964464e-02
1.873817e+03 9.006480e-02
2.310130e+03 9.199807e-02
2.848036e+03 9.572833e-02
3.511192e+03 1.014466e-01
4.328761e+03 1.090562e-01
5.336699e+03 1.177485e-01
6.579332e+03 1.252583e-01
8.111308e+03 1.270543e-01
1.000000e+04 1.168342e-01
1.232847e+04 9.090823e-02
1.519911e+04 5.544152e-02
1.873817e+04 2.510589e-02
2.310130e+04 8.487534e-03
2.848036e+04 2.292373e-03
3.511192e+04 5.401645e-04
4.328761e+04 1.189107e-04
5.336699e+04 2.543096e-05
6.579332e+04 5.380408e-06
8.111308e+04 1.134201e-06
1.000000e+05 2.388236e-07
1.232847e+05 5.027177e-08
1.519911e+05 1.058116e-08
1.873817e+05 2.227061e-09
2.310130e+05 4.687364e-10
2.848036e+05 9.865627e-11
3.511192e+05 2.076445e-11
4.328761e+05 4.370351e-12
5.336699e+05 9.198396e-13
6.579332e+05 1.936011e-13
8.111308e+05 4.074776e-14
1.000000e+06 8.576291e-15
1.232847e+06 1.805075e-15
1.519911e+06 3.799191e-16
1.873817e+06 7.996259e-17
2.310130e+06 1.682994e-17
2.848036e+06 3.542244e-18
3.511192e+06 7.455456e-19
4.328761e+06 1.569170e-19
5.336699e+06 3.302675e-20
6.579332e+06 6.951229e-21
8.111308e+06 1.463044e-21
1.000000e+07 3.079308e-22
