1.000000e-02 2.703412e-02
1.232847e-02 2.821944e-02
1.519911e-02 2.945672e-02
1.873817e-02 3.074826e-02
2.310130e-02 3.209642e-02
2.848036e-02 3.350369e-02
3.511192e-02 3.497267e-02
4.328761e-02 3.650605e-02
5.336699e-02 3.810666e-02
6.579332e-02 3.977746e-02
8.111308e-02 4.152151e-02
1.000000e-01 4.334202e-02
1.232847e-01 4.524236e-02
1.519911e-01 4.722602e-02
1.873817e-01 4.929665e-02
2.310130e-01 5.145806e-02
2.848036e-01 5.371422e-02
3.511192e-01 5.606921e-02
4.328761e-01 5.852718e-02
5.336699e-01 6.109222e-02
6.579332e-01 6.376805e-02
8.111308e-01 6.655765e-02
1.000000e+00 6.946257e-02
1.232847e+00 7.248208e-02
1.519911e+00 7.561199e-02
1.873817e+00 7.884324e-02
2.310130e+00 8.216029e-02
2.848036e+00 8.553937e-02
3.511192e+00 8.894686e-02
4.328761e+00 9.233784e-02
5.336699e+00 9.565534e-02
6.579332e+00 9.883045e-02
8.111308e+00 1.017837e-01
1.000000e+01 1.044278e-01
1.232847e+01 1.066727e-01
1.519911e+01 1.084309e-01
1.873817e+01 1.096256e-01
2.310130e+01 1.101974e-01
2.848036e+01 1.101116e-01
3.511192e+01 1.093629e-01
4.328761e+01 1.079777e-01
5.336699e+01 1.060131e-01
6.579332e+01 1.035519e-01
8.111308e+01 1.006960e-01
1.000000e+02 9.755717e-02
1.232847e+02 9.424781e-02
1.519911e+02 9.087235e-02
1.873817e+02 8.752028e-02
2.310130e+02 8.426119e-02
2.848036e+02 8.114192e-02
3.511192e+02 7.818549e-02
4.328761e+02 7.539152e-02
5.336699e+02 7.273784e-02
6.579332e+02 7.018306e-02
8.111308e+02 6.767006e-02
1.000000e+03 6.513060e-02
1.232847e+03 6.249113e-02
1.519911e+03 5.967978e-02
1.873817e+03 5.663436e-02
2.310130e+03 5.331061e-02
2.848036e+03 4.968958e-02
3.511192e+03 4.578280e-02
4.328761e+03 4.163404e-02
5.336699e+03 3.731656e-02
6.579332e+03 3.292624e-02
8.111308e+03 2.857128e-02
1.000000e+04 2.436058e-02
1.232847e+04 2.039268e-02
1.519911e+04 1.674736e-02
1.873817e+04 1.348072e-02
2.310130e+04 1.062401e-02
2.848036e+04 8.185488e-03
3.511192e+04 6.154201e-03
4.328761e+04 4.504697e-03
5.336699e+04 3.201537e-03
6.579332e+04 2.203051e-03
8.111308e+04 1.464115e-03
1.000000e+05 9.382916e-04
1.232847e+05 5.798805e-04
1.519911e+05 3.463186e-04
1.873817e+05 2.006649e-04
2.310130e+05 1.133964e-04
2.848036e+05 6.284966e-05
3.511192e+05 3.434435e-05
4.328761e+05 1.858435e-05
5.336699e+05 9.991261e-06
6.579332e+05 5.349330e-06
8.111308e+05 2.856761e-06
1.000000e+06 1.523305e-06
1.232847e+06 8.115451e-07
1.519911e+06 4.321326e-07
1.873817e+06 2.300366e-07
2.310130e+06 1.224357e-07
2.848036e+06 6.516023e-08
3.511192e+06 3.467670e-08
4.328761e+06 1.845369e-08
5.336699e+06 9.820284e-09
6.579332e+06 5.225923e-09
8.111308e+06 2.781003e-09
1.000000e+07 1.479925e-09
