1.000000e-02 4.674801e-03
1.232847e-02 4.946104e-03
1.519911e-02 5.233152e-03
1.873817e-02 5.536859e-03
2.310130e-02 5.858192e-03
2.848036e-02 6.198174e-03
3.511192e-02 6.557886e-03
4.328761e-02 6.938475e-03
5.336699e-02 7.341151e-03
6.579332e-02 7.767196e-03
8.111308e-02 8.217968e-03
1.000000e-01 8.694899e-03
1.232847e-01 9.199510e-03
1.519911e-01 9.733406e-03
1.873817e-01 1.029829e-02
2.310130e-01 1.089595e-02
2.848036e-01 1.152830e-02
3.511192e-01 1.219735e-02
4.328761e-01 1.290522e-02
5.336699e-01 1.365417e-02
6.579332e-01 1.444658e-02
8.111308e-01 1.528496e-02
1.000000e+00 1.617197e-02
1.232847e+00 1.711038e-02
1.519911e+00 1.810314e-02
1.873817e+00 1.915332e-02
2.310130e+00 2.026414e-02
2.848036e+00 2.143893e-02
3.511192e+00 2.268116e-02
4.328761e+00 2.399440e-02
5.336699e+00 2.538231e-02
6.579332e+00 2.684859e-02
8.111308e+00 2.839700e-02
1.000000e+01 3.003128e-02
1.232847e+01 3.175512e-02
1.519911e+01 3.357209e-02
1.873817e+01 3.548565e-02
2.310130e+01 3.749899e-02
2.848036e+01 3.961506e-02
3.511192e+01 4.183642e-02
4.328761e+01 4.416524e-02
5.336699e+01 4.660320e-02
6.579332e+01 4.915149e-02
8.111308e+01 5.181074e-02
1.000000e+02 5.458108e-02
1.232847e+02 5.746220e-02
1.519911e+02 6.045345e-02
1.873817e+02 6.355412e-02
2.310130e+02 6.676371e-02
2.848036e+02 7.008241e-02
3.511192e+02 7.351165e-02
4.328761e+02 7.705481e-02
5.336699e+02 8.071812e-02
6.579332e+02 8.451159e-02
8.111308e+02 8.845007e-02
1.000000e+03 9.255427e-02
1.232847e+03 9.685168e-02
1.519911e+03 1.013771e-01
1.873817e+03 1.061727e-01
2.310130e+03 1.112867e-01
2.848036e+03 1.167705e-01
3.511192e+03 1.226729e-01
4.328761e+03 1.290301e-01
5.336699e+03 1.358491e-01
6.579332e+03 1.430812e-01
8.111308e+03 1.505841e-01
1.000000e+04 1.580684e-01
1.232847e+04 1.650311e-01
1.519911e+04 1.706885e-01
1.873817e+04 1.739369e-01
2.310130e+04 1.733989e-01
2.848036e+04 1.676311e-01
3.511192e+04 1.555488e-01
4.328761e+04 1.370093e-01
5.336699e+04 1.132999e-01
6.579332e+04 8.712968e-02
8.111308e+04 6.189432e-02
1.000000e+05 4.049554e-02
1.232847e+05 2.442447e-02
1.519911e+05 1.363310e-02
1.873817e+05 7.081669e-03
2.310130e+05 3.444762e-03
2.848036e+05 1.579838e-03
3.511192e+05 6.885295e-04
4.328761e+05 2.878372e-04
5.336699e+05 1.166020e-04
6.579332e+05 4.621676e-05
8.111308e+05 1.806671e-05
1.000000e+06 7.005379e-06
1.232847e+06 2.704311e-06
1.519911e+06 1.041576e-06
1.873817e+06 4.007210e-07
2.310130e+06 1.540877e-07
2.848036e+06 5.923699e-08
3.511192e+06 2.277060e-08
4.328761e+06 8.752620e-09
5.336699e+06 3.364300e-09
6.579332e+06 1.293150e-09
8.111308e+06 4.970528e-10
1.000000e+07 1.910539e-10
