1.000000e-02 2.362443e-02
1.232847e-02 2.491105e-02
1.519911e-02 2.626775e-02
1.873817e-02 2.769834e-02
2.310130e-02 2.920683e-02
2.848036e-02 3.079749e-02
3.511192e-02 3.247477e-02
4.328761e-02 3.424340e-02
5.336699e-02 3.610835e-02
6.579332e-02 3.807487e-02
8.111308e-02 4.014850e-02
1.000000e-01 4.233505e-02
1.232847e-01 4.464069e-02
1.519911e-01 4.707190e-02
1.873817e-01 4.963551e-02
2.310130e-01 5.233875e-02
2.848036e-01 5.518921e-02
3.511192e-01 5.819493e-02
4.328761e-01 6.136438e-02
5.336699e-01 6.470656e-02
6.579332e-01 6.823098e-02
8.111308e-01 7.194772e-02
1.000000e+00 7.586746e-02
1.232847e+00 8.000131e-02
1.519911e+00 8.436055e-02
1.873817e+00 8.895606e-02
2.310130e+00 9.379715e-02
2.848036e+00 9.888976e-02
3.511192e+00 1.042336e-01
4.328761e+00 1.098178e-01
5.336699e+00 1.156153e-01
6.579332e+00 1.215740e-01
8.111308e+00 1.276075e-01
1.000000e+01 1.335819e-01
1.232847e+01 1.393027e-01
1.519911e+01 1.445022e-01
1.873817e+01 1.488313e-01
2.310130e+01 1.518613e-01
2.848036e+01 1.531030e-01
3.511192e+01 1.520497e-01
4.328761e+01 1.482488e-01
5.336699e+01 1.413976e-01
6.579332e+01 1.314473e-01
8.111308e+01 1.186840e-01
1.000000e+02 1.037515e-01
1.232847e+02 8.758610e-02
1.519911e+02 7.126708e-02
1.873817e+02 5.582220e-02
2.310130e+02 4.205278e-02
2.848036e+02 3.043501e-02
3.511192e+02 2.111762e-02
4.328761e+02 1.399374e-02
5.336699e+02 8.801469e-03
6.579332e+02 5.211208e-03
8.111308e+02 2.879582e-03
1.000000e+03 1.476060e-03
1.232847e+03 7.018191e-04
1.519911e+03 3.118396e-04
1.873817e+03 1.312284e-04
2.310130e+03 5.311370e-05
2.848036e+03 2.096313e-05
3.511192e+03 8.151818e-06
4.328761e+03 3.144311e-06
5.336699e+03 1.207779e-06
6.579332e+03 4.629874e-07
8.111308e+03 1.773133e-07
1.000000e+04 6.787804e-08
1.232847e+04 2.597988e-08
1.519911e+04 9.942845e-09
1.873817e+04 3.805135e-09
2.310130e+04 1.456208e-09
2.848036e+04 5.572816e-10
3.511192e+04 2.132676e-10
4.328761e+04 8.161588e-11
5.336699e+04 3.123376e-11
6.579332e+04 1.195292e-11
8.111308e+04 4.574288e-12
1.000000e+05 1.750544e-12
1.232847e+05 6.699195e-13
1.519911e+05 2.563729e-13
1.873817e+05 9.811190e-14
2.310130e+05 3.754666e-14
2.848036e+05 1.436881e-14
3.511192e+05 5.498831e-15
4.328761e+05 2.104359e-15
5.336699e+05 8.053219e-16
6.579332e+05 3.081904e-16
8.111308e+05 1.179420e-16
1.000000e+06 4.513549e-17
1.232847e+06 1.727300e-17
1.519911e+06 6.610241e-18
1.873817e+06 2.529687e-18
2.310130e+06 9.680915e-19
2.848036e+06 3.704810e-19
3.511192e+06 1.417802e-19
4.328761e+06 5.425816e-20
5.336699e+06 2.076417e-20
6.579332e+06 7.946286e-21
8.111308e+06 3.040981e-21
1.000000e+07 1.163760e-21
