1.000000e-02 4.691682e-02
1.232847e-02 4.830436e-02
1.519911e-02 4.973294e-02
1.873817e-02 5.120377e-02
2.310130e-02 5.271810e-02
2.848036e-02 5.427721e-02
3.511192e-02 5.588243e-02
4.328761e-02 5.753513e-02
5.336699e-02 5.923670e-02
6.579332e-02 6.098860e-02
8.111308e-02 6.279231e-02
1.000000e-01 6.464936e-02
1.232847e-01 6.656133e-02
1.519911e-01 6.852985e-02
1.873817e-01 7.055659e-02
2.310130e-01 7.264326e-02
2.848036e-01 7.479161e-02
3.511192e-01 7.700342e-02
4.328761e-01 7.928036e-02
5.336699e-01 8.162395e-02
6.579332e-01 8.403524e-02
8.111308e-01 8.651446e-02
1.000000e+00 8.906051e-02
1.232847e+00 9.167015e-02
1.519911e+00 9.433717e-02
1.873817e+00 9.705122e-02
2.310130e+00 9.979659e-02
2.848036e+00 1.025508e-01
3.511192e+00 1.052834e-01
4.328761e+00 1.079545e-01
5.336699e+00 1.105138e-01
6.579332e+00 1.129000e-01
8.111308e+00 1.150407e-01
1.000000e+01 1.168532e-01
1.232847e+01 1.182461e-01
1.519911e+01 1.191225e-01
1.873817e+01 1.193837e-01
2.310130e+01 1.189348e-01
2.848036e+01 1.176905e-01
3.511192e+01 1.155824e-01
4.328761e+01 1.125652e-01
5.336699e+01 1.086234e-01
6.579332e+01 1.037757e-01
8.111308e+01 9.807797e-02
1.000000e+02 9.162330e-02
1.232847e+02 8.453965e-02
1.519911e+02 7.698449e-02
1.873817e+02 6.913709e-02
2.310130e+02 6.118899e-02
2.848036e+02 5.333315e-02
3.511192e+02 4.575254e-02
4.328761e+02 3.860937e-02
5.336699e+02 3.203574e-02
6.579332e+02 2.612697e-02
8.111308e+02 2.093837e-02
1.000000e+03 1.648566e-02
1.232847e+03 1.274904e-02
1.519911e+03 9.680235e-03
1.873817e+03 7.211300e-03
2.310130e+03 5.263828e-03
2.848036e+03 3.757213e-03
3.511192e+03 2.614874e-03
4.328761e+03 1.767957e-03
5.336699e+03 1.156618e-03
6.579332e+03 7.295246e-04
8.111308e+03 4.426572e-04
1.000000e+04 2.584202e-04
1.232847e+04 1.455597e-04
1.519911e+04 7.950942e-05
1.873817e+04 4.238319e-05
2.310130e+04 2.218796e-05
2.848036e+04 1.147052e-05
3.511192e+04 5.881081e-06
4.328761e+04 2.999674e-06
5.336699e+04 1.525200e-06
6.579332e+04 7.740709e-07
8.111308e+04 3.924458e-07
1.000000e+05 1.988496e-07
1.232847e+05 1.007234e-07
1.519911e+05 5.101072e-08
1.873817e+05 2.583166e-08
2.310130e+05 1.308043e-08
2.848036e+05 6.623391e-09
3.511192e+05 3.353769e-09
4.328761e+05 1.698177e-09
5.336699e+05 8.598668e-10
6.579332e+05 4.353902e-10
8.111308e+05 2.204579e-10
1.000000e+06 1.116278e-10
1.232847e+06 5.652222e-11
1.519911e+06 2.861975e-11
1.873817e+06 1.449147e-11
2.310130e+06 7.337686e-12
2.848036e+06 3.715401e-12
3.511192e+06 1.881275e-12
4.328761e+06 9.525745e-13
5.336699e+06 4.823314e-13
6.579332e+06 2.442261e-13
8.111308e+06 1.236627e-13
1.000000e+07 6.261601e-14
