1.000000e-02 1.583060e-02
1.232847e-02 1.656853e-02
1.519911e-02 1.734085e-02
1.873817e-02 1.814917e-02
2.310130e-02 1.899518e-02
2.848036e-02 1.988062e-02
3.511192e-02 2.080733e-02
4.328761e-02 2.177725e-02
5.336699e-02 2.279237e-02
6.579332e-02 2.385481e-02
8.111308e-02 2.496678e-02
1.000000e-01 2.613058e-02
1.232847e-01 2.734863e-02
1.519911e-01 2.862346e-02
1.873817e-01 2.995771e-02
2.310130e-01 3.135415e-02
2.848036e-01 3.281569e-02
3.511192e-01 3.434536e-02
4.328761e-01 3.594631e-02
5.336699e-01 3.762185e-02
6.579332e-01 3.937540e-02
8.111308e-01 4.121049e-02
1.000000e+00 4.313075e-02
1.232847e+00 4.513980e-02
1.519911e+00 4.724128e-02
1.873817e+00 4.943871e-02
2.310130e+00 5.173542e-02
2.848036e+00 5.413445e-02
3.511192e+00 5.663842e-02
4.328761e+00 5.924946e-02
5.336699e+00 6.196901e-02
6.579332e+00 6.479784e-02
8.111308e+00 6.773589e-02
1.000000e+01 7.078226e-02
1.232847e+01 7.393528e-02
1.519911e+01 7.719248e-02
1.873817e+01 8.055082e-02
2.310130e+01 8.400677e-02
2.848036e+01 8.755657e-02
3.511192e+01 9.119635e-02
4.328761e+01 9.492223e-02
5.336699e+01 9.873021e-02
6.579332e+01 1.026158e-01
8.111308e+01 1.065730e-01
1.000000e+02 1.105927e-01
1.232847e+02 1.146602e-01
1.519911e+02 1.187509e-01
1.873817e+02 1.228251e-01
2.310130e+02 1.268199e-01
2.848036e+02 1.306399e-01
3.511192e+02 1.341453e-01
4.328761e+02 1.371394e-01
5.336699e+02 1.393577e-01
6.579332e+02 1.404630e-01
8.111308e+02 1.400531e-01
1.000000e+03 1.376904e-01
1.232847e+03 1.329630e-01
1.519911e+03 1.255776e-01
1.873817e+03 1.154755e-01
2.310130e+03 1.029375e-01
2.848036e+03 8.862644e-02
3.511192e+03 7.352163e-02
4.328761e+03 5.873467e-02
5.336699e+03 4.526412e-02
6.579332e+03 3.378807e-02
8.111308e+03 2.457818e-02
1.000000e+04 1.754919e-02
1.232847e+04 1.239026e-02
1.519911e+04 8.704889e-03
1.873817e+04 6.111499e-03
2.310130e+04 4.293987e-03
2.848036e+04 3.014273e-03
3.511192e+04 2.104444e-03
4.328761e+04 1.451477e-03
5.336699e+04 9.814583e-04
6.579332e+04 6.460040e-04
8.111308e+04 4.118173e-04
1.000000e+05 2.537615e-04
1.232847e+05 1.513481e-04
1.519911e+05 8.771643e-05
1.873817e+05 4.966965e-05
2.310130e+05 2.763553e-05
2.848036e+05 1.518474e-05
3.511192e+05 8.273037e-06
4.328761e+05 4.482623e-06
5.336699e+05 2.420476e-06
6.579332e+05 1.304238e-06
8.111308e+05 7.018920e-07
1.000000e+06 3.774570e-07
1.232847e+06 2.029008e-07
1.519911e+06 1.090430e-07
1.873817e+06 5.859426e-08
2.310130e+06 3.148339e-08
2.848036e+06 1.691575e-08
3.511192e+06 9.088503e-09
4.328761e+06 4.883027e-09
5.336699e+06 2.623517e-09
6.579332e+06 1.409541e-09
8.111308e+06 7.573058e-10
1.000000e+07 4.068786e-10
