1.000000e-02 6.706201e-03
1.232847e-02 7.076061e-03
1.519911e-02 7.466321e-03
1.873817e-02 7.878104e-03
2.310130e-02 8.312597e-03
2.848036e-02 8.771054e-03
3.511192e-02 9.254796e-03
4.328761e-02 9.765217e-03
5.336699e-02 1.030379e-02
6.579332e-02 1.087206e-02
8.111308e-02 1.147168e-02
1.000000e-01 1.210437e-02
1.232847e-01 1.277195e-02
1.519911e-01 1.347635e-02
1.873817e-01 1.421960e-02
2.310130e-01 1.500384e-02
2.848036e-01 1.583133e-02
3.511192e-01 1.670446e-02
4.328761e-01 1.762575e-02
5.336699e-01 1.859785e-02
6.579332e-01 1.962356e-02
8.111308e-01 2.070586e-02
1.000000e+00 2.184786e-02
1.232847e+00 2.305288e-02
1.519911e+00 2.432442e-02
1.873817e+00 2.566619e-02
2.310130e+00 2.708214e-02
2.848036e+00 2.857643e-02
3.511192e+00 3.015354e-02
4.328761e+00 3.181820e-02
5.336699e+00 3.357550e-02
6.579332e+00 3.543084e-02
8.111308e+00 3.739002e-02
1.000000e+01 3.945922e-02
1.232847e+01 4.164501e-02
1.519911e+01 4.395439e-02
1.873817e+01 4.639474e-02
2.310130e+01 4.897376e-02
2.848036e+01 5.169944e-02
3.511192e+01 5.457992e-02
4.328761e+01 5.762329e-02
5.336699e+01 6.083735e-02
6.579332e+01 6.422927e-02
8.111308e+01 6.780514e-02
1.000000e+02 7.156938e-02
1.232847e+02 7.552406e-02
1.519911e+02 7.966799e-02
1.873817e+02 8.399572e-02
2.310130e+02 8.849632e-02
2.848036e+02 9.315208e-02
3.511192e+02 9.793701e-02
4.328761e+02 1.028154e-01
5.336699e+02 1.077402e-01
6.579332e+02 1.126521e-01
8.111308e+02 1.174776e-01
1.000000e+03 1.221295e-01
1.232847e+03 1.265058e-01
1.519911e+03 1.304910e-01
1.873817e+03 1.339573e-01
2.310130e+03 1.367667e-01
2.848036e+03 1.387752e-01
3.511192e+03 1.398362e-01
4.328761e+03 1.398058e-01
5.336699e+03 1.385495e-01
6.579332e+03 1.359484e-01
8.111308e+03 1.319089e-01
1.000000e+04 1.263737e-01
1.232847e+04 1.193353e-01
1.519911e+04 1.108532e-01
1.873817e+04 1.010704e-01
2.310130e+04 9.022650e-02
2.848036e+04 7.866036e-02
3.511192e+04 6.679495e-02
4.328761e+04 5.510244e-02
5.336699e+04 4.405185e-02
6.579332e+04 3.405019e-02
8.111308e+04 2.539165e-02
1.000000e+05 1.822833e-02
1.232847e+05 1.256909e-02
1.519911e+05 8.303497e-03
1.873817e+05 5.240761e-03
2.310130e+05 3.151166e-03
2.848036e+05 1.801149e-03
3.511192e+05 9.782192e-04
4.328761e+05 5.059816e-04
5.336699e+05 2.506159e-04
6.579332e+05 1.198051e-04
8.111308e+05 5.576386e-05
1.000000e+06 2.547940e-05
1.232847e+06 1.150378e-05
1.519911e+06 5.156541e-06
1.873817e+06 2.301899e-06
2.310130e+06 1.025277e-06
2.848036e+06 4.561329e-07
3.511192e+06 2.028108e-07
4.328761e+06 9.015150e-08
5.336699e+06 4.006851e-08
6.579332e+06 1.780793e-08
8.111308e+06 7.914387e-09
1.000000e+07 3.517387e-09
