1.000000e-02 7.573182e-03
1.232847e-02 8.010044e-03
1.519911e-02 8.472107e-03
1.873817e-02 8.960824e-03
2.310130e-02 9.477732e-03
2.848036e-02 1.002446e-02
3.511192e-02 1.060272e-02
4.328761e-02 1.121435e-02
5.336699e-02 1.186125e-02
6.579332e-02 1.254547e-02
8.111308e-02 1.326916e-02
1.000000e-01 1.403460e-02
1.232847e-01 1.484419e-02
1.519911e-01 1.570048e-02
1.873817e-01 1.660617e-02
2.310130e-01 1.756411e-02
2.848036e-01 1.857730e-02
3.511192e-01 1.964894e-02
4.328761e-01 2.078240e-02
5.336699e-01 2.198124e-02
6.579332e-01 2.324924e-02
8.111308e-01 2.459040e-02
1.000000e+00 2.600892e-02
1.232847e+00 2.750930e-02
1.519911e+00 2.909625e-02
1.873817e+00 3.077477e-02
2.310130e+00 3.255015e-02
2.848036e+00 3.442794e-02
3.511192e+00 3.641400e-02
4.328761e+00 3.851443e-02
5.336699e+00 4.073562e-02
6.579332e+00 4.308410e-02
8.111308e+00 4.556654e-02
1.000000e+01 4.818961e-02
1.232847e+01 5.095982e-02
1.519911e+01 5.388327e-02
1.873817e+01 5.696540e-02
2.310130e+01 6.021057e-02
2.848036e+01 6.362160e-02
3.511192e+01 6.719915e-02
4.328761e+01 7.094104e-02
5.336699e+01 7.484136e-02
6.579332e+01 7.888955e-02
8.111308e+01 8.306928e-02
1.000000e+02 8.735737e-02
1.232847e+02 9.172265e-02
1.519911e+02 9.612488e-02
1.873817e+02 1.005139e-01
2.310130e+02 1.048293e-01
2.848036e+02 1.090001e-01
3.511192e+02 1.129457e-01
4.328761e+02 1.165774e-01
5.336699e+02 1.198008e-01
6.579332e+02 1.225190e-01
8.111308e+02 1.246377e-01
1.000000e+03 1.260690e-01
1.232847e+03 1.267375e-01
1.519911e+03 1.265849e-01
1.873817e+03 1.255739e-01
2.310130e+03 1.236911e-01
2.848036e+03 1.209480e-01
3.511192e+03 1.173793e-01
4.328761e+03 1.130410e-01
5.336699e+03 1.080052e-01
6.579332e+03 1.023556e-01
8.111308e+03 9.618269e-02
1.000000e+04 8.957871e-02
1.232847e+04 8.263541e-02
1.519911e+04 7.544262e-02
1.873817e+04 6.808919e-02
2.310130e+04 6.066565e-02
2.848036e+04 5.326771e-02
3.511192e+04 4.599968e-02
4.328761e+04 3.897605e-02
5.336699e+04 3.231961e-02
6.579332e+04 2.615503e-02
8.111308e+04 2.059759e-02
1.000000e+05 1.573914e-02
1.232847e+05 1.163495e-02
1.519911e+05 8.295494e-03
1.873817e+05 5.686105e-03
2.310130e+05 3.734168e-03
2.848036e+05 2.341360e-03
3.511192e+05 1.397370e-03
4.328761e+05 7.924198e-04
5.336699e+05 4.272176e-04
6.579332e+05 2.197772e-04
8.111308e+05 1.085997e-04
1.000000e+06 5.198186e-05
1.232847e+06 2.431169e-05
1.519911e+06 1.119445e-05
1.873817e+06 5.104299e-06
2.310130e+06 2.313993e-06
2.848036e+06 1.045666e-06
3.511192e+06 4.717277e-07
4.328761e+06 2.126316e-07
5.336699e+06 9.580745e-08
6.579332e+06 4.316228e-08
8.111308e+06 1.944413e-08
1.000000e+07 8.759292e-09
