1.000000e-02 2.119883e-02
1.232847e-02 2.224608e-02
1.519911e-02 2.334506e-02
1.873817e-02 2.449834e-02
2.310130e-02 2.570859e-02
2.848036e-02 2.697863e-02
3.511192e-02 2.831142e-02
4.328761e-02 2.971004e-02
5.336699e-02 3.117776e-02
6.579332e-02 3.271798e-02
8.111308e-02 3.433429e-02
1.000000e-01 3.603045e-02
1.232847e-01 3.781041e-02
1.519911e-01 3.967830e-02
1.873817e-01 4.163846e-02
2.310130e-01 4.369545e-02
2.848036e-01 4.585407e-02
3.511192e-01 4.811931e-02
4.328761e-01 5.049642e-02
5.336699e-01 5.299087e-02
6.579332e-01 5.560833e-02
8.111308e-01 5.835460e-02
1.000000e+00 6.123552e-02
1.232847e+00 6.425679e-02
1.519911e+00 6.742374e-02
1.873817e+00 7.074098e-02
2.310130e+00 7.421191e-02
2.848036e+00 7.783804e-02
3.511192e+00 8.161825e-02
4.328761e+00 8.554767e-02
5.336699e+00 8.961647e-02
6.579332e+00 9.380835e-02
8.111308e+00 9.809884e-02
1.000000e+01 1.024534e-01
1.232847e+01 1.068254e-01
1.519911e+01 1.111543e-01
1.873817e+01 1.153638e-01
2.310130e+01 1.193609e-01
2.848036e+01 1.230356e-01
3.511192e+01 1.262617e-01
4.328761e+01 1.289001e-01
5.336699e+01 1.308034e-01
6.579332e+01 1.318230e-01
8.111308e+01 1.318191e-01
1.000000e+02 1.306712e-01
1.232847e+02 1.282907e-01
1.519911e+02 1.246322e-01
1.873817e+02 1.197030e-01
2.310130e+02 1.135687e-01
2.848036e+02 1.063536e-01
3.511192e+02 9.823659e-02
4.328761e+02 8.944017e-02
5.336699e+02 8.021667e-02
6.579332e+02 7.083099e-02
8.111308e+02 6.154305e-02
1.000000e+03 5.259131e-02
1.232847e+03 4.417934e-02
1.519911e+03 3.646630e-02
1.873817e+03 2.956182e-02
2.310130e+03 2.352520e-02
2.848036e+03 1.836849e-02
3.511192e+03 1.406298e-02
4.328761e+03 1.054805e-02
5.336699e+03 7.741463e-03
6.579332e+03 5.549563e-03
8.111308e+03 3.876225e-03
1.000000e+04 2.629547e-03
1.232847e+04 1.725934e-03
1.519911e+04 1.091765e-03
1.873817e+04 6.634037e-04
2.310130e+04 3.866251e-04
2.848036e+04 2.163235e-04
3.511192e+04 1.166480e-04
4.328761e+04 6.098440e-05
5.336699e+04 3.112835e-05
6.579332e+04 1.561709e-05
8.111308e+04 7.744359e-06
1.000000e+05 3.811905e-06
1.232847e+05 1.867814e-06
1.519911e+05 9.128003e-07
1.873817e+05 4.454179e-07
2.310130e+05 2.171708e-07
2.848036e+05 1.058382e-07
3.511192e+05 5.156816e-08
4.328761e+05 2.512279e-08
5.336699e+05 1.223846e-08
6.579332e+05 5.961722e-09
8.111308e+05 2.904088e-09
1.000000e+06 1.414635e-09
1.232847e+06 6.890917e-10
1.519911e+06 3.356672e-10
1.873817e+06 1.635085e-10
2.310130e+06 7.964741e-11
2.848036e+06 3.879742e-11
3.511192e+06 1.889879e-11
4.328761e+06 9.205874e-12
5.336699e+06 4.484315e-12
6.579332e+06 2.184375e-12
8.111308e+06 1.064041e-12
1.000000e+07 5.183098e-13
