1.000000e-02 6.846942e-02
1.232847e-02 6.991745e-02
1.519911e-02 7.139611e-02
1.873817e-02 7.290604e-02
2.310130e-02 7.444790e-02
2.848036e-02 7.602237e-02
3.511192e-02 7.763014e-02
4.328761e-02 7.927192e-02
5.336699e-02 8.094841e-02
6.579332e-02 8.266036e-02
8.111308e-02 8.440851e-02
1.000000e-01 8.619363e-02
1.232847e-01 8.801651e-02
1.519911e-01 8.987794e-02
1.873817e-01 9.177873e-02
2.310130e-01 9.371970e-02
2.848036e-01 9.570163e-02
3.511192e-01 9.772518e-02
4.328761e-01 9.979062e-02
5.336699e-01 1.018975e-01
6.579332e-01 1.040437e-01
8.111308e-01 1.062248e-01
1.000000e+00 1.084321e-01
1.232847e+00 1.106509e-01
1.519911e+00 1.128585e-01
1.873817e+00 1.150219e-01
2.310130e+00 1.170950e-01
2.848036e+00 1.190173e-01
3.511192e+00 1.207125e-01
4.328761e+00 1.220882e-01
5.336699e+00 1.230380e-01
6.579332e+00 1.234448e-01
8.111308e+00 1.231869e-01
1.000000e+01 1.221463e-01
1.232847e+01 1.202183e-01
1.519911e+01 1.173227e-01
1.873817e+01 1.134144e-01
2.310130e+01 1.084923e-01
2.848036e+01 1.026048e-01
3.511192e+01 9.585114e-02
4.328761e+01 8.837736e-02
5.336699e+01 8.036815e-02
6.579332e+01 7.203458e-02
8.111308e+01 6.359976e-02
1.000000e+02 5.528378e-02
1.232847e+02 4.728965e-02
1.519911e+02 3.979152e-02
1.873817e+02 3.292594e-02
2.310130e+02 2.678673e-02
2.848036e+02 2.142366e-02
3.511192e+02 1.684466e-02
4.328761e+02 1.302133e-02
5.336699e+02 9.896839e-03
6.579332e+02 7.395141e-03
8.111308e+02 5.430340e-03
1.000000e+03 3.914999e-03
1.232847e+03 2.766593e-03
1.519911e+03 1.911653e-03
1.873817e+03 1.287577e-03
2.310130e+03 8.425156e-04
2.848036e+03 5.340371e-04
3.511192e+03 3.274099e-04
4.328761e+03 1.942554e-04
5.336699e+03 1.118448e-04
6.579332e+03 6.277300e-05
8.111308e+03 3.452673e-05
1.000000e+04 1.870822e-05
1.232847e+04 1.003129e-05
1.519911e+04 5.341321e-06
1.873817e+04 2.831417e-06
2.310130e+04 1.496801e-06
2.848036e+04 7.899657e-07
3.511192e+04 4.165175e-07
4.328761e+04 2.194915e-07
5.336699e+04 1.156289e-07
6.579332e+04 6.090307e-08
8.111308e+04 3.207526e-08
1.000000e+05 1.689189e-08
1.232847e+05 8.895576e-09
1.519911e+05 4.684499e-09
1.873817e+05 2.466883e-09
2.310130e+05 1.299069e-09
2.848036e+05 6.840921e-10
3.511192e+05 3.602438e-10
4.328761e+05 1.897047e-10
5.336699e+05 9.989865e-11
6.579332e+05 5.260670e-11
8.111308e+05 2.770272e-11
1.000000e+06 1.458827e-11
1.232847e+06 7.682191e-12
1.519911e+06 4.045446e-12
1.873817e+06 2.130334e-12
2.310130e+06 1.121835e-12
2.848036e+06 5.907591e-13
3.511192e+06 3.110941e-13
4.328761e+06 1.638223e-13
5.336699e+06 8.626892e-14
6.579332e+06 4.542926e-14
8.111308e+06 2.392307e-14
1.000000e+07 1.259790e-14
