1.000000e-02 1.294904e-02
1.232847e-02 1.358995e-02
1.519911e-02 1.426258e-02
1.873817e-02 1.496850e-02
2.310130e-02 1.570936e-02
2.848036e-02 1.648689e-02
3.511192e-02 1.730291e-02
4.328761e-02 1.815931e-02
5.336699e-02 1.905810e-02
6.579332e-02 2.000137e-02
8.111308e-02 2.099134e-02
1.000000e-01 2.203030e-02
1.232847e-01 2.312068e-02
1.519911e-01 2.426503e-02
1.873817e-01 2.546602e-02
2.310130e-01 2.672646e-02
2.848036e-01 2.804927e-02
3.511192e-01 2.943756e-02
4.328761e-01 3.089454e-02
5.336699e-01 3.242359e-02
6.579332e-01 3.402821e-02
8.111308e-01 3.571203e-02
1.000000e+00 3.747874e-02
1.232847e+00 3.933205e-02
1.519911e+00 4.127561e-02
1.873817e+00 4.331290e-02
2.310130e+00 4.544709e-02
2.848036e+00 4.768084e-02
3.511192e+00 5.001613e-02
4.328761e+00 5.245397e-02
5.336699e+00 5.499414e-02
6.579332e+00 5.763490e-02
8.111308e+00 6.037263e-02
1.000000e+01 6.320151e-02
1.232847e+01 6.611322e-02
1.519911e+01 6.909660e-02
1.873817e+01 7.213748e-02
2.310130e+01 7.521846e-02
2.848036e+01 7.831893e-02
3.511192e+01 8.141515e-02
4.328761e+01 8.448055e-02
5.336699e+01 8.748618e-02
6.579332e+01 9.040138e-02
8.111308e+01 9.319461e-02
1.000000e+02 9.583449e-02
1.232847e+02 9.829083e-02
1.519911e+02 1.005358e-01
1.873817e+02 1.025450e-01
2.310130e+02 1.042983e-01
2.848036e+02 1.057807e-01
3.511192e+02 1.069823e-01
4.328761e+02 1.078985e-01
5.336699e+02 1.085291e-01
6.579332e+02 1.088775e-01
8.111308e+02 1.089486e-01
1.000000e+03 1.087471e-01
1.232847e+03 1.082743e-01
1.519911e+03 1.075255e-01
1.873817e+03 1.064861e-01
2.310130e+03 1.051280e-01
2.848036e+03 1.034058e-01
3.511192e+03 1.012539e-01
4.328761e+03 9.858395e-02
5.336699e+03 9.528548e-02
6.579332e+03 9.122992e-02
8.111308e+03 8.628165e-02
1.000000e+04 8.031825e-02
1.232847e+04 7.326214e-02
1.519911e+04 6.512292e-02
1.873817e+04 5.604390e-02
2.310130e+04 4.633787e-02
2.848036e+04 3.648977e-02
3.511192e+04 2.710523e-02
4.328761e+04 1.879971e-02
5.336699e+04 1.205269e-02
6.579332e+04 7.080771e-03
8.111308e+04 3.792059e-03
1.000000e+05 1.852580e-03
1.232847e+05 8.324558e-04
1.519911e+05 3.492096e-04
1.873817e+05 1.392455e-04
2.310130e+05 5.368399e-05
2.848036e+05 2.028041e-05
3.511192e+05 7.575382e-06
4.328761e+05 2.813168e-06
5.336699e+05 1.041720e-06
6.579332e+05 3.852414e-07
8.111308e+05 1.423836e-07
1.000000e+06 5.261109e-08
1.232847e+06 1.943788e-08
1.519911e+06 7.181276e-09
1.873817e+06 2.653059e-09
2.310130e+06 9.801424e-10
2.848036e+06 3.621015e-10
3.511192e+06 1.337738e-10
4.328761e+06 4.942101e-11
5.336699e+06 1.825795e-11
6.579332e+06 6.745165e-12
8.111308e+06 2.491914e-12
1.000000e+07 9.206054e-13
