1.000000e-02 1.205973e-02
1.232847e-02 1.270143e-02
1.519911e-02 1.337728e-02
1.873817e-02 1.408908e-02
2.310130e-02 1.483877e-02
2.848036e-02 1.562834e-02
3.511192e-02 1.645993e-02
4.328761e-02 1.733577e-02
5.336699e-02 1.825821e-02
6.579332e-02 1.922973e-02
8.111308e-02 2.025295e-02
1.000000e-01 2.133062e-02
1.232847e-01 2.246563e-02
1.519911e-01 2.366103e-02
1.873817e-01 2.492004e-02
2.310130e-01 2.624604e-02
2.848036e-01 2.764260e-02
3.511192e-01 2.911346e-02
4.328761e-01 3.066259e-02
5.336699e-01 3.229415e-02
6.579332e-01 3.401249e-02
8.111308e-01 3.582222e-02
1.000000e+00 3.772815e-02
1.232847e+00 3.973529e-02
1.519911e+00 4.184886e-02
1.873817e+00 4.407425e-02
2.310130e+00 4.641694e-02
2.848036e+00 4.888249e-02
3.511192e+00 5.147636e-02
4.328761e+00 5.420384e-02
5.336699e+00 5.706981e-02
6.579332e+00 6.007853e-02
8.111308e+00 6.323329e-02
1.000000e+01 6.653601e-02
1.232847e+01 6.998679e-02
1.519911e+01 7.358324e-02
1.873817e+01 7.731984e-02
2.310130e+01 8.118705e-02
2.848036e+01 8.517041e-02
3.511192e+01 8.924951e-02
4.328761e+01 9.339690e-02
5.336699e+01 9.757699e-02
6.579332e+01 1.017450e-01
8.111308e+01 1.058464e-01
1.000000e+02 1.098160e-01
1.232847e+02 1.135782e-01
1.519911e+02 1.170477e-01
1.873817e+02 1.201309e-01
2.310130e+02 1.227283e-01
2.848036e+02 1.247382e-01
3.511192e+02 1.260607e-01
4.328761e+02 1.266035e-01
5.336699e+02 1.262871e-01
6.579332e+02 1.250509e-01
8.111308e+02 1.228583e-01
1.000000e+03 1.197007e-01
1.232847e+03 1.155996e-01
1.519911e+03 1.106074e-01
1.873817e+03 1.048052e-01
2.310130e+03 9.829994e-02
2.848036e+03 9.121910e-02
3.511192e+03 8.370540e-02
4.328761e+03 7.591059e-02
5.336699e+03 6.798951e-02
6.579332e+03 6.009464e-02
8.111308e+03 5.237139e-02
1.000000e+04 4.495416e-02
1.232847e+04 3.796300e-02
1.519911e+04 3.150053e-02
1.873817e+04 2.564860e-02
2.310130e+04 2.046487e-02
2.848036e+04 1.597976e-02
3.511192e+04 1.219477e-02
4.328761e+04 9.083303e-03
5.336699e+04 6.594347e-03
6.579332e+04 4.658740e-03
8.111308e+04 3.196791e-03
1.000000e+05 2.125848e-03
1.232847e+05 1.366536e-03
1.519911e+05 8.470115e-04
1.873817e+05 5.052534e-04
2.310130e+05 2.899015e-04
2.848036e+05 1.602408e-04
3.511192e+05 8.564706e-05
4.328761e+05 4.451096e-05
5.336699e+05 2.263451e-05
6.579332e+05 1.133043e-05
8.111308e+05 5.611693e-06
1.000000e+06 2.760434e-06
1.232847e+06 1.352237e-06
1.519911e+06 6.608019e-07
1.873817e+06 3.224735e-07
2.310130e+06 1.572505e-07
2.848036e+06 7.665121e-08
3.511192e+06 3.735587e-08
4.328761e+06 1.820357e-08
5.336699e+06 8.870232e-09
6.579332e+06 4.322209e-09
8.111308e+06 2.106076e-09
1.000000e+07 1.026223e-09
