1.000000e-02 4.526810e-03
1.232847e-02 4.813151e-03
1.519911e-02 5.117606e-03
1.873817e-02 5.441318e-03
2.310130e-02 5.785506e-03
2.848036e-02 6.151466e-03
3.511192e-02 6.540575e-03
4.328761e-02 6.954297e-03
5.336699e-02 7.394188e-03
6.579332e-02 7.861905e-03
8.111308e-02 8.359207e-03
1.000000e-01 8.887965e-03
1.232847e-01 9.450170e-03
1.519911e-01 1.004794e-02
1.873817e-01 1.068352e-02
2.310130e-01 1.135930e-02
2.848036e-01 1.207783e-02
3.511192e-01 1.284180e-02
4.328761e-01 1.365410e-02
5.336699e-01 1.451778e-02
6.579332e-01 1.543609e-02
8.111308e-01 1.641245e-02
1.000000e+00 1.745054e-02
1.232847e+00 1.855420e-02
1.519911e+00 1.972751e-02
1.873817e+00 2.097477e-02
2.310130e+00 2.230045e-02
2.848036e+00 2.370922e-02
3.511192e+00 2.520589e-02
4.328761e+00 2.679538e-02
5.336699e+00 2.848263e-02
6.579332e+00 3.027253e-02
8.111308e+00 3.216978e-02
1.000000e+01 3.417874e-02
1.232847e+01 3.630328e-02
1.519911e+01 3.854646e-02
1.873817e+01 4.091031e-02
2.310130e+01 4.339552e-02
2.848036e+01 4.600102e-02
3.511192e+01 4.872362e-02
4.328761e+01 5.155763e-02
5.336699e+01 5.449448e-02
6.579332e+01 5.752238e-02
8.111308e+01 6.062618e-02
1.000000e+02 6.378738e-02
1.232847e+02 6.698439e-02
1.519911e+02 7.019319e-02
1.873817e+02 7.338836e-02
2.310130e+02 7.654469e-02
2.848036e+02 7.963922e-02
3.511192e+02 8.265384e-02
4.328761e+02 8.557823e-02
5.336699e+02 8.841320e-02
6.579332e+02 9.117402e-02
8.111308e+02 9.389377e-02
1.000000e+03 9.662626e-02
1.232847e+03 9.944859e-02
1.519911e+03 1.024630e-01
1.873817e+03 1.057979e-01
2.310130e+03 1.096078e-01
2.848036e+03 1.140712e-01
3.511192e+03 1.193848e-01
4.328761e+03 1.257501e-01
5.336699e+03 1.333462e-01
6.579332e+03 1.422764e-01
8.111308e+03 1.524713e-01
1.000000e+04 1.635249e-01
1.232847e+04 1.744499e-01
1.519911e+04 1.833843e-01
1.873817e+04 1.874044e-01
2.310130e+04 1.828165e-01
2.848036e+04 1.664316e-01
3.511192e+04 1.378676e-01
4.328761e+04 1.014674e-01
5.336699e+04 6.527396e-02
6.579332e+04 3.661382e-02
8.111308e+04 1.817107e-02
1.000000e+05 8.213584e-03
1.232847e+05 3.504266e-03
1.519911e+05 1.459089e-03
1.873817e+05 6.077882e-04
2.310130e+05 2.568886e-04
2.848036e+05 1.107204e-04
3.511192e+05 4.861703e-05
4.328761e+05 2.166737e-05
5.336699e+05 9.759377e-06
6.579332e+05 4.426308e-06
8.111308e+05 2.016022e-06
1.000000e+06 9.204696e-07
1.232847e+06 4.208335e-07
1.519911e+06 1.925413e-07
1.873817e+06 8.812500e-08
2.310130e+06 4.034182e-08
2.848036e+06 1.846935e-08
3.511192e+06 8.456032e-09
4.328761e+06 3.871597e-09
5.336699e+06 1.772627e-09
6.579332e+06 8.116075e-10
8.111308e+06 3.715995e-10
1.000000e+07 1.701392e-10
