1.000000e-02 4.690809e-03
1.232847e-02 4.968733e-03
1.519911e-02 5.263124e-03
1.873817e-02 5.574956e-03
2.310130e-02 5.905265e-03
2.848036e-02 6.255143e-03
3.511192e-02 6.625751e-03
4.328761e-02 7.018318e-03
5.336699e-02 7.434143e-03
6.579332e-02 7.874606e-03
8.111308e-02 8.341165e-03
1.000000e-01 8.835367e-03
1.232847e-01 9.358850e-03
1.519911e-01 9.913349e-03
1.873817e-01 1.050070e-02
2.310130e-01 1.112285e-02
2.848036e-01 1.178187e-02
3.511192e-01 1.247992e-02
4.328761e-01 1.321934e-02
5.336699e-01 1.400256e-02
6.579332e-01 1.483218e-02
8.111308e-01 1.571093e-02
1.000000e+00 1.664171e-02
1.232847e+00 1.762757e-02
1.519911e+00 1.867171e-02
1.873817e+00 1.977750e-02
2.310130e+00 2.094845e-02
2.848036e+00 2.218821e-02
3.511192e+00 2.350058e-02
4.328761e+00 2.488942e-02
5.336699e+00 2.635872e-02
6.579332e+00 2.791245e-02
8.111308e+00 2.955461e-02
1.000000e+01 3.128910e-02
1.232847e+01 3.311969e-02
1.519911e+01 3.504990e-02
1.873817e+01 3.708292e-02
2.310130e+01 3.922149e-02
2.848036e+01 4.146779e-02
3.511192e+01 4.382324e-02
4.328761e+01 4.628847e-02
5.336699e+01 4.886309e-02
6.579332e+01 5.154563e-02
8.111308e+01 5.433347e-02
1.000000e+02 5.722279e-02
1.232847e+02 6.020866e-02
1.519911e+02 6.328520e-02
1.873817e+02 6.644591e-02
2.310130e+02 6.968414e-02
2.848036e+02 7.299380e-02
3.511192e+02 7.637028e-02
4.328761e+02 7.981160e-02
5.336699e+02 8.331976e-02
6.579332e+02 8.690236e-02
8.111308e+02 9.057427e-02
1.000000e+03 9.435941e-02
1.232847e+03 9.829236e-02
1.519911e+03 1.024197e-01
1.873817e+03 1.068009e-01
2.310130e+03 1.115075e-01
2.848036e+03 1.166214e-01
3.511192e+03 1.222294e-01
4.328761e+03 1.284132e-01
5.336699e+03 1.352313e-01
6.579332e+03 1.426892e-01
8.111308e+03 1.506916e-01
1.000000e+04 1.589704e-01
1.232847e+04 1.669860e-01
1.519911e+04 1.738096e-01
1.873817e+04 1.780259e-01
2.310130e+04 1.777449e-01
2.848036e+04 1.708745e-01
3.511192e+04 1.558034e-01
4.328761e+04 1.324444e-01
5.336699e+04 1.031218e-01
6.579332e+04 7.239511e-02
8.111308e+04 4.534607e-02
1.000000e+05 2.527767e-02
1.232847e+05 1.262411e-02
1.519911e+05 5.732800e-03
1.873817e+05 2.414585e-03
2.310130e+05 9.630711e-04
2.848036e+05 3.704969e-04
3.511192e+05 1.394222e-04
4.328761e+05 5.181533e-05
5.336699e+05 1.913010e-05
6.579332e+05 7.039584e-06
8.111308e+05 2.586427e-06
1.000000e+06 9.496131e-07
1.232847e+06 3.485454e-07
1.519911e+06 1.279132e-07
1.873817e+06 4.694051e-08
2.310130e+06 1.722546e-08
2.848036e+06 6.321066e-09
3.511192e+06 2.319574e-09
4.328761e+06 8.511885e-10
5.336699e+06 3.123511e-10
6.579332e+06 1.146199e-10
8.111308e+06 4.206078e-11
1.000000e+07 1.543457e-11
