1.000000e-02 2.428979e-02
1.232847e-02 2.554648e-02
1.519911e-02 2.686818e-02
1.873817e-02 2.825827e-02
2.310130e-02 2.972027e-02
2.848036e-02 3.125792e-02
3.511192e-02 3.287512e-02
4.328761e-02 3.457599e-02
5.336699e-02 3.636486e-02
6.579332e-02 3.824628e-02
8.111308e-02 4.022503e-02
1.000000e-01 4.230617e-02
1.232847e-01 4.449497e-02
1.519911e-01 4.679702e-02
1.873817e-01 4.921817e-02
2.310130e-01 5.176459e-02
2.848036e-01 5.444274e-02
3.511192e-01 5.725946e-02
4.328761e-01 6.022191e-02
5.336699e-01 6.333762e-02
6.579332e-01 6.661446e-02
8.111308e-01 7.006067e-02
1.000000e+00 7.368470e-02
1.232847e+00 7.749507e-02
1.519911e+00 8.150001e-02
1.873817e+00 8.570691e-02
2.310130e+00 9.012139e-02
2.848036e+00 9.474590e-02
3.511192e+00 9.957776e-02
4.328761e+00 1.046063e-01
5.336699e+00 1.098092e-01
6.579332e+00 1.151475e-01
8.111308e+00 1.205594e-01
1.000000e+01 1.259537e-01
1.232847e+01 1.312009e-01
1.519911e+01 1.361263e-01
1.873817e+01 1.405036e-01
2.310130e+01 1.440523e-01
2.848036e+01 1.464431e-01
3.511192e+01 1.473132e-01
4.328761e+01 1.462962e-01
5.336699e+01 1.430677e-01
6.579332e+01 1.374036e-01
8.111308e+01 1.292431e-01
1.000000e+02 1.187412e-01
1.232847e+02 1.062916e-01
1.519911e+02 9.250581e-02
1.873817e+02 7.814100e-02
2.310130e+02 6.399118e-02
2.848036e+02 5.076735e-02
3.511192e+02 3.900122e-02
4.328761e+02 2.899734e-02
5.336699e+02 2.083975e-02
6.579332e+02 1.444011e-02
8.111308e+02 9.603564e-03
1.000000e+03 6.088921e-03
1.232847e+03 3.649037e-03
1.519911e+03 2.049066e-03
1.873817e+03 1.071583e-03
2.310130e+03 5.216765e-04
2.848036e+03 2.379995e-04
3.511192e+03 1.030136e-04
4.328761e+03 4.291637e-05
5.336699e+03 1.743674e-05
6.579332e+03 6.978558e-06
8.111308e+03 2.769608e-06
1.000000e+04 1.094359e-06
1.232847e+04 4.314704e-07
1.519911e+04 1.699374e-07
1.873817e+04 6.689882e-08
2.310130e+04 2.633023e-08
2.848036e+04 1.036216e-08
3.511192e+04 4.077823e-09
4.328761e+04 1.604720e-09
5.336699e+04 6.314906e-10
6.579332e+04 2.485040e-10
8.111308e+04 9.779110e-11
1.000000e+05 3.848266e-11
1.232847e+05 1.514366e-11
1.519911e+05 5.959315e-12
1.873817e+05 2.345103e-12
2.310130e+05 9.228424e-13
2.848036e+05 3.631559e-13
3.511192e+05 1.429087e-13
4.328761e+05 5.623729e-14
5.336699e+05 2.213044e-14
6.579332e+05 8.708745e-15
8.111308e+05 3.427056e-15
1.000000e+06 1.348611e-15
1.232847e+06 5.307040e-16
1.519911e+06 2.088421e-16
1.873817e+06 8.218330e-17
2.310130e+06 3.234068e-17
2.848036e+06 1.272667e-17
3.511192e+06 5.008185e-18
4.328761e+06 1.970815e-18
5.336699e+06 7.755531e-19
6.579332e+06 3.051948e-19
8.111308e+06 1.200999e-19
1.000000e+07 4.726159e-20
