1.000000e-02 7.961023e-03
1.232847e-02 8.401740e-03
1.519911e-02 8.866855e-03
1.873817e-02 9.357718e-03
2.310130e-02 9.875756e-03
2.848036e-02 1.042247e-02
3.511192e-02 1.099945e-02
4.328761e-02 1.160838e-02
5.336699e-02 1.225101e-02
6.579332e-02 1.292922e-02
8.111308e-02 1.364497e-02
1.000000e-01 1.440035e-02
1.232847e-01 1.519754e-02
1.519911e-01 1.603887e-02
1.873817e-01 1.692677e-02
2.310130e-01 1.786382e-02
2.848036e-01 1.885275e-02
3.511192e-01 1.989643e-02
4.328761e-01 2.099788e-02
5.336699e-01 2.216031e-02
6.579332e-01 2.338710e-02
8.111308e-01 2.468179e-02
1.000000e+00 2.604816e-02
1.232847e+00 2.749018e-02
1.519911e+00 2.901202e-02
1.873817e+00 3.061810e-02
2.310130e+00 3.231306e-02
2.848036e+00 3.410180e-02
3.511192e+00 3.598943e-02
4.328761e+00 3.798134e-02
5.336699e+00 4.008310e-02
6.579332e+00 4.230050e-02
8.111308e+00 4.463948e-02
1.000000e+01 4.710606e-02
1.232847e+01 4.970625e-02
1.519911e+01 5.244592e-02
1.873817e+01 5.533061e-02
2.310130e+01 5.836527e-02
2.848036e+01 6.155399e-02
3.511192e+01 6.489956e-02
4.328761e+01 6.840304e-02
5.336699e+01 7.206309e-02
6.579332e+01 7.587532e-02
8.111308e+01 7.983148e-02
1.000000e+02 8.391848e-02
1.232847e+02 8.811748e-02
1.519911e+02 9.240277e-02
1.873817e+02 9.674077e-02
2.310130e+02 1.010891e-01
2.848036e+02 1.053958e-01
3.511192e+02 1.095989e-01
4.328761e+02 1.136264e-01
5.336699e+02 1.173971e-01
6.579332e+02 1.208215e-01
8.111308e+02 1.238041e-01
1.000000e+03 1.262463e-01
1.232847e+03 1.280498e-01
1.519911e+03 1.291209e-01
1.873817e+03 1.293747e-01
2.310130e+03 1.287394e-01
2.848036e+03 1.271599e-01
3.511192e+03 1.246011e-01
4.328761e+03 1.210494e-01
5.336699e+03 1.165145e-01
6.579332e+03 1.110305e-01
8.111308e+03 1.046570e-01
1.000000e+04 9.748058e-02
1.232847e+04 8.961749e-02
1.519911e+04 8.121484e-02
1.873817e+04 7.245067e-02
2.310130e+04 6.353019e-02
2.848036e+04 5.467706e-02
3.511192e+04 4.611933e-02
4.328761e+04 3.807146e-02
5.336699e+04 3.071582e-02
6.579332e+04 2.418716e-02
8.111308e+04 1.856356e-02
1.000000e+05 1.386525e-02
1.232847e+05 1.006080e-02
1.519911e+05 7.078449e-03
1.873817e+05 4.819212e-03
2.310130e+05 3.169499e-03
2.848036e+05 2.011675e-03
3.511192e+05 1.232629e-03
4.328761e+05 7.306650e-04
5.336699e+05 4.205869e-04
6.579332e+05 2.362683e-04
8.111308e+05 1.302298e-04
1.000000e+06 7.079048e-05
1.232847e+06 3.811119e-05
1.519911e+06 2.038774e-05
1.873817e+06 1.086287e-05
2.310130e+06 5.773872e-06
2.848036e+06 3.064631e-06
3.511192e+06 1.625360e-06
4.328761e+06 8.616728e-07
5.336699e+06 4.567180e-07
6.579332e+06 2.420563e-07
8.111308e+06 1.282838e-07
1.000000e+07 6.798689e-08
