1.000000e-02 2.155638e-02
1.232847e-02 2.250355e-02
1.519911e-02 2.349234e-02
1.873817e-02 2.452457e-02
2.310130e-02 2.560216e-02
2.848036e-02 2.672710e-02
3.511192e-02 2.790146e-02
4.328761e-02 2.912743e-02
5.336699e-02 3.040726e-02
6.579332e-02 3.174333e-02
8.111308e-02 3.313811e-02
1.000000e-01 3.459417e-02
1.232847e-01 3.611421e-02
1.519911e-01 3.770104e-02
1.873817e-01 3.935759e-02
2.310130e-01 4.108693e-02
2.848036e-01 4.289225e-02
3.511192e-01 4.477688e-02
4.328761e-01 4.674428e-02
5.336699e-01 4.879802e-02
6.579332e-01 5.094176e-02
8.111308e-01 5.317916e-02
1.000000e+00 5.551381e-02
1.232847e+00 5.794909e-02
1.519911e+00 6.048796e-02
1.873817e+00 6.313272e-02
2.310130e+00 6.588470e-02
2.848036e+00 6.874385e-02
3.511192e+00 7.170828e-02
4.328761e+00 7.477377e-02
5.336699e+00 7.793313e-02
6.579332e+00 8.117562e-02
8.111308e+00 8.448625e-02
1.000000e+01 8.784510e-02
1.232847e+01 9.122675e-02
1.519911e+01 9.459967e-02
1.873817e+01 9.792583e-02
2.310130e+01 1.011605e-01
2.848036e+01 1.042525e-01
3.511192e+01 1.071442e-01
4.328761e+01 1.097729e-01
5.336699e+01 1.120716e-01
6.579332e+01 1.139715e-01
8.111308e+01 1.154035e-01
1.000000e+02 1.163015e-01
1.232847e+02 1.166051e-01
1.519911e+02 1.162628e-01
1.873817e+02 1.152353e-01
2.310130e+02 1.134981e-01
2.848036e+02 1.110439e-01
3.511192e+02 1.078840e-01
4.328761e+02 1.040492e-01
5.336699e+02 9.958854e-02
6.579332e+02 9.456852e-02
8.111308e+02 8.906968e-02
1.000000e+03 8.318340e-02
1.232847e+03 7.700784e-02
1.519911e+03 7.064400e-02
1.873817e+03 6.419225e-02
2.310130e+03 5.774944e-02
2.848036e+03 5.140699e-02
3.511192e+03 4.524945e-02
4.328761e+03 3.935373e-02
5.336699e+03 3.378824e-02
6.579332e+03 2.861192e-02
8.111308e+03 2.387283e-02
1.000000e+04 1.960633e-02
1.232847e+04 1.583333e-02
1.519911e+04 1.255910e-02
1.873817e+04 9.773253e-03
2.310130e+04 7.451091e-03
2.848036e+04 5.556301e-03
3.511192e+04 4.044452e-03
4.328761e+04 2.866702e-03
5.336699e+04 1.973059e-03
6.579332e+04 1.314833e-03
8.111308e+04 8.462000e-04
1.000000e+05 5.251681e-04
1.232847e+05 3.143730e-04
1.519911e+05 1.819376e-04
1.873817e+05 1.022281e-04
2.310130e+05 5.607281e-05
2.848036e+05 3.019600e-05
3.511192e+05 1.604788e-05
4.328761e+05 8.452636e-06
5.336699e+05 4.426307e-06
6.579332e+05 2.309494e-06
8.111308e+05 1.202385e-06
1.000000e+06 6.251926e-07
1.232847e+06 3.248374e-07
1.519911e+06 1.687097e-07
1.873817e+06 8.760241e-08
2.310130e+06 4.548197e-08
2.848036e+06 2.361210e-08
3.511192e+06 1.225789e-08
4.328761e+06 6.363407e-09
5.336699e+06 3.303395e-09
6.579332e+06 1.714865e-09
8.111308e+06 8.902232e-10
1.000000e+07 4.621339e-10
