1.000000e-02 1.322989e-02
1.232847e-02 1.391658e-02
1.519911e-02 1.463891e-02
1.873817e-02 1.539873e-02
2.310130e-02 1.619800e-02
2.848036e-02 1.703875e-02
3.511192e-02 1.792314e-02
4.328761e-02 1.885343e-02
5.336699e-02 1.983200e-02
6.579332e-02 2.086137e-02
8.111308e-02 2.194417e-02
1.000000e-01 2.308318e-02
1.232847e-01 2.428130e-02
1.519911e-01 2.554161e-02
1.873817e-01 2.686733e-02
2.310130e-01 2.826186e-02
2.848036e-01 2.972878e-02
3.511192e-01 3.127181e-02
4.328761e-01 3.289486e-02
5.336699e-01 3.460199e-02
6.579332e-01 3.639733e-02
8.111308e-01 3.828499e-02
1.000000e+00 4.026888e-02
1.232847e+00 4.235251e-02
1.519911e+00 4.453860e-02
1.873817e+00 4.682868e-02
2.310130e+00 4.922249e-02
2.848036e+00 5.171734e-02
3.511192e+00 5.430732e-02
4.328761e+00 5.698246e-02
5.336699e+00 5.972787e-02
6.579332e+00 6.252288e-02
8.111308e+00 6.534038e-02
1.000000e+01 6.814636e-02
1.232847e+01 7.089988e-02
1.519911e+01 7.355359e-02
1.873817e+01 7.605480e-02
2.310130e+01 7.834744e-02
2.848036e+01 8.037464e-02
3.511192e+01 8.208200e-02
4.328761e+01 8.342128e-02
5.336699e+01 8.435420e-02
6.579332e+01 8.485592e-02
8.111308e+01 8.491781e-02
1.000000e+02 8.454907e-02
1.232847e+02 8.377711e-02
1.519911e+02 8.264631e-02
1.873817e+02 8.121574e-02
2.310130e+02 7.955571e-02
2.848036e+02 7.774393e-02
3.511192e+02 7.586160e-02
4.328761e+02 7.398985e-02
5.336699e+02 7.220706e-02
6.579332e+02 7.058692e-02
8.111308e+02 6.919765e-02
1.000000e+03 6.810201e-02
1.232847e+03 6.735806e-02
1.519911e+03 6.702043e-02
1.873817e+03 6.714174e-02
2.310130e+03 6.777390e-02
2.848036e+03 6.896870e-02
3.511192e+03 7.077717e-02
4.328761e+03 7.324660e-02
5.336699e+03 7.641388e-02
6.579332e+03 8.029309e-02
8.111308e+03 8.485420e-02
1.000000e+04 8.998962e-02
1.232847e+04 9.546522e-02
1.519911e+04 1.008558e-01
1.873817e+04 1.054748e-01
2.310130e+04 1.083261e-01
2.848036e+04 1.081407e-01
3.511192e+04 1.035861e-01
4.328761e+04 9.372470e-02
5.336699e+04 7.865849e-02
6.579332e+04 6.003250e-02
8.111308e+04 4.085962e-02
1.000000e+05 2.440197e-02
1.232847e+05 1.267783e-02
1.519911e+05 5.750171e-03
1.873817e+05 2.316680e-03
2.310130e+05 8.520870e-04
2.848036e+05 2.946720e-04
3.511192e+05 9.820537e-05
4.328761e+05 3.208203e-05
5.336699e+05 1.037794e-05
6.579332e+05 3.341989e-06
8.111308e+05 1.074135e-06
1.000000e+06 3.449618e-07
1.232847e+06 1.107515e-07
1.519911e+06 3.555314e-08
1.873817e+06 1.141269e-08
2.310130e+06 3.663461e-09
2.848036e+06 1.175961e-09
3.511192e+06 3.774794e-10
4.328761e+06 1.211695e-10
5.336699e+06 3.889498e-11
6.579332e+06 1.248515e-11
8.111308e+06 4.007687e-12
1.000000e+07 1.286453e-12
