1.000000e-02 1.182872e-02
1.232847e-02 1.240851e-02
1.519911e-02 1.301672e-02
1.873817e-02 1.365474e-02
2.310130e-02 1.432403e-02
2.848036e-02 1.502613e-02
3.511192e-02 1.576264e-02
4.328761e-02 1.653526e-02
5.336699e-02 1.734574e-02
6.579332e-02 1.819595e-02
8.111308e-02 1.908783e-02
1.000000e-01 2.002343e-02
1.232847e-01 2.100489e-02
1.519911e-01 2.203445e-02
1.873817e-01 2.311448e-02
2.310130e-01 2.424745e-02
2.848036e-01 2.543595e-02
3.511192e-01 2.668271e-02
4.328761e-01 2.799058e-02
5.336699e-01 2.936258e-02
6.579332e-01 3.080187e-02
8.111308e-01 3.231180e-02
1.000000e+00 3.389593e-02
1.232847e+00 3.555804e-02
1.519911e+00 3.730224e-02
1.873817e+00 3.913295e-02
2.310130e+00 4.105504e-02
2.848036e+00 4.307387e-02
3.511192e+00 4.519544e-02
4.328761e+00 4.742647e-02
5.336699e+00 4.977452e-02
6.579332e+00 5.224814e-02
8.111308e+00 5.485699e-02
1.000000e+01 5.761192e-02
1.232847e+01 6.052503e-02
1.519911e+01 6.360973e-02
1.873817e+01 6.688060e-02
2.310130e+01 7.035320e-02
2.848036e+01 7.404373e-02
3.511192e+01 7.796834e-02
4.328761e+01 8.214229e-02
5.336699e+01 8.657856e-02
6.579332e+01 9.128607e-02
8.111308e+01 9.626726e-02
1.000000e+02 1.015149e-01
1.232847e+02 1.070083e-01
1.519911e+02 1.127084e-01
1.873817e+02 1.185524e-01
2.310130e+02 1.244479e-01
2.848036e+02 1.302671e-01
3.511192e+02 1.358418e-01
4.328761e+02 1.409608e-01
5.336699e+02 1.453705e-01
6.579332e+02 1.487818e-01
8.111308e+02 1.508837e-01
1.000000e+03 1.513643e-01
1.232847e+03 1.499405e-01
1.519911e+03 1.463917e-01
1.873817e+03 1.405946e-01
2.310130e+03 1.325521e-01
2.848036e+03 1.224113e-01
3.511192e+03 1.104657e-01
4.328761e+03 9.714195e-02
5.336699e+03 8.297262e-02
6.579332e+03 6.856001e-02
8.111308e+03 5.453355e-02
1.000000e+04 4.150170e-02
1.232847e+04 2.999779e-02
1.519911e+04 2.042010e-02
1.873817e+04 1.297341e-02
2.310130e+04 7.629195e-03
2.848036e+04 4.130305e-03
3.511192e+04 2.058576e-03
4.328761e+04 9.511990e-04
5.336699e+04 4.128597e-04
6.579332e+04 1.710580e-04
8.111308e+04 6.869635e-05
1.000000e+05 2.706610e-05
1.232847e+05 1.054930e-05
1.519911e+05 4.088267e-06
1.873817e+05 1.579843e-06
2.310130e+05 6.096729e-07
2.848036e+05 2.351301e-07
3.511192e+05 9.065647e-08
4.328761e+05 3.494919e-08
5.336699e+05 1.347266e-08
6.579332e+05 5.193501e-09
8.111308e+05 2.001997e-09
1.000000e+06 7.717293e-10
1.232847e+06 2.974856e-10
1.519911e+06 1.146745e-10
1.873817e+06 4.420459e-11
2.310130e+06 1.703994e-11
2.848036e+06 6.568536e-12
3.511192e+06 2.532032e-12
4.328761e+06 9.760449e-13
5.336699e+06 3.762447e-13
6.579332e+06 1.450344e-13
8.111308e+06 5.590769e-14
1.000000e+07 2.155124e-14
