1.000000e-02 9.179706e-03
1.232847e-02 9.683648e-03
1.519911e-02 1.021526e-02
1.873817e-02 1.077605e-02
2.310130e-02 1.136762e-02
2.848036e-02 1.199168e-02
3.511192e-02 1.264999e-02
4.328761e-02 1.334444e-02
5.336699e-02 1.407701e-02
6.579332e-02 1.484980e-02
8.111308e-02 1.566502e-02
1.000000e-01 1.652499e-02
1.232847e-01 1.743217e-02
1.519911e-01 1.838915e-02
1.873817e-01 1.939866e-02
2.310130e-01 2.046360e-02
2.848036e-01 2.158699e-02
3.511192e-01 2.277206e-02
4.328761e-01 2.402219e-02
5.336699e-01 2.534095e-02
6.579332e-01 2.673210e-02
8.111308e-01 2.819963e-02
1.000000e+00 2.974773e-02
1.232847e+00 3.138082e-02
1.519911e+00 3.310356e-02
1.873817e+00 3.492088e-02
2.310130e+00 3.683792e-02
2.848036e+00 3.886010e-02
3.511192e+00 4.099307e-02
4.328761e+00 4.324271e-02
5.336699e+00 4.561506e-02
6.579332e+00 4.811629e-02
8.111308e+00 5.075257e-02
1.000000e+01 5.352995e-02
1.232847e+01 5.645420e-02
1.519911e+01 5.953051e-02
1.873817e+01 6.276316e-02
2.310130e+01 6.615515e-02
2.848036e+01 6.970763e-02
3.511192e+01 7.341924e-02
4.328761e+01 7.728538e-02
5.336699e+01 8.129726e-02
6.579332e+01 8.544088e-02
8.111308e+01 8.969593e-02
1.000000e+02 9.403451e-02
1.232847e+02 9.842003e-02
1.519911e+02 1.028060e-01
1.873817e+02 1.071353e-01
2.310130e+02 1.113395e-01
2.848036e+02 1.153387e-01
3.511192e+02 1.190429e-01
4.328761e+02 1.223527e-01
5.336699e+02 1.251627e-01
6.579332e+02 1.273646e-01
8.111308e+02 1.288520e-01
1.000000e+03 1.295257e-01
1.232847e+03 1.292994e-01
1.519911e+03 1.281057e-01
1.873817e+03 1.259008e-01
2.310130e+03 1.226686e-01
2.848036e+03 1.184233e-01
3.511192e+03 1.132099e-01
4.328761e+03 1.071033e-01
5.336699e+03 1.002064e-01
6.579332e+03 9.264721e-02
8.111308e+03 8.457587e-02
1.000000e+04 7.616079e-02
1.232847e+04 6.758424e-02
1.519911e+04 5.903625e-02
1.873817e+04 5.070661e-02
2.310130e+04 4.277491e-02
2.848036e+04 3.539971e-02
3.511192e+04 2.870817e-02
4.328761e+04 2.278813e-02
5.336699e+04 1.768419e-02
6.579332e+04 1.339846e-02
8.111308e+04 9.895740e-03
1.000000e+05 7.111949e-03
1.232847e+05 4.963741e-03
1.519911e+05 3.357662e-03
1.873817e+05 2.197655e-03
2.310130e+05 1.390779e-03
2.848036e+05 8.516004e-04
3.511192e+05 5.057489e-04
4.328761e+05 2.924559e-04
5.336699e+05 1.654722e-04
6.579332e+05 9.207085e-05
8.111308e+05 5.061149e-05
1.000000e+06 2.758964e-05
1.232847e+06 1.495730e-05
1.519911e+06 8.080695e-06
1.873817e+06 4.356342e-06
2.310130e+06 2.345585e-06
2.848036e+06 1.262032e-06
3.511192e+06 6.787649e-07
4.328761e+06 3.649891e-07
5.336699e+06 1.962445e-07
6.579332e+06 1.055107e-07
8.111308e+06 5.672696e-08
1.000000e+07 3.049870e-08
