1.000000e-02 3.438019e-02
1.232847e-02 3.581259e-02
1.519911e-02 3.730466e-02
1.873817e-02 3.885890e-02
2.310130e-02 4.047789e-02
2.848036e-02 4.216433e-02
3.511192e-02 4.392104e-02
4.328761e-02 4.575093e-02
5.336699e-02 4.765707e-02
6.579332e-02 4.964262e-02
8.111308e-02 5.171090e-02
1.000000e-01 5.386534e-02
1.232847e-01 5.610955e-02
1.519911e-01 5.844726e-02
1.873817e-01 6.088237e-02
2.310130e-01 6.341893e-02
2.848036e-01 6.606118e-02
3.511192e-01 6.881352e-02
4.328761e-01 7.168053e-02
5.336699e-01 7.466702e-02
6.579332e-01 7.777794e-02
8.111308e-01 8.101841e-02
1.000000e+00 8.439360e-02
1.232847e+00 8.790849e-02
1.519911e+00 9.156753e-02
1.873817e+00 9.537388e-02
2.310130e+00 9.932839e-02
2.848036e+00 1.034278e-01
3.511192e+00 1.076624e-01
4.328761e+00 1.120124e-01
5.336699e+00 1.164432e-01
6.579332e+00 1.208996e-01
8.111308e+00 1.252979e-01
1.000000e+01 1.295172e-01
1.232847e+01 1.333908e-01
1.519911e+01 1.366980e-01
1.873817e+01 1.391603e-01
2.310130e+01 1.404456e-01
2.848036e+01 1.401850e-01
3.511192e+01 1.380070e-01
4.328761e+01 1.335918e-01
5.336699e+01 1.267417e-01
6.579332e+01 1.174543e-01
8.111308e+01 1.059791e-01
1.000000e+02 9.282912e-02
1.232847e+02 7.873276e-02
1.519911e+02 6.452587e-02
1.873817e+02 5.101264e-02
2.310130e+02 3.883842e-02
2.848036e+02 2.841369e-02
3.511192e+02 1.990511e-02
4.328761e+02 1.328026e-02
5.336699e+02 8.374062e-03
6.579332e+02 4.945841e-03
8.111308e+02 2.713897e-03
1.000000e+03 1.378231e-03
1.232847e+03 6.498811e-04
1.519911e+03 2.875431e-04
1.873817e+03 1.211757e-04
2.310130e+03 4.938503e-05
2.848036e+03 1.971097e-05
3.511192e+03 7.773423e-06
4.328761e+03 3.045966e-06
5.336699e+03 1.189667e-06
6.579332e+03 4.639213e-07
8.111308e+03 1.807787e-07
1.000000e+04 7.042198e-08
1.232847e+04 2.742882e-08
1.519911e+04 1.068266e-08
1.873817e+04 4.160451e-09
2.310130e+04 1.620305e-09
2.848036e+04 6.310319e-10
3.511192e+04 2.457565e-10
4.328761e+04 9.571026e-11
5.336699e+04 3.727450e-11
6.579332e+04 1.451660e-11
8.111308e+04 5.653512e-12
1.000000e+05 2.201768e-12
1.232847e+05 8.574815e-13
1.519911e+05 3.339473e-13
1.873817e+05 1.300562e-13
2.310130e+05 5.065058e-14
2.848036e+05 1.972594e-14
3.511192e+05 7.682293e-15
4.328761e+05 2.991880e-15
5.336699e+05 1.165192e-15
6.579332e+05 4.537855e-16
8.111308e+05 1.767274e-16
1.000000e+06 6.882671e-17
1.232847e+06 2.680466e-17
1.519911e+06 1.043911e-17
1.873817e+06 4.065526e-18
2.310130e+06 1.583325e-18
2.848036e+06 6.166279e-19
3.511192e+06 2.401466e-19
4.328761e+06 9.352541e-20
5.336699e+06 3.642360e-20
6.579332e+06 1.418522e-20
8.111308e+06 5.524453e-21
1.000000e+07 2.151506e-21
