1.000000e-02 7.524394e-03
1.232847e-02 7.938687e-03
1.519911e-02 8.375791e-03
1.873817e-02 8.836962e-03
2.310130e-02 9.323525e-03
2.848036e-02 9.836879e-03
3.511192e-02 1.037850e-02
4.328761e-02 1.094994e-02
5.336699e-02 1.155284e-02
6.579332e-02 1.218894e-02
8.111308e-02 1.286006e-02
1.000000e-01 1.356814e-02
1.232847e-01 1.431520e-02
1.519911e-01 1.510340e-02
1.873817e-01 1.593499e-02
2.310130e-01 1.681237e-02
2.848036e-01 1.773806e-02
3.511192e-01 1.871472e-02
4.328761e-01 1.974515e-02
5.336699e-01 2.083232e-02
6.579332e-01 2.197936e-02
8.111308e-01 2.318956e-02
1.000000e+00 2.446641e-02
1.232847e+00 2.581361e-02
1.519911e+00 2.723505e-02
1.873817e+00 2.873486e-02
2.310130e+00 3.031742e-02
2.848036e+00 3.198737e-02
3.511192e+00 3.374965e-02
4.328761e+00 3.560948e-02
5.336699e+00 3.757240e-02
6.579332e+00 3.964430e-02
8.111308e+00 4.183137e-02
1.000000e+01 4.414013e-02
1.232847e+01 4.657739e-02
1.519911e+01 4.915018e-02
1.873817e+01 5.186567e-02
2.310130e+01 5.473103e-02
2.848036e+01 5.775324e-02
3.511192e+01 6.093880e-02
4.328761e+01 6.429343e-02
5.336699e+01 6.782155e-02
6.579332e+01 7.152574e-02
8.111308e+01 7.540602e-02
1.000000e+02 7.945896e-02
1.232847e+02 8.367670e-02
1.519911e+02 8.804575e-02
1.873817e+02 9.254575e-02
2.310130e+02 9.714805e-02
2.848036e+02 1.018144e-01
3.511192e+02 1.064955e-01
4.328761e+02 1.111301e-01
5.336699e+02 1.156443e-01
6.579332e+02 1.199512e-01
8.111308e+02 1.239515e-01
1.000000e+03 1.275350e-01
1.232847e+03 1.305829e-01
1.519911e+03 1.329712e-01
1.873817e+03 1.345747e-01
2.310130e+03 1.352728e-01
2.848036e+03 1.349547e-01
3.511192e+03 1.335254e-01
4.328761e+03 1.309115e-01
5.336699e+03 1.270672e-01
6.579332e+03 1.219796e-01
8.111308e+03 1.156745e-01
1.000000e+04 1.082225e-01
1.232847e+04 9.974415e-02
1.519911e+04 9.041434e-02
1.873817e+04 8.046300e-02
2.310130e+04 7.016927e-02
2.848036e+04 5.984747e-02
3.511192e+04 4.982432e-02
4.328761e+04 4.041001e-02
5.336699e+04 3.186791e-02
6.579332e+04 2.438922e-02
8.111308e+04 1.807828e-02
1.000000e+05 1.295107e-02
1.232847e+05 8.946228e-03
1.519911e+05 5.944455e-03
1.873817e+05 3.791005e-03
2.310130e+05 2.316969e-03
2.848036e+05 1.357079e-03
3.511192e+05 7.633508e-04
4.328761e+05 4.141684e-04
5.336699e+05 2.180799e-04
6.579332e+05 1.122014e-04
8.111308e+05 5.677134e-05
1.000000e+06 2.840199e-05
1.232847e+06 1.410661e-05
1.519911e+06 6.975522e-06
1.873817e+06 3.440399e-06
2.310130e+06 1.694376e-06
2.848036e+06 8.338141e-07
3.511192e+06 4.101576e-07
4.328761e+06 2.017178e-07
5.336699e+06 9.919669e-08
6.579332e+06 4.877907e-08
8.111308e+06 2.398637e-08
1.000000e+07 1.179491e-08
