1.000000e-02 4.295967e-03
1.232847e-02 4.579199e-03
1.519911e-02 4.881104e-03
1.873817e-02 5.202914e-03
2.310130e-02 5.545940e-03
2.848036e-02 5.911583e-03
3.511192e-02 6.301332e-03
4.328761e-02 6.716777e-03
5.336699e-02 7.159612e-03
6.579332e-02 7.631643e-03
8.111308e-02 8.134795e-03
1.000000e-01 8.671120e-03
1.232847e-01 9.242805e-03
1.519911e-01 9.852180e-03
1.873817e-01 1.050173e-02
2.310130e-01 1.119411e-02
2.848036e-01 1.193213e-02
3.511192e-01 1.271882e-02
4.328761e-01 1.355737e-02
5.336699e-01 1.445122e-02
6.579332e-01 1.540403e-02
8.111308e-01 1.641971e-02
1.000000e+00 1.750247e-02
1.232847e+00 1.865683e-02
1.519911e+00 1.988769e-02
1.873817e+00 2.120036e-02
2.310130e+00 2.260063e-02
2.848036e+00 2.409487e-02
3.511192e+00 2.569010e-02
4.328761e+00 2.739409e-02
5.336699e+00 2.921544e-02
6.579332e+00 3.116373e-02
8.111308e+00 3.324953e-02
1.000000e+01 3.548451e-02
1.232847e+01 3.788142e-02
1.519911e+01 4.045400e-02
1.873817e+01 4.321677e-02
2.310130e+01 4.618468e-02
2.848036e+01 4.937247e-02
3.511192e+01 5.279379e-02
4.328761e+01 5.645986e-02
5.336699e+01 6.037771e-02
6.579332e+01 6.454778e-02
8.111308e+01 6.896104e-02
1.000000e+02 7.359534e-02
1.232847e+02 7.841141e-02
1.519911e+02 8.334867e-02
1.873817e+02 8.832133e-02
2.310130e+02 9.321582e-02
2.848036e+02 9.789049e-02
3.511192e+02 1.021789e-01
4.328761e+02 1.058981e-01
5.336699e+02 1.088626e-01
6.579332e+02 1.109036e-01
8.111308e+02 1.118917e-01
1.000000e+03 1.117610e-01
1.232847e+03 1.105274e-01
1.519911e+03 1.082994e-01
1.873817e+03 1.052763e-01
2.310130e+03 1.017350e-01
2.848036e+03 9.800711e-02
3.511192e+03 9.445431e-02
4.328761e+03 9.144752e-02
5.336699e+03 8.935640e-02
6.579332e+03 8.855198e-02
8.111308e+03 8.942152e-02
1.000000e+04 9.238902e-02
1.232847e+04 9.792453e-02
1.519911e+04 1.065034e-01
1.873817e+04 1.184306e-01
2.310130e+04 1.333666e-01
2.848036e+04 1.493402e-01
3.511192e+04 1.612901e-01
4.328761e+04 1.604496e-01
5.336699e+04 1.381735e-01
6.579332e+04 9.603943e-02
8.111308e+04 5.092883e-02
1.000000e+05 2.033208e-02
1.232847e+05 6.370298e-03
1.519911e+05 1.687175e-03
1.873817e+05 4.057532e-04
2.310130e+05 9.308767e-05
2.848036e+05 2.093066e-05
3.511192e+05 4.670255e-06
4.328761e+05 1.039301e-06
5.336699e+05 2.310846e-07
6.579332e+05 5.136758e-08
8.111308e+05 1.141762e-08
1.000000e+06 2.537777e-09
1.232847e+06 5.640649e-10
1.519911e+06 1.253730e-10
1.873817e+06 2.786628e-11
2.310130e+06 6.193752e-12
2.848036e+06 1.376666e-12
3.511192e+06 3.059874e-13
4.328761e+06 6.801088e-14
5.336699e+06 1.511657e-14
6.579332e+06 3.359913e-15
8.111308e+06 7.467975e-16
1.000000e+07 1.659884e-16
