1.000000e-02 2.360530e-02
1.232847e-02 2.477969e-02
1.519911e-02 2.601250e-02
1.873817e-02 2.730664e-02
2.310130e-02 2.866517e-02
2.848036e-02 3.009128e-02
3.511192e-02 3.158835e-02
4.328761e-02 3.315989e-02
5.336699e-02 3.480963e-02
6.579332e-02 3.654143e-02
8.111308e-02 3.835940e-02
1.000000e-01 4.026781e-02
1.232847e-01 4.227117e-02
1.519911e-01 4.437419e-02
1.873817e-01 4.658184e-02
2.310130e-01 4.889932e-02
2.848036e-01 5.133210e-02
3.511192e-01 5.388588e-02
4.328761e-01 5.656666e-02
5.336699e-01 5.938062e-02
6.579332e-01 6.233413e-02
8.111308e-01 6.543361e-02
1.000000e+00 6.868527e-02
1.232847e+00 7.209484e-02
1.519911e+00 7.566703e-02
1.873817e+00 7.940486e-02
2.310130e+00 8.330871e-02
2.848036e+00 8.737510e-02
3.511192e+00 9.159512e-02
4.328761e+00 9.595255e-02
5.336699e+00 1.004216e-01
6.579332e+00 1.049643e-01
8.111308e+00 1.095278e-01
1.000000e+01 1.140418e-01
1.232847e+01 1.184157e-01
1.519911e+01 1.225373e-01
1.873817e+01 1.262724e-01
2.310130e+01 1.294660e-01
2.848036e+01 1.319471e-01
3.511192e+01 1.335357e-01
4.328761e+01 1.340541e-01
5.336699e+01 1.333415e-01
6.579332e+01 1.312713e-01
8.111308e+01 1.277679e-01
1.000000e+02 1.228234e-01
1.232847e+02 1.165070e-01
1.519911e+02 1.089682e-01
1.873817e+02 1.004295e-01
2.310130e+02 9.117055e-02
2.848036e+02 8.150427e-02
3.511192e+02 7.175021e-02
4.328761e+02 6.220824e-02
5.336699e+02 5.313689e-02
6.579332e+02 4.473880e-02
8.111308e+02 3.715392e-02
1.000000e+03 3.046009e-02
1.232847e+03 2.467911e-02
1.519911e+03 1.978646e-02
1.873817e+03 1.572279e-02
2.310130e+03 1.240557e-02
2.848036e+03 9.739758e-03
3.511192e+03 7.626855e-03
4.328761e+03 5.971778e-03
5.336699e+03 4.687587e-03
6.579332e+03 3.698158e-03
8.111308e+03 2.939179e-03
1.000000e+04 2.357888e-03
1.232847e+04 1.912012e-03
1.519911e+04 1.568295e-03
1.873817e+04 1.300905e-03
2.310130e+04 1.089942e-03
2.848036e+04 9.201364e-04
3.511192e+04 7.798274e-04
4.328761e+04 6.602198e-04
5.336699e+04 5.549182e-04
6.579332e+04 4.596819e-04
8.111308e+04 3.722925e-04
1.000000e+05 2.923650e-04
1.232847e+05 2.209220e-04
1.519911e+05 1.596441e-04
1.873817e+05 1.099288e-04
2.310130e+05 7.211200e-05
2.848036e+05 4.520990e-05
3.511192e+05 2.725131e-05
4.328761e+05 1.591208e-05
5.336699e+05 9.069541e-06
6.579332e+05 5.080810e-06
8.111308e+05 2.812930e-06
1.000000e+06 1.545388e-06
1.232847e+06 8.449020e-07
1.519911e+06 4.605607e-07
1.873817e+06 2.506125e-07
2.310130e+06 1.362314e-07
2.848036e+06 7.401229e-08
3.511192e+06 4.019726e-08
4.328761e+06 2.182829e-08
5.336699e+06 1.185249e-08
6.579332e+06 6.435542e-09
8.111308e+06 3.494265e-09
1.000000e+07 1.897255e-09
