1.000000e-02 6.981420e-03
1.232847e-02 7.364326e-03
1.519911e-02 7.768232e-03
1.873817e-02 8.194291e-03
2.310130e-02 8.643718e-03
2.848036e-02 9.117794e-03
3.511192e-02 9.617872e-03
4.328761e-02 1.014538e-02
5.336699e-02 1.070181e-02
6.579332e-02 1.128877e-02
8.111308e-02 1.190792e-02
1.000000e-01 1.256102e-02
1.232847e-01 1.324995e-02
1.519911e-01 1.397666e-02
1.873817e-01 1.474323e-02
2.310130e-01 1.555184e-02
2.848036e-01 1.640480e-02
3.511192e-01 1.730455e-02
4.328761e-01 1.825364e-02
5.336699e-01 1.925479e-02
6.579332e-01 2.031085e-02
8.111308e-01 2.142484e-02
1.000000e+00 2.259996e-02
1.232847e+00 2.383956e-02
1.519911e+00 2.514723e-02
1.873817e+00 2.652674e-02
2.310130e+00 2.798212e-02
2.848036e+00 2.951763e-02
3.511192e+00 3.113783e-02
4.328761e+00 3.284759e-02
5.336699e+00 3.465209e-02
6.579332e+00 3.655691e-02
8.111308e+00 3.856798e-02
1.000000e+01 4.069166e-02
1.232847e+01 4.293472e-02
1.519911e+01 4.530435e-02
1.873817e+01 4.780813e-02
2.310130e+01 5.045397e-02
2.848036e+01 5.325001e-02
3.511192e+01 5.620451e-02
4.328761e+01 5.932560e-02
5.336699e+01 6.262099e-02
6.579332e+01 6.609758e-02
8.111308e+01 6.976098e-02
1.000000e+02 7.361478e-02
1.232847e+02 7.765984e-02
1.519911e+02 8.189322e-02
1.873817e+02 8.630710e-02
2.310130e+02 9.088742e-02
2.848036e+02 9.561241e-02
3.511192e+02 1.004511e-01
4.328761e+02 1.053614e-01
5.336699e+02 1.102891e-01
6.579332e+02 1.151660e-01
8.111308e+02 1.199093e-01
1.000000e+03 1.244210e-01
1.232847e+03 1.285883e-01
1.519911e+03 1.322849e-01
1.873817e+03 1.353732e-01
2.310130e+03 1.377075e-01
2.848036e+03 1.391390e-01
3.511192e+03 1.395209e-01
4.328761e+03 1.387152e-01
5.336699e+03 1.366013e-01
6.579332e+03 1.330851e-01
8.111308e+03 1.281100e-01
1.000000e+04 1.216691e-01
1.232847e+04 1.138172e-01
1.519911e+04 1.046824e-01
1.873817e+04 9.447284e-02
2.310130e+04 8.347815e-02
2.848036e+04 7.205939e-02
3.511192e+04 6.062643e-02
4.328761e+04 4.960195e-02
5.336699e+04 3.937672e-02
6.579332e+04 3.026535e-02
8.111308e+04 2.247346e-02
1.000000e+05 1.608435e-02
1.232847e+05 1.106692e-02
1.519911e+05 7.299853e-03
1.873817e+05 4.603147e-03
2.310130e+05 2.769048e-03
2.848036e+05 1.588255e-03
3.511192e+05 8.703258e-04
4.328761e+05 4.578050e-04
5.336699e+05 2.327740e-04
6.579332e+05 1.153101e-04
8.111308e+05 5.607025e-05
1.000000e+06 2.692920e-05
1.232847e+06 1.283342e-05
1.519911e+06 6.087682e-06
1.873817e+06 2.880165e-06
2.310130e+06 1.360682e-06
2.848036e+06 6.423426e-07
3.511192e+06 3.031168e-07
4.328761e+06 1.430122e-07
5.336699e+06 6.746840e-08
6.579332e+06 3.182828e-08
8.111308e+06 1.501486e-08
1.000000e+07 7.083189e-09
