1.000000e-02 2.583087e-02
1.232847e-02 2.701038e-02
1.519911e-02 2.824374e-02
1.873817e-02 2.953341e-02
2.310130e-02 3.088198e-02
2.848036e-02 3.229213e-02
3.511192e-02 3.376667e-02
4.328761e-02 3.530854e-02
5.336699e-02 3.692081e-02
6.579332e-02 3.860671e-02
8.111308e-02 4.036959e-02
1.000000e-01 4.221296e-02
1.232847e-01 4.414051e-02
1.519911e-01 4.615607e-02
1.873817e-01 4.826367e-02
2.310130e-01 5.046751e-02
2.848036e-01 5.277197e-02
3.511192e-01 5.518163e-02
4.328761e-01 5.770123e-02
5.336699e-01 6.033564e-02
6.579332e-01 6.308976e-02
8.111308e-01 6.596838e-02
1.000000e+00 6.897590e-02
1.232847e+00 7.211601e-02
1.519911e+00 7.539113e-02
1.873817e+00 7.880174e-02
2.310130e+00 8.234555e-02
2.848036e+00 8.601639e-02
3.511192e+00 8.980299e-02
4.328761e+00 9.368755e-02
5.336699e+00 9.764420e-02
6.579332e+00 1.016374e-01
8.111308e+00 1.056205e-01
1.000000e+01 1.095341e-01
1.232847e+01 1.133059e-01
1.519911e+01 1.168498e-01
1.873817e+01 1.200669e-01
2.310130e+01 1.228478e-01
2.848036e+01 1.250755e-01
3.511192e+01 1.266303e-01
4.328761e+01 1.273963e-01
5.336699e+01 1.272683e-01
6.579332e+01 1.261597e-01
8.111308e+01 1.240099e-01
1.000000e+02 1.207917e-01
1.232847e+02 1.165153e-01
1.519911e+02 1.112313e-01
1.873817e+02 1.050299e-01
2.310130e+02 9.803797e-02
2.848036e+02 9.041266e-02
3.511192e+02 8.233405e-02
4.328761e+02 7.399587e-02
5.336699e+02 6.559576e-02
6.579332e+02 5.732552e-02
8.111308e+02 4.936174e-02
1.000000e+03 4.185756e-02
1.232847e+03 3.493611e-02
1.519911e+03 2.868605e-02
1.873817e+03 2.315976e-02
2.310130e+03 1.837410e-02
2.848036e+03 1.431399e-02
3.511192e+03 1.093824e-02
4.328761e+03 8.186908e-03
5.336699e+03 5.989181e-03
6.579332e+03 4.270400e-03
8.111308e+03 2.957400e-03
1.000000e+04 1.981580e-03
1.232847e+04 1.279942e-03
1.519911e+04 7.949651e-04
1.873817e+04 4.745436e-04
2.310130e+04 2.728320e-04
2.848036e+04 1.517680e-04
3.511192e+04 8.218240e-05
4.328761e+04 4.360219e-05
5.336699e+04 2.279967e-05
6.579332e+04 1.180614e-05
8.111308e+04 6.075348e-06
1.000000e+05 3.114326e-06
1.232847e+05 1.592810e-06
1.519911e+05 8.135610e-07
1.873817e+05 4.152330e-07
2.310130e+05 2.118429e-07
2.848036e+05 1.080532e-07
3.511192e+05 5.510726e-08
4.328761e+05 2.810293e-08
5.336699e+05 1.433110e-08
6.579332e+05 7.308019e-09
8.111308e+05 3.726625e-09
1.000000e+06 1.900332e-09
1.232847e+06 9.690414e-10
1.519911e+06 4.941452e-10
1.873817e+06 2.519802e-10
2.310130e+06 1.284926e-10
2.848036e+06 6.552242e-11
3.511192e+06 3.341194e-11
4.328761e+06 1.703779e-11
5.336699e+06 8.688102e-12
6.579332e+06 4.430335e-12
8.111308e+06 2.259166e-12
1.000000e+07 1.152020e-12
