1.000000e-02 7.952041e-03
1.232847e-02 8.391006e-03
1.519911e-02 8.854202e-03
1.873817e-02 9.342968e-03
2.310130e-02 9.858714e-03
2.848036e-02 1.040293e-02
3.511192e-02 1.097719e-02
4.328761e-02 1.158314e-02
5.336699e-02 1.222255e-02
6.579332e-02 1.289726e-02
8.111308e-02 1.360920e-02
1.000000e-01 1.436045e-02
1.232847e-01 1.515317e-02
1.519911e-01 1.598965e-02
1.873817e-01 1.687230e-02
2.310130e-01 1.780368e-02
2.848036e-01 1.878647e-02
3.511192e-01 1.982351e-02
4.328761e-01 2.091779e-02
5.336699e-01 2.207248e-02
6.579332e-01 2.329090e-02
8.111308e-01 2.457655e-02
1.000000e+00 2.593311e-02
1.232847e+00 2.736447e-02
1.519911e+00 2.887465e-02
1.873817e+00 3.046790e-02
2.310130e+00 3.214858e-02
2.848036e+00 3.392124e-02
3.511192e+00 3.579051e-02
4.328761e+00 3.776111e-02
5.336699e+00 3.983777e-02
6.579332e+00 4.202517e-02
8.111308e+00 4.432785e-02
1.000000e+01 4.675010e-02
1.232847e+01 4.929578e-02
1.519911e+01 5.196822e-02
1.873817e+01 5.476994e-02
2.310130e+01 5.770241e-02
2.848036e+01 6.076580e-02
3.511192e+01 6.395858e-02
4.328761e+01 6.727716e-02
5.336699e+01 7.071544e-02
6.579332e+01 7.426433e-02
8.111308e+01 7.791122e-02
1.000000e+02 8.163949e-02
1.232847e+02 8.542796e-02
1.519911e+02 8.925041e-02
1.873817e+02 9.307520e-02
2.310130e+02 9.686496e-02
2.848036e+02 1.005765e-01
3.511192e+02 1.041612e-01
4.328761e+02 1.075648e-01
5.336699e+02 1.107290e-01
6.579332e+02 1.135920e-01
8.111308e+02 1.160900e-01
1.000000e+03 1.181592e-01
1.232847e+03 1.197376e-01
1.519911e+03 1.207670e-01
1.873817e+03 1.211949e-01
2.310130e+03 1.209767e-01
2.848036e+03 1.200768e-01
3.511192e+03 1.184694e-01
4.328761e+03 1.161392e-01
5.336699e+03 1.130810e-01
6.579332e+03 1.093000e-01
8.111308e+03 1.048117e-01
1.000000e+04 9.964260e-02
1.232847e+04 9.383225e-02
1.519911e+04 8.743587e-02
1.873817e+04 8.052776e-02
2.310130e+04 7.320493e-02
2.848036e+04 6.558951e-02
3.511192e+04 5.782889e-02
4.328761e+04 5.009186e-02
5.336699e+04 4.255986e-02
6.579332e+04 3.541342e-02
8.111308e+04 2.881582e-02
1.000000e+05 2.289718e-02
1.232847e+05 1.774274e-02
1.519911e+05 1.338790e-02
1.873817e+05 9.820671e-03
2.310130e+05 6.989988e-03
2.848036e+05 4.817117e-03
3.511192e+05 3.207249e-03
4.328761e+05 2.059446e-03
5.336699e+05 1.274444e-03
6.579332e+05 7.607284e-04
8.111308e+05 4.392404e-04
1.000000e+06 2.464403e-04
1.232847e+06 1.351071e-04
1.519911e+06 7.279205e-05
1.873817e+06 3.873966e-05
2.310130e+06 2.044971e-05
2.848036e+06 1.073996e-05
3.511192e+06 5.623574e-06
4.328761e+06 2.939697e-06
5.336699e+06 1.535428e-06
6.579332e+06 8.016705e-07
8.111308e+06 4.185107e-07
1.000000e+07 2.184777e-07
