1.000000e-02 1.401155e-02
1.232847e-02 1.474961e-02
1.519911e-02 1.552654e-02
1.873817e-02 1.634440e-02
2.310130e-02 1.720534e-02
2.848036e-02 1.811162e-02
3.511192e-02 1.906565e-02
4.328761e-02 2.006993e-02
5.336699e-02 2.112711e-02
6.579332e-02 2.223997e-02
8.111308e-02 2.341146e-02
1.000000e-01 2.464465e-02
1.232847e-01 2.594280e-02
1.519911e-01 2.730934e-02
1.873817e-01 2.874785e-02
2.310130e-01 3.026213e-02
2.848036e-01 3.185619e-02
3.511192e-01 3.353420e-02
4.328761e-01 3.530059e-02
5.336699e-01 3.716000e-02
6.579332e-01 3.911729e-02
8.111308e-01 4.117754e-02
1.000000e+00 4.334600e-02
1.232847e+00 4.562812e-02
1.519911e+00 4.802939e-02
1.873817e+00 5.055531e-02
2.310130e+00 5.321125e-02
2.848036e+00 5.600221e-02
3.511192e+00 5.893262e-02
4.328761e+00 6.200597e-02
5.336699e+00 6.522441e-02
6.579332e+00 6.858825e-02
8.111308e+00 7.209534e-02
1.000000e+01 7.574029e-02
1.232847e+01 7.951372e-02
1.519911e+01 8.340123e-02
1.873817e+01 8.738243e-02
2.310130e+01 9.142991e-02
2.848036e+01 9.550816e-02
3.511192e+01 9.957268e-02
4.328761e+01 1.035693e-01
5.336699e+01 1.074338e-01
6.579332e+01 1.110923e-01
8.111308e+01 1.144615e-01
1.000000e+02 1.174514e-01
1.232847e+02 1.199670e-01
1.519911e+02 1.219123e-01
1.873817e+02 1.231946e-01
2.310130e+02 1.237300e-01
2.848036e+02 1.234486e-01
3.511192e+02 1.222997e-01
4.328761e+02 1.202568e-01
5.336699e+02 1.173207e-01
6.579332e+02 1.135215e-01
8.111308e+02 1.089178e-01
1.000000e+03 1.035946e-01
1.232847e+03 9.765916e-02
1.519911e+03 9.123459e-02
1.873817e+03 8.445369e-02
2.310130e+03 7.745182e-02
2.848036e+03 7.036072e-02
3.511192e+03 6.330338e-02
4.328761e+03 5.639037e-02
5.336699e+03 4.971780e-02
6.579332e+03 4.336651e-02
8.111308e+03 3.740221e-02
1.000000e+04 3.187597e-02
1.232847e+04 2.682491e-02
1.519911e+04 2.227266e-02
1.873817e+04 1.822975e-02
2.310130e+04 1.469420e-02
2.848036e+04 1.165215e-02
3.511192e+04 9.079121e-03
4.328761e+04 6.941634e-03
5.336699e+04 5.199372e-03
6.579332e+04 3.807671e-03
8.111308e+04 2.720050e-03
1.000000e+05 1.890427e-03
1.232847e+05 1.274759e-03
1.519911e+05 8.320492e-04
1.873817e+05 5.249284e-04
2.310130e+05 3.201354e-04
2.848036e+05 1.891166e-04
3.511192e+05 1.086263e-04
4.328761e+05 6.096756e-05
5.336699e+05 3.361335e-05
6.579332e+05 1.829317e-05
8.111308e+05 9.866898e-06
1.000000e+06 5.290722e-06
1.232847e+06 2.826391e-06
1.519911e+06 1.506477e-06
1.873817e+06 8.018786e-07
2.310130e+06 4.265003e-07
2.848036e+06 2.267480e-07
3.511192e+06 1.205222e-07
4.328761e+06 6.405300e-08
5.336699e+06 3.403982e-08
6.579332e+06 1.808942e-08
8.111308e+06 9.612991e-09
1.000000e+07 5.108482e-09
