1.000000e-02 1.446280e-02
1.232847e-02 1.488685e-02
1.519911e-02 1.532334e-02
1.873817e-02 1.577263e-02
2.310130e-02 1.623509e-02
2.848036e-02 1.671111e-02
3.511192e-02 1.720109e-02
4.328761e-02 1.770543e-02
5.336699e-02 1.822456e-02
6.579332e-02 1.875891e-02
8.111308e-02 1.930893e-02
1.000000e-01 1.987508e-02
1.232847e-01 2.045782e-02
1.519911e-01 2.105766e-02
1.873817e-01 2.167508e-02
2.310130e-01 2.231060e-02
2.848036e-01 2.296475e-02
3.511192e-01 2.363809e-02
4.328761e-01 2.433118e-02
5.336699e-01 2.504460e-02
6.579332e-01 2.577899e-02
8.111308e-01 2.653499e-02
1.000000e+00 2.731333e-02
1.232847e+00 2.811487e-02
1.519911e+00 2.894057e-02
1.873817e+00 2.979167e-02
2.310130e+00 3.066972e-02
2.848036e+00 3.157674e-02
3.511192e+00 3.251541e-02
4.328761e+00 3.348926e-02
5.336699e+00 3.450294e-02
6.579332e+00 3.556254e-02
8.111308e+00 3.667594e-02
1.000000e+01 3.785324e-02
1.232847e+01 3.910721e-02
1.519911e+01 4.045385e-02
1.873817e+01 4.191300e-02
2.310130e+01 4.350899e-02
2.848036e+01 4.527145e-02
3.511192e+01 4.723612e-02
4.328761e+01 4.944583e-02
5.336699e+01 5.195150e-02
6.579332e+01 5.481322e-02
8.111308e+01 5.810125e-02
1.000000e+02 6.189675e-02
1.232847e+02 6.629187e-02
1.519911e+02 7.138876e-02
1.873817e+02 7.729627e-02
2.310130e+02 8.412325e-02
2.848036e+02 9.196621e-02
3.511192e+02 1.008888e-01
4.328761e+02 1.108907e-01
5.336699e+02 1.218633e-01
6.579332e+02 1.335345e-01
8.111308e+02 1.454092e-01
1.000000e+03 1.567251e-01
1.232847e+03 1.664553e-01
1.519911e+03 1.733964e-01
1.873817e+03 1.763710e-01
2.310130e+03 1.745267e-01
2.848036e+03 1.676476e-01
3.511192e+03 1.563374e-01
4.328761e+03 1.419532e-01
5.336699e+03 1.262852e-01
6.579332e+03 1.111202e-01
8.111308e+03 9.788485e-02
1.000000e+04 8.749626e-02
1.232847e+04 8.040910e-02
1.519911e+04 7.674806e-02
1.873817e+04 7.636838e-02
2.310130e+04 7.865799e-02
2.848036e+04 8.187794e-02
3.511192e+04 8.215198e-02
4.328761e+04 7.371154e-02
5.336699e+04 5.379528e-02
6.579332e+04 2.944349e-02
8.111308e+04 1.188429e-02
1.000000e+05 3.760154e-03
1.232847e+05 1.022459e-03
1.519911e+05 2.573789e-04
1.873817e+05 6.263967e-05
2.310130e+05 1.504640e-05
2.848036e+05 3.597484e-06
3.511192e+05 8.588196e-07
4.328761e+05 2.049272e-07
5.336699e+05 4.889185e-08
6.579332e+05 1.166423e-08
8.111308e+05 2.782731e-09
1.000000e+06 6.638731e-10
1.232847e+06 1.583793e-10
1.519911e+06 3.778434e-11
1.873817e+06 9.014160e-12
2.310130e+06 2.150496e-12
2.848036e+06 5.130408e-13
3.511192e+06 1.223955e-13
4.328761e+06 2.919972e-14
5.336699e+06 6.966136e-15
6.579332e+06 1.661902e-15
8.111308e+06 3.964776e-16
1.000000e+07 9.458712e-17
