1.000000e-02 7.366031e-03
1.232847e-02 7.769927e-03
1.519911e-02 8.195969e-03
1.873817e-02 8.645371e-03
2.310130e-02 9.119416e-03
2.848036e-02 9.619453e-03
3.511192e-02 1.014691e-02
4.328761e-02 1.070329e-02
5.336699e-02 1.129017e-02
6.579332e-02 1.190923e-02
8.111308e-02 1.256224e-02
1.000000e-01 1.325106e-02
1.232847e-01 1.397764e-02
1.519911e-01 1.474407e-02
1.873817e-01 1.555252e-02
2.310130e-01 1.640529e-02
2.848036e-01 1.730483e-02
3.511192e-01 1.825369e-02
4.328761e-01 1.925459e-02
5.336699e-01 2.031036e-02
6.579332e-01 2.142403e-02
8.111308e-01 2.259877e-02
1.000000e+00 2.383796e-02
1.232847e+00 2.514513e-02
1.519911e+00 2.652405e-02
1.873817e+00 2.797871e-02
2.310130e+00 2.951333e-02
2.848036e+00 3.113241e-02
3.511192e+00 3.284073e-02
4.328761e+00 3.464338e-02
5.336699e+00 3.654579e-02
6.579332e+00 3.855371e-02
8.111308e+00 4.067331e-02
1.000000e+01 4.291107e-02
1.232847e+01 4.527388e-02
1.519911e+01 4.776891e-02
1.873817e+01 5.040363e-02
2.310130e+01 5.318565e-02
2.848036e+01 5.612260e-02
3.511192e+01 5.922193e-02
4.328761e+01 6.249058e-02
5.336699e+01 6.593460e-02
6.579332e+01 6.955869e-02
8.111308e+01 7.336552e-02
1.000000e+02 7.735498e-02
1.232847e+02 8.152326e-02
1.519911e+02 8.586171e-02
1.873817e+02 9.035566e-02
2.310130e+02 9.498298e-02
2.848036e+02 9.971269e-02
3.511192e+02 1.045035e-01
4.328761e+02 1.093023e-01
5.336699e+02 1.140434e-01
6.579332e+02 1.186474e-01
8.111308e+02 1.230213e-01
1.000000e+03 1.270590e-01
1.232847e+03 1.306423e-01
1.519911e+03 1.336441e-01
1.873817e+03 1.359309e-01
2.310130e+03 1.373674e-01
2.848036e+03 1.378208e-01
3.511192e+03 1.371668e-01
4.328761e+03 1.352948e-01
5.336699e+03 1.321147e-01
6.579332e+03 1.275644e-01
8.111308e+03 1.216199e-01
1.000000e+04 1.143067e-01
1.232847e+04 1.057129e-01
1.519911e+04 9.600218e-02
1.873817e+04 8.542118e-02
2.310130e+04 7.429751e-02
2.848036e+04 6.302253e-02
3.511192e+04 5.201793e-02
4.328761e+04 4.169010e-02
5.336699e+04 3.238169e-02
6.579332e+04 2.433241e-02
8.111308e+04 1.765874e-02
1.000000e+05 1.235636e-02
1.232847e+05 8.321839e-03
1.519911e+05 5.385105e-03
1.873817e+05 3.343504e-03
2.310130e+05 1.990714e-03
2.848036e+05 1.137776e-03
3.511192e+05 6.261388e-04
4.328761e+05 3.334493e-04
5.336699e+05 1.729296e-04
6.579332e+05 8.790957e-05
8.111308e+05 4.406511e-05
1.000000e+06 2.188282e-05
1.232847e+06 1.080350e-05
1.519911e+06 5.314910e-06
1.873817e+06 2.609428e-06
2.310130e+06 1.279689e-06
2.848036e+06 6.271923e-07
3.511192e+06 3.072992e-07
4.328761e+06 1.505413e-07
5.336699e+06 7.374272e-08
6.579332e+06 3.612188e-08
8.111308e+06 1.769365e-08
1.000000e+07 8.666904e-09
