1.000000e-02 4.561607e-02
1.232847e-02 4.678317e-02
1.519911e-02 4.798013e-02
1.873817e-02 4.920772e-02
2.310130e-02 5.046671e-02
2.848036e-02 5.175791e-02
3.511192e-02 5.308215e-02
4.328761e-02 5.444027e-02
5.336699e-02 5.583314e-02
6.579332e-02 5.726164e-02
8.111308e-02 5.872670e-02
1.000000e-01 6.022923e-02
1.232847e-01 6.177021e-02
1.519911e-01 6.335062e-02
1.873817e-01 6.497146e-02
2.310130e-01 6.663376e-02
2.848036e-01 6.833856e-02
3.511192e-01 7.008687e-02
4.328761e-01 7.187960e-02
5.336699e-01 7.371737e-02
6.579332e-01 7.560035e-02
8.111308e-01 7.752775e-02
1.000000e+00 7.949744e-02
1.232847e+00 8.150521e-02
1.519911e+00 8.354404e-02
1.873817e+00 8.560332e-02
2.310130e+00 8.766799e-02
2.848036e+00 8.971790e-02
3.511192e+00 9.172728e-02
4.328761e+00 9.366455e-02
5.336699e+00 9.549263e-02
6.579332e+00 9.716969e-02
8.111308e+00 9.865058e-02
1.000000e+01 9.988884e-02
1.232847e+01 1.008392e-01
1.519911e+01 1.014608e-01
1.873817e+01 1.017196e-01
2.310130e+01 1.015920e-01
2.848036e+01 1.010669e-01
3.511192e+01 1.001468e-01
4.328761e+01 9.884869e-02
5.336699e+01 9.720273e-02
6.579332e+01 9.525035e-02
8.111308e+01 9.304114e-02
1.000000e+02 9.062915e-02
1.232847e+02 8.806884e-02
1.519911e+02 8.541124e-02
1.873817e+02 8.270045e-02
2.310130e+02 7.997083e-02
2.848036e+02 7.724492e-02
3.511192e+02 7.453221e-02
4.328761e+02 7.182879e-02
5.336699e+02 6.911778e-02
6.579332e+02 6.637071e-02
8.111308e+02 6.354991e-02
1.000000e+03 6.061186e-02
1.232847e+03 5.751165e-02
1.519911e+03 5.420838e-02
1.873817e+03 5.067124e-02
2.310130e+03 4.688574e-02
2.848036e+03 4.285921e-02
3.511192e+03 3.862463e-02
4.328761e+03 3.424172e-02
5.336699e+03 2.979454e-02
6.579332e+03 2.538539e-02
8.111308e+03 2.112575e-02
1.000000e+04 1.712550e-02
1.232847e+04 1.348214e-02
1.519911e+04 1.027175e-02
1.873817e+04 7.542795e-03
2.310130e+04 5.313454e-03
2.848036e+04 3.572033e-03
3.511192e+04 2.279726e-03
4.328761e+04 1.375416e-03
5.336699e+04 7.829606e-04
6.579332e+04 4.212510e-04
8.111308e+04 2.154442e-04
1.000000e+05 1.056787e-04
1.232847e+05 5.022517e-05
1.519911e+05 2.335019e-05
1.873817e+05 1.070181e-05
2.310130e+05 4.862367e-06
2.848036e+05 2.198155e-06
3.511192e+05 9.909814e-07
4.328761e+05 4.461004e-07
5.336699e+05 2.006640e-07
6.579332e+05 9.022782e-08
8.111308e+05 4.056295e-08
1.000000e+06 1.823388e-08
1.232847e+06 8.196146e-09
1.519911e+06 3.684100e-09
1.873817e+06 1.655956e-09
2.310130e+06 7.443283e-10
2.848036e+06 3.345641e-10
3.511192e+06 1.503812e-10
4.328761e+06 6.759396e-11
5.336699e+06 3.038240e-11
6.579332e+06 1.365640e-11
8.111308e+06 6.138330e-12
1.000000e+07 2.759080e-12
