1.000000e-02 1.093535e-02
1.232847e-02 1.145593e-02
1.519911e-02 1.200130e-02
1.873817e-02 1.257263e-02
2.310130e-02 1.317115e-02
2.848036e-02 1.379817e-02
3.511192e-02 1.445504e-02
4.328761e-02 1.514318e-02
5.336699e-02 1.586408e-02
6.579332e-02 1.661930e-02
8.111308e-02 1.741047e-02
1.000000e-01 1.823930e-02
1.232847e-01 1.910760e-02
1.519911e-01 2.001722e-02
1.873817e-01 2.097015e-02
2.310130e-01 2.196845e-02
2.848036e-01 2.301427e-02
3.511192e-01 2.410988e-02
4.328761e-01 2.525765e-02
5.336699e-01 2.646008e-02
6.579332e-01 2.771979e-02
8.111308e-01 2.903955e-02
1.000000e+00 3.042232e-02
1.232847e+00 3.187125e-02
1.519911e+00 3.338974e-02
1.873817e+00 3.498152e-02
2.310130e+00 3.665070e-02
2.848036e+00 3.840188e-02
3.511192e+00 4.024024e-02
4.328761e+00 4.217174e-02
5.336699e+00 4.420319e-02
6.579332e+00 4.634247e-02
8.111308e+00 4.859873e-02
1.000000e+01 5.098254e-02
1.232847e+01 5.350609e-02
1.519911e+01 5.618340e-02
1.873817e+01 5.903037e-02
2.310130e+01 6.206490e-02
2.848036e+01 6.530684e-02
3.511192e+01 6.877775e-02
4.328761e+01 7.250052e-02
5.336699e+01 7.649859e-02
6.579332e+01 8.079482e-02
8.111308e+01 8.540980e-02
1.000000e+02 9.035941e-02
1.232847e+02 9.565156e-02
1.519911e+02 1.012819e-01
1.873817e+02 1.072282e-01
2.310130e+02 1.134440e-01
2.848036e+02 1.198510e-01
3.511192e+02 1.263307e-01
4.328761e+02 1.327178e-01
5.336699e+02 1.387947e-01
6.579332e+02 1.442911e-01
8.111308e+02 1.488912e-01
1.000000e+03 1.522500e-01
1.232847e+03 1.540208e-01
1.519911e+03 1.538929e-01
1.873817e+03 1.516346e-01
2.310130e+03 1.471340e-01
2.848036e+03 1.404265e-01
3.511192e+03 1.317002e-01
4.328761e+03 1.212729e-01
5.336699e+03 1.095443e-01
6.579332e+03 9.693515e-02
8.111308e+03 8.383205e-02
1.000000e+04 7.055905e-02
1.232847e+04 5.739299e-02
1.519911e+04 4.462807e-02
1.873817e+04 3.266825e-02
2.310130e+04 2.207873e-02
2.848036e+04 1.349136e-02
3.511192e+04 7.327216e-03
4.328761e+04 3.514866e-03
5.336699e+04 1.503022e-03
6.579332e+04 5.859660e-04
8.111308e+04 2.141145e-04
1.000000e+05 7.516584e-05
1.232847e+05 2.580656e-05
1.519911e+05 8.760567e-06
1.873817e+05 2.958158e-06
2.310130e+05 9.965178e-07
2.848036e+05 3.353641e-07
3.511192e+05 1.128167e-07
4.328761e+05 3.794563e-08
5.336699e+05 1.276216e-08
6.579332e+05 4.292171e-09
8.111308e+05 1.443532e-09
1.000000e+06 4.854833e-10
1.232847e+06 1.632758e-10
1.519911e+06 5.491226e-11
1.873817e+06 1.846786e-11
2.310130e+06 6.211035e-12
2.848036e+06 2.088870e-12
3.511192e+06 7.025200e-13
4.328761e+06 2.362686e-13
5.336699e+06 7.946087e-14
6.579332e+06 2.672395e-14
8.111308e+06 8.987688e-15
1.000000e+07 3.022702e-15
