1.000000e-02 2.177028e-02
1.232847e-02 2.287591e-02
1.519911e-02 2.403770e-02
1.873817e-02 2.525848e-02
2.310130e-02 2.654127e-02
2.848036e-02 2.788920e-02
3.511192e-02 2.930559e-02
4.328761e-02 3.079391e-02
5.336699e-02 3.235782e-02
6.579332e-02 3.400115e-02
8.111308e-02 3.572795e-02
1.000000e-01 3.754244e-02
1.232847e-01 3.944908e-02
1.519911e-01 4.145255e-02
1.873817e-01 4.355777e-02
2.310130e-01 4.576991e-02
2.848036e-01 4.809439e-02
3.511192e-01 5.053690e-02
4.328761e-01 5.310342e-02
5.336699e-01 5.580014e-02
6.579332e-01 5.863348e-02
8.111308e-01 6.160997e-02
1.000000e+00 6.473608e-02
1.232847e+00 6.801797e-02
1.519911e+00 7.146110e-02
1.873817e+00 7.506968e-02
2.310130e+00 7.884589e-02
2.848036e+00 8.278890e-02
3.511192e+00 8.689357e-02
4.328761e+00 9.114887e-02
5.336699e+00 9.553596e-02
6.579332e+00 1.000260e-01
8.111308e+00 1.045775e-01
1.000000e+01 1.091343e-01
1.232847e+01 1.136225e-01
1.519911e+01 1.179490e-01
1.873817e+01 1.220002e-01
2.310130e+01 1.256421e-01
2.848036e+01 1.287233e-01
3.511192e+01 1.310797e-01
4.328761e+01 1.325428e-01
5.336699e+01 1.329508e-01
6.579332e+01 1.321623e-01
8.111308e+01 1.300717e-01
1.000000e+02 1.266234e-01
1.232847e+02 1.218235e-01
1.519911e+02 1.157465e-01
1.873817e+02 1.085349e-01
2.310130e+02 1.003917e-01
2.848036e+02 9.156638e-02
3.511192e+02 8.233562e-02
4.328761e+02 7.298244e-02
5.336699e+02 6.377579e-02
6.579332e+02 5.495343e-02
8.111308e+02 4.670944e-02
1.000000e+03 3.918707e-02
1.232847e+03 3.247674e-02
1.519911e+03 2.661841e-02
1.873817e+03 2.160749e-02
2.310130e+03 1.740305e-02
2.848036e+03 1.393746e-02
3.511192e+03 1.112626e-02
4.328761e+03 8.877276e-03
5.336699e+03 7.098245e-03
6.579332e+03 5.702448e-03
8.111308e+03 4.612213e-03
1.000000e+04 3.760528e-03
1.232847e+04 3.091187e-03
1.519911e+04 2.558017e-03
1.873817e+04 2.123730e-03
2.310130e+04 1.758895e-03
2.848036e+04 1.441416e-03
3.511192e+04 1.156632e-03
4.328761e+04 8.977179e-04
5.336699e+04 6.653813e-04
6.579332e+04 4.656359e-04
8.111308e+04 3.053321e-04
1.000000e+05 1.872702e-04
1.232847e+05 1.079226e-04
1.519911e+05 5.899910e-05
1.873817e+05 3.096221e-05
2.310130e+05 1.578064e-05
2.848036e+05 7.887502e-06
3.511192e+05 3.894127e-06
4.328761e+05 1.908400e-06
5.336699e+05 9.312649e-07
6.579332e+05 4.533562e-07
8.111308e+05 2.204148e-07
1.000000e+06 1.070880e-07
1.232847e+06 5.200956e-08
1.519911e+06 2.525484e-08
1.873817e+06 1.226210e-08
2.310130e+06 5.953394e-09
2.848036e+06 2.890375e-09
3.511192e+06 1.403262e-09
4.328761e+06 6.812733e-10
5.336699e+06 3.307523e-10
6.579332e+06 1.605772e-10
8.111308e+06 7.795875e-11
1.000000e+07 3.784825e-11
