1.000000e-02 6.628894e-03
1.232847e-02 7.000272e-03
1.519911e-02 7.392457e-03
1.873817e-02 7.806613e-03
2.310130e-02 8.243972e-03
2.848036e-02 8.705834e-03
3.511192e-02 9.193571e-03
4.328761e-02 9.708633e-03
5.336699e-02 1.025255e-02
6.579332e-02 1.082694e-02
8.111308e-02 1.143351e-02
1.000000e-01 1.207407e-02
1.232847e-01 1.275050e-02
1.519911e-01 1.346484e-02
1.873817e-01 1.421920e-02
2.310130e-01 1.501582e-02
2.848036e-01 1.585706e-02
3.511192e-01 1.674544e-02
4.328761e-01 1.768359e-02
5.336699e-01 1.867430e-02
6.579332e-01 1.972052e-02
8.111308e-01 2.082535e-02
1.000000e+00 2.199209e-02
1.232847e+00 2.322421e-02
1.519911e+00 2.452539e-02
1.873817e+00 2.589951e-02
2.310130e+00 2.735070e-02
2.848036e+00 2.888329e-02
3.511192e+00 3.050191e-02
4.328761e+00 3.221144e-02
5.336699e+00 3.401703e-02
6.579332e+00 3.592415e-02
8.111308e+00 3.793855e-02
1.000000e+01 4.006628e-02
1.232847e+01 4.231364e-02
1.519911e+01 4.468721e-02
1.873817e+01 4.719372e-02
2.310130e+01 4.984000e-02
2.848036e+01 5.263285e-02
3.511192e+01 5.557882e-02
4.328761e+01 5.868403e-02
5.336699e+01 6.195378e-02
6.579332e+01 6.539221e-02
8.111308e+01 6.900173e-02
1.000000e+02 7.278246e-02
1.232847e+02 7.673142e-02
1.519911e+02 8.084174e-02
1.873817e+02 8.510162e-02
2.310130e+02 8.949330e-02
2.848036e+02 9.399188e-02
3.511192e+02 9.856420e-02
4.328761e+02 1.031677e-01
5.336699e+02 1.077496e-01
6.579332e+02 1.122460e-01
8.111308e+02 1.165819e-01
1.000000e+03 1.206712e-01
1.232847e+03 1.244174e-01
1.519911e+03 1.277158e-01
1.873817e+03 1.304550e-01
2.310130e+03 1.325203e-01
2.848036e+03 1.337973e-01
3.511192e+03 1.341759e-01
4.328761e+03 1.335550e-01
5.336699e+03 1.318477e-01
6.579332e+03 1.289869e-01
8.111308e+03 1.249316e-01
1.000000e+04 1.196735e-01
1.232847e+04 1.132441e-01
1.519911e+04 1.057212e-01
1.873817e+04 9.723344e-02
2.310130e+04 8.796360e-02
2.848036e+04 7.814601e-02
3.511192e+04 6.805883e-02
4.328761e+04 5.800847e-02
5.336699e+04 4.830658e-02
6.579332e+04 3.924201e-02
8.111308e+04 3.105267e-02
1.000000e+05 2.390344e-02
1.232847e+05 1.787532e-02
1.519911e+05 1.296776e-02
1.873817e+05 9.112080e-03
2.310130e+05 6.191381e-03
2.848036e+05 4.061549e-03
3.511192e+05 2.569609e-03
4.328761e+05 1.567886e-03
5.336699e+05 9.241007e-04
6.579332e+05 5.278732e-04
8.111308e+05 2.936417e-04
1.000000e+06 1.599446e-04
1.232847e+06 8.576925e-05
1.519911e+06 4.549300e-05
1.873817e+06 2.395608e-05
2.310130e+06 1.255778e-05
2.848036e+06 6.564923e-06
3.511192e+06 3.426705e-06
4.328761e+06 1.787170e-06
5.336699e+06 9.317057e-07
6.579332e+06 4.856409e-07
8.111308e+06 2.531195e-07
1.000000e+07 1.319263e-07
