1.000000e-02 5.753972e-02
1.232847e-02 5.897911e-02
1.519911e-02 6.045451e-02
1.873817e-02 6.196681e-02
2.310130e-02 6.351695e-02
2.848036e-02 6.510586e-02
3.511192e-02 6.673452e-02
4.328761e-02 6.840392e-02
5.336699e-02 7.011508e-02
6.579332e-02 7.186905e-02
8.111308e-02 7.366690e-02
1.000000e-01 7.550971e-02
1.232847e-01 7.739863e-02
1.519911e-01 7.933480e-02
1.873817e-01 8.131940e-02
2.310130e-01 8.335364e-02
2.848036e-01 8.543869e-02
3.511192e-01 8.757566e-02
4.328761e-01 8.976541e-02
5.336699e-01 9.200816e-02
6.579332e-01 9.430303e-02
8.111308e-01 9.664709e-02
1.000000e+00 9.903421e-02
1.232847e+00 1.014535e-01
1.519911e+00 1.038877e-01
1.873817e+00 1.063106e-01
2.310130e+00 1.086858e-01
2.848036e+00 1.109642e-01
3.511192e+00 1.130828e-01
4.328761e+00 1.149642e-01
5.336699e+00 1.165177e-01
6.579332e+00 1.176411e-01
8.111308e+00 1.182260e-01
1.000000e+01 1.181636e-01
1.232847e+01 1.173540e-01
1.519911e+01 1.157154e-01
1.873817e+01 1.131946e-01
2.310130e+01 1.097761e-01
2.848036e+01 1.054881e-01
3.511192e+01 1.004048e-01
4.328761e+01 9.464358e-02
5.336699e+01 8.835734e-02
6.579332e+01 8.172254e-02
8.111308e+01 7.492507e-02
1.000000e+02 6.814565e-02
1.232847e+02 6.154708e-02
1.519911e+02 5.526472e-02
1.873817e+02 4.940104e-02
2.310130e+02 4.402433e-02
2.848036e+02 3.917067e-02
3.511192e+02 3.484846e-02
4.328761e+02 3.104412e-02
5.336699e+02 2.772807e-02
6.579332e+02 2.486030e-02
8.111308e+02 2.239496e-02
1.000000e+03 2.028397e-02
1.232847e+03 1.847941e-02
1.519911e+03 1.693517e-02
1.873817e+03 1.560769e-02
2.310130e+03 1.445627e-02
2.848036e+03 1.344310e-02
3.511192e+03 1.253315e-02
4.328761e+03 1.169411e-02
5.336699e+03 1.089668e-02
6.579332e+03 1.011507e-02
8.111308e+03 9.327960e-03
1.000000e+04 8.519711e-03
1.232847e+04 7.681734e-03
1.519911e+04 6.813621e-03
1.873817e+04 5.923671e-03
2.310130e+04 5.028441e-03
2.848036e+04 4.151054e-03
3.511192e+04 3.318355e-03
4.328761e+04 2.557269e-03
5.336699e+04 1.890946e-03
6.579332e+04 1.335341e-03
8.111308e+04 8.967886e-04
1.000000e+05 5.711126e-04
1.232847e+05 3.447113e-04
1.519911e+05 1.977097e-04
1.873817e+05 1.083834e-04
2.310130e+05 5.724957e-05
2.848036e+05 2.939708e-05
3.511192e+05 1.479530e-05
4.328761e+05 7.347447e-06
5.336699e+05 3.618127e-06
6.579332e+05 1.772644e-06
8.111308e+05 8.659199e-07
1.000000e+06 4.222935e-07
1.232847e+06 2.057586e-07
1.519911e+06 1.002056e-07
1.873817e+06 4.878834e-08
2.310130e+06 2.375111e-08
2.848036e+06 1.156175e-08
3.511192e+06 5.627941e-09
4.328761e+06 2.739485e-09
5.336699e+06 1.333477e-09
6.579332e+06 6.490840e-10
8.111308e+06 3.159483e-10
1.000000e+07 1.537910e-10
