1.000000e-02 5.066574e-03
1.232847e-02 5.376284e-03
1.519911e-02 5.704926e-03
1.873817e-02 6.053657e-03
2.310130e-02 6.423706e-03
2.848036e-02 6.816375e-03
3.511192e-02 7.233047e-03
4.328761e-02 7.675189e-03
5.336699e-02 8.144359e-03
6.579332e-02 8.642208e-03
8.111308e-02 9.170490e-03
1.000000e-01 9.731065e-03
1.232847e-01 1.032591e-02
1.519911e-01 1.095711e-02
1.873817e-01 1.162690e-02
2.310130e-01 1.233763e-02
2.848036e-01 1.309180e-02
3.511192e-01 1.389208e-02
4.328761e-01 1.474128e-02
5.336699e-01 1.564238e-02
6.579332e-01 1.659856e-02
8.111308e-01 1.761319e-02
1.000000e+00 1.868983e-02
1.232847e+00 1.983224e-02
1.519911e+00 2.104443e-02
1.873817e+00 2.233060e-02
2.310130e+00 2.369520e-02
2.848036e+00 2.514288e-02
3.511192e+00 2.667850e-02
4.328761e+00 2.830710e-02
5.336699e+00 3.003387e-02
6.579332e+00 3.186406e-02
8.111308e+00 3.380292e-02
1.000000e+01 3.585558e-02
1.232847e+01 3.802688e-02
1.519911e+01 4.032118e-02
1.873817e+01 4.274208e-02
2.310130e+01 4.529213e-02
2.848036e+01 4.797246e-02
3.511192e+01 5.078232e-02
4.328761e+01 5.371866e-02
5.336699e+01 5.677558e-02
6.579332e+01 5.994388e-02
8.111308e+01 6.321068e-02
1.000000e+02 6.655909e-02
1.232847e+02 6.996821e-02
1.519911e+02 7.341341e-02
1.873817e+02 7.686713e-02
2.310130e+02 8.030016e-02
2.848036e+02 8.368370e-02
3.511192e+02 8.699202e-02
4.328761e+02 9.020587e-02
5.336699e+02 9.331650e-02
6.579332e+02 9.633007e-02
8.111308e+02 9.927218e-02
1.000000e+03 1.021923e-01
1.232847e+03 1.051676e-01
1.519911e+03 1.083063e-01
1.873817e+03 1.117500e-01
2.310130e+03 1.156739e-01
2.848036e+03 1.202856e-01
3.511192e+03 1.258179e-01
4.328761e+03 1.325124e-01
5.336699e+03 1.405817e-01
6.579332e+03 1.501334e-01
8.111308e+03 1.610222e-01
1.000000e+04 1.725910e-01
1.232847e+04 1.832723e-01
1.519911e+04 1.901251e-01
1.873817e+04 1.886708e-01
2.310130e+04 1.738816e-01
2.848036e+04 1.432583e-01
3.511192e+04 1.010345e-01
4.328761e+04 5.863571e-02
5.336699e+04 2.742478e-02
6.579332e+04 1.045110e-02
8.111308e+04 3.382763e-03
1.000000e+05 9.818008e-04
1.232847e+05 2.678282e-04
1.519911e+05 7.085350e-05
1.873817e+05 1.849206e-05
2.310130e+05 4.800098e-06
2.848036e+05 1.243484e-06
3.511192e+05 3.219042e-07
4.328761e+05 8.331305e-08
5.336699e+05 2.156095e-08
6.579332e+05 5.579730e-09
8.111308e+05 1.443962e-09
1.000000e+06 3.736779e-10
1.232847e+06 9.670276e-11
1.519911e+06 2.502536e-11
1.873817e+06 6.476220e-12
2.310130e+06 1.675957e-12
2.848036e+06 4.337149e-13
3.511192e+06 1.122395e-13
4.328761e+06 2.904605e-14
5.336699e+06 7.516722e-15
6.579332e+06 1.945225e-15
8.111308e+06 5.033977e-16
1.000000e+07 1.302724e-16
