1.000000e-02 2.223947e-02
1.232847e-02 2.339900e-02
1.519911e-02 2.461899e-02
1.873817e-02 2.590258e-02
2.310130e-02 2.725310e-02
2.848036e-02 2.867403e-02
3.511192e-02 3.016905e-02
4.328761e-02 3.174202e-02
5.336699e-02 3.339699e-02
6.579332e-02 3.513826e-02
8.111308e-02 3.697031e-02
1.000000e-01 3.889789e-02
1.232847e-01 4.092596e-02
1.519911e-01 4.305977e-02
1.873817e-01 4.530484e-02
2.310130e-01 4.766696e-02
2.848036e-01 5.015223e-02
3.511192e-01 5.276707e-02
4.328761e-01 5.551820e-02
5.336699e-01 5.841264e-02
6.579332e-01 6.145767e-02
8.111308e-01 6.466075e-02
1.000000e+00 6.802932e-02
1.232847e+00 7.157054e-02
1.519911e+00 7.529086e-02
1.873817e+00 7.919537e-02
2.310130e+00 8.328691e-02
2.848036e+00 8.756481e-02
3.511192e+00 9.202330e-02
4.328761e+00 9.664939e-02
5.336699e+00 1.014204e-01
6.579332e+00 1.063006e-01
8.111308e+00 1.112383e-01
1.000000e+01 1.161615e-01
1.232847e+01 1.209748e-01
1.519911e+01 1.255557e-01
1.873817e+01 1.297537e-01
2.310130e+01 1.333902e-01
2.848036e+01 1.362628e-01
3.511192e+01 1.381535e-01
4.328761e+01 1.388423e-01
5.336699e+01 1.381257e-01
6.579332e+01 1.358393e-01
8.111308e+01 1.318821e-01
1.000000e+02 1.262391e-01
1.232847e+02 1.189961e-01
1.519911e+02 1.103452e-01
1.873817e+02 1.005752e-01
2.310130e+02 9.004830e-02
2.848036e+02 7.916621e-02
3.511192e+02 6.833081e-02
4.328761e+02 5.790702e-02
5.336699e+02 4.819377e-02
6.579332e+02 3.940700e-02
8.111308e+02 3.167517e-02
1.000000e+03 2.504546e-02
1.232847e+03 1.949701e-02
1.519911e+03 1.495778e-02
1.873817e+03 1.132196e-02
2.310130e+03 8.465897e-03
2.848036e+03 6.261451e-03
3.511192e+03 4.585965e-03
4.328761e+03 3.328955e-03
5.336699e+03 2.395711e-03
6.579332e+03 1.708397e-03
8.111308e+03 1.205332e-03
1.000000e+04 8.391473e-04
1.232847e+04 5.743707e-04
1.519911e+04 3.848597e-04
1.873817e+04 2.513789e-04
2.310130e+04 1.595337e-04
2.848036e+04 9.823115e-05
3.511192e+04 5.873429e-05
4.328761e+04 3.420397e-05
5.336699e+04 1.948563e-05
6.579332e+04 1.091260e-05
8.111308e+04 6.035459e-06
1.000000e+05 3.309199e-06
1.232847e+05 1.803986e-06
1.519911e+05 9.798125e-07
1.873817e+05 5.309584e-07
2.310130e+05 2.873281e-07
2.848036e+05 1.553604e-07
3.511192e+05 8.396456e-08
4.328761e+05 4.536626e-08
5.336699e+05 2.450771e-08
6.579332e+05 1.323837e-08
8.111308e+05 7.150647e-09
1.000000e+06 3.862286e-09
1.232847e+06 2.086110e-09
1.519911e+06 1.126747e-09
1.873817e+06 6.085744e-10
2.310130e+06 3.287002e-10
2.848036e+06 1.775357e-10
3.511192e+06 9.588955e-11
4.328761e+06 5.179128e-11
5.336699e+06 2.797319e-11
6.579332e+06 1.510870e-11
8.111308e+06 8.160419e-12
1.000000e+07 4.407555e-12
