1.000000e-02 9.273073e-03
1.232847e-02 9.741287e-03
1.519911e-02 1.023314e-02
1.873817e-02 1.074983e-02
2.310130e-02 1.129261e-02
2.848036e-02 1.186279e-02
3.511192e-02 1.246177e-02
4.328761e-02 1.309098e-02
5.336699e-02 1.375197e-02
6.579332e-02 1.444633e-02
8.111308e-02 1.517575e-02
1.000000e-01 1.594200e-02
1.232847e-01 1.674694e-02
1.519911e-01 1.759253e-02
1.873817e-01 1.848081e-02
2.310130e-01 1.941393e-02
2.848036e-01 2.039418e-02
3.511192e-01 2.142392e-02
4.328761e-01 2.250564e-02
5.336699e-01 2.364198e-02
6.579332e-01 2.483567e-02
8.111308e-01 2.608959e-02
1.000000e+00 2.740674e-02
1.232847e+00 2.879023e-02
1.519911e+00 3.024330e-02
1.873817e+00 3.176927e-02
2.310130e+00 3.337155e-02
2.848036e+00 3.505360e-02
3.511192e+00 3.681890e-02
4.328761e+00 3.867093e-02
5.336699e+00 4.061308e-02
6.579332e+00 4.264867e-02
8.111308e+00 4.478082e-02
1.000000e+01 4.701242e-02
1.232847e+01 4.934606e-02
1.519911e+01 5.178389e-02
1.873817e+01 5.432759e-02
2.310130e+01 5.697819e-02
2.848036e+01 5.973594e-02
3.511192e+01 6.260020e-02
4.328761e+01 6.556916e-02
5.336699e+01 6.863971e-02
6.579332e+01 7.180711e-02
8.111308e+01 7.506472e-02
1.000000e+02 7.840368e-02
1.232847e+02 8.181248e-02
1.519911e+02 8.527656e-02
1.873817e+02 8.877786e-02
2.310130e+02 9.229436e-02
2.848036e+02 9.579959e-02
3.511192e+02 9.926219e-02
4.328761e+02 1.026456e-01
5.336699e+02 1.059076e-01
6.579332e+02 1.090005e-01
8.111308e+02 1.118711e-01
1.000000e+03 1.144605e-01
1.232847e+03 1.167056e-01
1.519911e+03 1.185391e-01
1.873817e+03 1.198911e-01
2.310130e+03 1.206905e-01
2.848036e+03 1.208665e-01
3.511192e+03 1.203504e-01
4.328761e+03 1.190782e-01
5.336699e+03 1.169930e-01
6.579332e+03 1.140480e-01
8.111308e+03 1.102114e-01
1.000000e+04 1.054708e-01
1.232847e+04 9.983940e-02
1.519911e+04 9.336255e-02
1.873817e+04 8.612352e-02
2.310130e+04 7.824794e-02
2.848036e+04 6.990489e-02
3.511192e+04 6.130300e-02
4.328761e+04 5.268012e-02
5.336699e+04 4.428622e-02
6.579332e+04 3.636136e-02
8.111308e+04 2.911240e-02
1.000000e+05 2.269356e-02
1.232847e+05 1.719490e-02
1.519911e+05 1.264092e-02
1.873817e+05 8.998021e-03
2.310130e+05 6.187756e-03
2.848036e+05 4.101999e-03
3.511192e+05 2.617168e-03
4.328761e+05 1.606425e-03
5.336699e+05 9.499093e-04
6.579332e+05 5.429689e-04
8.111308e+05 3.015401e-04
1.000000e+06 1.636725e-04
1.232847e+06 8.734242e-05
1.519911e+06 4.605988e-05
1.873817e+06 2.410030e-05
2.310130e+06 1.254859e-05
2.848036e+06 6.514803e-06
3.511192e+06 3.376694e-06
4.328761e+06 1.748644e-06
5.336699e+06 9.051581e-07
6.579332e+06 4.684537e-07
8.111308e+06 2.424273e-07
1.000000e+07 1.254560e-07
