1.000000e-02 2.543266e-02
1.232847e-02 2.656259e-02
1.519911e-02 2.774273e-02
1.873817e-02 2.897530e-02
2.310130e-02 3.026263e-02
2.848036e-02 3.160715e-02
3.511192e-02 3.301141e-02
4.328761e-02 3.447806e-02
5.336699e-02 3.600987e-02
6.579332e-02 3.760973e-02
8.111308e-02 3.928068e-02
1.000000e-01 4.102586e-02
1.232847e-01 4.284858e-02
1.519911e-01 4.475228e-02
1.873817e-01 4.674056e-02
2.310130e-01 4.881717e-02
2.848036e-01 5.098603e-02
3.511192e-01 5.325122e-02
4.328761e-01 5.561695e-02
5.336699e-01 5.808752e-02
6.579332e-01 6.066722e-02
8.111308e-01 6.336015e-02
1.000000e+00 6.617001e-02
1.232847e+00 6.909967e-02
1.519911e+00 7.215066e-02
1.873817e+00 7.532252e-02
2.310130e+00 7.861198e-02
2.848036e+00 8.201188e-02
3.511192e+00 8.551008e-02
4.328761e+00 8.908816e-02
5.336699e+00 9.272005e-02
6.579332e+00 9.637075e-02
8.111308e+00 9.999515e-02
1.000000e+01 1.035372e-01
1.232847e+01 1.069296e-01
1.519911e+01 1.100941e-01
1.873817e+01 1.129431e-01
2.310130e+01 1.153820e-01
2.848036e+01 1.173126e-01
3.511192e+01 1.186387e-01
4.328761e+01 1.192715e-01
5.336699e+01 1.191360e-01
6.579332e+01 1.181778e-01
8.111308e+01 1.163684e-01
1.000000e+02 1.137098e-01
1.232847e+02 1.102358e-01
1.519911e+02 1.060121e-01
1.873817e+02 1.011324e-01
2.310130e+02 9.571287e-02
2.848036e+02 8.988454e-02
3.511192e+02 8.378491e-02
4.328761e+02 7.754955e-02
5.336699e+02 7.130475e-02
6.579332e+02 6.516160e-02
8.111308e+02 5.921211e-02
1.000000e+03 5.352729e-02
1.232847e+03 4.815717e-02
1.519911e+03 4.313229e-02
1.873817e+03 3.846631e-02
2.310130e+03 3.415924e-02
2.848036e+03 3.020088e-02
3.511192e+03 2.657418e-02
4.328761e+03 2.325824e-02
5.336699e+03 2.023094e-02
6.579332e+03 1.747098e-02
8.111308e+03 1.495943e-02
1.000000e+04 1.268062e-02
1.232847e+04 1.062247e-02
1.519911e+04 8.776094e-03
1.873817e+04 7.134993e-03
2.310130e+04 5.693855e-03
2.848036e+04 4.447336e-03
3.511192e+04 3.388950e-03
4.328761e+04 2.510224e-03
5.336699e+04 1.800103e-03
6.579332e+04 1.244574e-03
8.111308e+04 8.264849e-04
1.000000e+05 5.257271e-04
1.232847e+05 3.200759e-04
1.519911e+05 1.868443e-04
1.873817e+05 1.050357e-04
2.310130e+05 5.722028e-05
2.848036e+05 3.042124e-05
3.511192e+05 1.588987e-05
4.328761e+05 8.199928e-06
5.336699e+05 4.198442e-06
6.579332e+05 2.139178e-06
8.111308e+05 1.086768e-06
1.000000e+06 5.511762e-07
1.232847e+06 2.792726e-07
1.519911e+06 1.414283e-07
1.873817e+06 7.160120e-08
2.310130e+06 3.624418e-08
2.848036e+06 1.834519e-08
3.511192e+06 9.285146e-09
4.328761e+06 4.699449e-09
5.336699e+06 2.378491e-09
6.579332e+06 1.203800e-09
8.111308e+06 6.092658e-10
1.000000e+07 3.083608e-10
