1.000000e-02 1.439261e-02
1.232847e-02 1.514735e-02
1.519911e-02 1.594166e-02
1.873817e-02 1.677763e-02
2.310130e-02 1.765744e-02
2.848036e-02 1.858338e-02
3.511192e-02 1.955788e-02
4.328761e-02 2.058348e-02
5.336699e-02 2.166286e-02
6.579332e-02 2.279884e-02
8.111308e-02 2.399440e-02
1.000000e-01 2.525265e-02
1.232847e-01 2.657688e-02
1.519911e-01 2.797055e-02
1.873817e-01 2.943730e-02
2.310130e-01 3.098097e-02
2.848036e-01 3.260559e-02
3.511192e-01 3.431541e-02
4.328761e-01 3.611489e-02
5.336699e-01 3.800877e-02
6.579332e-01 4.000202e-02
8.111308e-01 4.209991e-02
1.000000e+00 4.430805e-02
1.232847e+00 4.663239e-02
1.519911e+00 4.907930e-02
1.873817e+00 5.165557e-02
2.310130e+00 5.436848e-02
2.848036e+00 5.722578e-02
3.511192e+00 6.023567e-02
4.328761e+00 6.340673e-02
5.336699e+00 6.674773e-02
6.579332e+00 7.026739e-02
8.111308e+00 7.397391e-02
1.000000e+01 7.787438e-02
1.232847e+01 8.197390e-02
1.519911e+01 8.627438e-02
1.873817e+01 9.077299e-02
2.310130e+01 9.546025e-02
2.848036e+01 1.003176e-01
3.511192e+01 1.053143e-01
4.328761e+01 1.104048e-01
5.336699e+01 1.155246e-01
6.579332e+01 1.205869e-01
8.111308e+01 1.254797e-01
1.000000e+02 1.300635e-01
1.232847e+02 1.341708e-01
1.519911e+02 1.376080e-01
1.873817e+02 1.401614e-01
2.310130e+02 1.416065e-01
2.848036e+02 1.417235e-01
3.511192e+02 1.403166e-01
4.328761e+02 1.372369e-01
5.336699e+02 1.324063e-01
6.579332e+02 1.258381e-01
8.111308e+02 1.176500e-01
1.000000e+03 1.080667e-01
1.232847e+03 9.740697e-02
1.519911e+03 8.605858e-02
1.873817e+03 7.444316e-02
2.310130e+03 6.297796e-02
2.848036e+03 5.204092e-02
3.511192e+03 4.194415e-02
4.328761e+03 3.291790e-02
5.336699e+03 2.510463e-02
6.579332e+03 1.856145e-02
8.111308e+03 1.326872e-02
1.000000e+04 9.143135e-03
1.232847e+04 6.053753e-03
1.519911e+04 3.839548e-03
1.873817e+04 2.326961e-03
2.310130e+04 1.346029e-03
2.848036e+04 7.438547e-04
3.511192e+04 3.941075e-04
4.328761e+04 2.013662e-04
5.336699e+04 9.995052e-05
6.579332e+04 4.855962e-05
8.111308e+04 2.324571e-05
1.000000e+05 1.102173e-05
1.232847e+05 5.195244e-06
1.519911e+05 2.440450e-06
1.873817e+05 1.144181e-06
2.310130e+05 5.358746e-07
2.848036e+05 2.508360e-07
3.511192e+05 1.173793e-07
4.328761e+05 5.491986e-08
5.336699e+05 2.569423e-08
6.579332e+05 1.202060e-08
8.111308e+05 5.623529e-09
1.000000e+06 2.630801e-09
1.232847e+06 1.230737e-09
1.519911e+06 5.757604e-10
1.873817e+06 2.693505e-10
2.310130e+06 1.260067e-10
2.848036e+06 5.894805e-11
3.511192e+06 2.757688e-11
4.328761e+06 1.290092e-11
5.336699e+06 6.035267e-12
6.579332e+06 2.823399e-12
8.111308e+06 1.320833e-12
1.000000e+07 6.179077e-13
