1.000000e-02 8.217378e-03
1.232847e-02 8.664950e-03
1.519911e-02 9.136900e-03
1.873817e-02 9.634556e-03
2.310130e-02 1.015932e-02
2.848036e-02 1.071266e-02
3.511192e-02 1.129614e-02
4.328761e-02 1.191140e-02
5.336699e-02 1.256017e-02
6.579332e-02 1.324428e-02
8.111308e-02 1.396565e-02
1.000000e-01 1.472632e-02
1.232847e-01 1.552841e-02
1.519911e-01 1.637419e-02
1.873817e-01 1.726603e-02
2.310130e-01 1.820645e-02
2.848036e-01 1.919809e-02
3.511192e-01 2.024375e-02
4.328761e-01 2.134635e-02
5.336699e-01 2.250901e-02
6.579332e-01 2.373499e-02
8.111308e-01 2.502773e-02
1.000000e+00 2.639086e-02
1.232847e+00 2.782819e-02
1.519911e+00 2.934372e-02
1.873817e+00 3.094164e-02
2.310130e+00 3.262636e-02
2.848036e+00 3.440243e-02
3.511192e+00 3.627463e-02
4.328761e+00 3.824786e-02
5.336699e+00 4.032716e-02
6.579332e+00 4.251770e-02
8.111308e+00 4.482464e-02
1.000000e+01 4.725316e-02
1.232847e+01 4.980829e-02
1.519911e+01 5.249483e-02
1.873817e+01 5.531721e-02
2.310130e+01 5.827927e-02
2.848036e+01 6.138403e-02
3.511192e+01 6.463344e-02
4.328761e+01 6.802803e-02
5.336699e+01 7.156647e-02
6.579332e+01 7.524521e-02
8.111308e+01 7.905786e-02
1.000000e+02 8.299466e-02
1.232847e+02 8.704185e-02
1.519911e+02 9.118096e-02
1.873817e+02 9.538815e-02
2.310130e+02 9.963347e-02
2.848036e+02 1.038802e-01
3.511192e+02 1.080841e-01
4.328761e+02 1.121931e-01
5.336699e+02 1.161466e-01
6.579332e+02 1.198750e-01
8.111308e+02 1.232997e-01
1.000000e+03 1.263330e-01
1.232847e+03 1.288779e-01
1.519911e+03 1.308287e-01
1.873817e+03 1.320717e-01
2.310130e+03 1.324868e-01
2.848036e+03 1.319499e-01
3.511192e+03 1.303376e-01
4.328761e+03 1.275339e-01
5.336699e+03 1.234416e-01
6.579332e+03 1.179964e-01
8.111308e+03 1.111865e-01
1.000000e+04 1.030731e-01
1.232847e+04 9.380921e-02
1.519911e+04 8.364881e-02
1.873817e+04 7.294089e-02
2.310130e+04 6.210248e-02
2.848036e+04 5.157250e-02
3.511192e+04 4.175531e-02
4.328761e+04 3.296788e-02
5.336699e+04 2.540517e-02
6.579332e+04 1.913196e-02
8.111308e+04 1.410020e-02
1.000000e+05 1.018261e-02
1.232847e+05 7.210620e-03
1.519911e+05 5.006634e-03
1.873817e+05 3.405699e-03
2.310130e+05 2.266315e-03
2.848036e+05 1.472991e-03
3.511192e+05 9.340797e-04
4.328761e+05 5.779569e-04
5.336699e+05 3.494418e-04
6.579332e+05 2.070250e-04
8.111308e+05 1.206123e-04
1.000000e+06 6.936227e-05
1.232847e+06 3.951223e-05
1.519911e+06 2.236015e-05
1.873817e+06 1.259846e-05
2.310130e+06 7.078700e-06
2.848036e+06 3.970595e-06
3.511192e+06 2.225010e-06
4.328761e+06 1.246163e-06
5.336699e+06 6.977503e-07
6.579332e+06 3.906363e-07
8.111308e+06 2.186889e-07
1.000000e+07 1.224270e-07
