1.000000e-02 1.618560e-02
1.232847e-02 1.703285e-02
1.519911e-02 1.792446e-02
1.873817e-02 1.886274e-02
2.310130e-02 1.985014e-02
2.848036e-02 2.088922e-02
3.511192e-02 2.198269e-02
4.328761e-02 2.313340e-02
5.336699e-02 2.434435e-02
6.579332e-02 2.561869e-02
8.111308e-02 2.695973e-02
1.000000e-01 2.837097e-02
1.232847e-01 2.985609e-02
1.519911e-01 3.141895e-02
1.873817e-01 3.306361e-02
2.310130e-01 3.479437e-02
2.848036e-01 3.661573e-02
3.511192e-01 3.853243e-02
4.328761e-01 4.054946e-02
5.336699e-01 4.267208e-02
6.579332e-01 4.490581e-02
8.111308e-01 4.725646e-02
1.000000e+00 4.973013e-02
1.232847e+00 5.233318e-02
1.519911e+00 5.507224e-02
1.873817e+00 5.795411e-02
2.310130e+00 6.098569e-02
2.848036e+00 6.417377e-02
3.511192e+00 6.752483e-02
4.328761e+00 7.104462e-02
5.336699e+00 7.473766e-02
6.579332e+00 7.860656e-02
8.111308e+00 8.265104e-02
1.000000e+01 8.686680e-02
1.232847e+01 9.124399e-02
1.519911e+01 9.576546e-02
1.873817e+01 1.004046e-01
2.310130e+01 1.051231e-01
2.848036e+01 1.098681e-01
3.511192e+01 1.145700e-01
4.328761e+01 1.191400e-01
5.336699e+01 1.234682e-01
6.579332e+01 1.274235e-01
8.111308e+01 1.308552e-01
1.000000e+02 1.335962e-01
1.232847e+02 1.354708e-01
1.519911e+02 1.363041e-01
1.873817e+02 1.359357e-01
2.310130e+02 1.342342e-01
2.848036e+02 1.311125e-01
3.511192e+02 1.265417e-01
4.328761e+02 1.205603e-01
5.336699e+02 1.132778e-01
6.579332e+02 1.048718e-01
8.111308e+02 9.557800e-02
1.000000e+03 8.567553e-02
1.232847e+03 7.546857e-02
1.519911e+03 6.526656e-02
1.873817e+03 5.536456e-02
2.310130e+03 4.602520e-02
2.848036e+03 3.746340e-02
3.511192e+03 2.983516e-02
4.328761e+03 2.323130e-02
5.336699e+03 1.767720e-02
6.579332e+03 1.313887e-02
8.111308e+03 9.534584e-03
1.000000e+04 6.750534e-03
1.232847e+04 4.657456e-03
1.519911e+04 3.125438e-03
1.873817e+04 2.034614e-03
2.310130e+04 1.280949e-03
2.848036e+04 7.777868e-04
3.511192e+04 4.548295e-04
4.328761e+04 2.563662e-04
5.336699e+04 1.397565e-04
6.579332e+04 7.408442e-05
8.111308e+04 3.842839e-05
1.000000e+05 1.962313e-05
1.232847e+05 9.914438e-06
1.519911e+05 4.975118e-06
1.873817e+05 2.486107e-06
2.310130e+05 1.239259e-06
2.848036e+05 6.168643e-07
3.511192e+05 3.068135e-07
4.328761e+05 1.525359e-07
5.336699e+05 7.581747e-08
6.579332e+05 3.768023e-08
8.111308e+05 1.872535e-08
1.000000e+06 9.305338e-09
1.232847e+06 4.624097e-09
1.519911e+06 2.297831e-09
1.873817e+06 1.141845e-09
2.310130e+06 5.674079e-10
2.848036e+06 2.819572e-10
3.511192e+06 1.401105e-10
4.328761e+06 6.962386e-11
5.336699e+06 3.459756e-11
6.579332e+06 1.719226e-11
8.111308e+06 8.543193e-12
1.000000e+07 4.245292e-12
