1.000000e-02 1.059159e-02
1.232847e-02 1.117413e-02
1.519911e-02 1.178870e-02
1.873817e-02 1.243707e-02
2.310130e-02 1.312110e-02
2.848036e-02 1.384276e-02
3.511192e-02 1.460410e-02
4.328761e-02 1.540732e-02
5.336699e-02 1.625471e-02
6.579332e-02 1.714871e-02
8.111308e-02 1.809189e-02
1.000000e-01 1.908693e-02
1.232847e-01 2.013670e-02
1.519911e-01 2.124421e-02
1.873817e-01 2.241263e-02
2.310130e-01 2.364531e-02
2.848036e-01 2.494579e-02
3.511192e-01 2.631780e-02
4.328761e-01 2.776527e-02
5.336699e-01 2.929235e-02
6.579332e-01 3.090344e-02
8.111308e-01 3.260315e-02
1.000000e+00 3.439639e-02
1.232847e+00 3.628833e-02
1.519911e+00 3.828443e-02
1.873817e+00 4.039046e-02
2.310130e+00 4.261250e-02
2.848036e+00 4.495693e-02
3.511192e+00 4.743042e-02
4.328761e+00 5.003984e-02
5.336699e+00 5.279224e-02
6.579332e+00 5.569464e-02
8.111308e+00 5.875385e-02
1.000000e+01 6.197622e-02
1.232847e+01 6.536720e-02
1.519911e+01 6.893084e-02
1.873817e+01 7.266912e-02
2.310130e+01 7.658112e-02
2.848036e+01 8.066200e-02
3.511192e+01 8.490181e-02
4.328761e+01 8.928404e-02
5.336699e+01 9.378412e-02
6.579332e+01 9.836775e-02
8.111308e+01 1.029892e-01
1.000000e+02 1.075900e-01
1.232847e+02 1.120973e-01
1.519911e+02 1.164239e-01
1.873817e+02 1.204681e-01
2.310130e+02 1.241151e-01
2.848036e+02 1.272405e-01
3.511192e+02 1.297139e-01
4.328761e+02 1.314057e-01
5.336699e+02 1.321940e-01
6.579332e+02 1.319731e-01
8.111308e+02 1.306619e-01
1.000000e+03 1.282117e-01
1.232847e+03 1.246119e-01
1.519911e+03 1.198937e-01
1.873817e+03 1.141308e-01
2.310130e+03 1.074367e-01
2.848036e+03 9.995959e-02
3.511192e+03 9.187382e-02
4.328761e+03 8.337110e-02
5.336699e+03 7.465040e-02
6.579332e+03 6.590858e-02
8.111308e+03 5.733215e-02
1.000000e+04 4.909060e-02
1.232847e+04 4.133121e-02
1.519911e+04 3.417507e-02
1.873817e+04 2.771386e-02
2.310130e+04 2.200755e-02
2.848036e+04 1.708337e-02
3.511192e+04 1.293673e-02
4.328761e+04 9.534465e-03
5.336699e+04 6.820121e-03
6.579332e+04 4.720298e-03
8.111308e+04 3.150990e-03
1.000000e+05 2.023121e-03
1.232847e+05 1.247343e-03
1.519911e+05 7.386860e-04
1.873817e+05 4.212954e-04
2.310130e+05 2.325168e-04
2.848036e+05 1.249527e-04
3.511192e+05 6.580683e-05
4.328761e+05 3.416407e-05
5.336699e+05 1.756664e-05
6.579332e+05 8.977115e-06
8.111308e+05 4.570324e-06
1.000000e+06 2.321602e-06
1.232847e+06 1.177800e-06
1.519911e+06 5.970952e-07
1.873817e+06 3.025832e-07
2.310130e+06 1.533045e-07
2.848036e+06 7.766355e-08
3.511192e+06 3.934190e-08
4.328761e+06 1.992882e-08
5.336699e+06 1.009491e-08
6.579332e+06 5.113536e-09
8.111308e+06 2.590236e-09
1.000000e+07 1.312071e-09
