1.000000e-02 3.912602e-02
1.232847e-02 4.059443e-02
1.519911e-02 4.211794e-02
1.873817e-02 4.369863e-02
2.310130e-02 4.533865e-02
2.848036e-02 4.704021e-02
3.511192e-02 4.880563e-02
4.328761e-02 5.063731e-02
5.336699e-02 5.253774e-02
6.579332e-02 5.450948e-02
8.111308e-02 5.655523e-02
1.000000e-01 5.867775e-02
1.232847e-01 6.087994e-02
1.519911e-01 6.316477e-02
1.873817e-01 6.553535e-02
2.310130e-01 6.799489e-02
2.848036e-01 7.054671e-02
3.511192e-01 7.319423e-02
4.328761e-01 7.594084e-02
5.336699e-01 7.878986e-02
6.579332e-01 8.174421e-02
8.111308e-01 8.480603e-02
1.000000e+00 8.797606e-02
1.232847e+00 9.125275e-02
1.519911e+00 9.463108e-02
1.873817e+00 9.810109e-02
2.310130e+00 1.016461e-01
2.848036e+00 1.052408e-01
3.511192e+00 1.088487e-01
4.328761e+00 1.124204e-01
5.336699e+00 1.158912e-01
6.579332e+00 1.191795e-01
8.111308e+00 1.221863e-01
1.000000e+01 1.247951e-01
1.232847e+01 1.268743e-01
1.519911e+01 1.282809e-01
1.873817e+01 1.288674e-01
2.310130e+01 1.284905e-01
2.848036e+01 1.270227e-01
3.511192e+01 1.243653e-01
4.328761e+01 1.204619e-01
5.336699e+01 1.153111e-01
6.579332e+01 1.089747e-01
8.111308e+01 1.015815e-01
1.000000e+02 9.332371e-02
1.232847e+02 8.444473e-02
1.519911e+02 7.522115e-02
1.873817e+02 6.593968e-02
2.310130e+02 5.687340e-02
2.848036e+02 4.826089e-02
3.511192e+02 4.029127e-02
4.328761e+02 3.309657e-02
5.336699e+02 2.675135e-02
6.579332e+02 2.127801e-02
8.111308e+02 1.665585e-02
1.000000e+03 1.283175e-02
1.232847e+03 9.730743e-03
1.519911e+03 7.265428e-03
1.873817e+03 5.343721e-03
2.310130e+03 3.874802e-03
2.848036e+03 2.773453e-03
3.511192e+03 1.962977e-03
4.328761e+03 1.376933e-03
5.336699e+03 9.598228e-04
6.579332e+03 6.669120e-04
8.111308e+03 4.633556e-04
1.000000e+04 3.228777e-04
1.232847e+04 2.262401e-04
1.519911e+04 1.597158e-04
1.873817e+04 1.137194e-04
2.310130e+04 8.167098e-05
2.848036e+04 5.911107e-05
3.511192e+04 4.304326e-05
4.328761e+04 3.146349e-05
5.336699e+04 2.303120e-05
6.579332e+04 1.684392e-05
8.111308e+04 1.228529e-05
1.000000e+05 8.924850e-06
1.232847e+05 6.453795e-06
1.519911e+05 4.644983e-06
1.873817e+05 3.328367e-06
2.310130e+05 2.375637e-06
2.848036e+05 1.690044e-06
3.511192e+05 1.199098e-06
4.328761e+05 8.489798e-07
5.336699e+05 6.001209e-07
6.579332e+05 4.236949e-07
8.111308e+05 2.988680e-07
1.000000e+06 2.106806e-07
1.232847e+06 1.484462e-07
1.519911e+06 1.045619e-07
1.873817e+06 7.363449e-08
2.310130e+06 5.184711e-08
2.848036e+06 3.650274e-08
3.511192e+06 2.569804e-08
4.328761e+06 1.809083e-08
5.336699e+06 1.273527e-08
6.579332e+06 8.965072e-09
8.111308e+06 6.310993e-09
1.000000e+07 4.442641e-09
