1.000000e-02 6.171643e-03
1.232847e-02 6.513692e-03
1.519911e-02 6.874700e-03
1.873817e-02 7.255715e-03
2.310130e-02 7.657847e-03
2.848036e-02 8.082267e-03
3.511192e-02 8.530209e-03
4.328761e-02 9.002977e-03
5.336699e-02 9.501947e-03
6.579332e-02 1.002857e-02
8.111308e-02 1.058438e-02
1.000000e-01 1.117100e-02
1.232847e-01 1.179013e-02
1.519911e-01 1.244357e-02
1.873817e-01 1.313323e-02
2.310130e-01 1.386111e-02
2.848036e-01 1.462933e-02
3.511192e-01 1.544013e-02
4.328761e-01 1.629587e-02
5.336699e-01 1.719903e-02
6.579332e-01 1.815225e-02
8.111308e-01 1.915830e-02
1.000000e+00 2.022012e-02
1.232847e+00 2.134080e-02
1.519911e+00 2.252362e-02
1.873817e+00 2.377202e-02
2.310130e+00 2.508969e-02
2.848036e+00 2.648050e-02
3.511192e+00 2.794857e-02
4.328761e+00 2.949828e-02
5.336699e+00 3.113426e-02
6.579332e+00 3.286148e-02
8.111308e+00 3.468518e-02
1.000000e+01 3.661099e-02
1.232847e+01 3.864486e-02
1.519911e+01 4.079312e-02
1.873817e+01 4.306246e-02
2.310130e+01 4.545993e-02
2.848036e+01 4.799289e-02
3.511192e+01 5.066894e-02
4.328761e+01 5.349583e-02
5.336699e+01 5.648130e-02
6.579332e+01 5.963286e-02
8.111308e+01 6.295752e-02
1.000000e+02 6.646140e-02
1.232847e+02 7.014923e-02
1.519911e+02 7.402381e-02
1.873817e+02 7.808519e-02
2.310130e+02 8.232987e-02
2.848036e+02 8.674973e-02
3.511192e+02 9.133086e-02
4.328761e+02 9.605230e-02
5.336699e+02 1.008846e-01
6.579332e+02 1.057883e-01
8.111308e+02 1.107127e-01
1.000000e+03 1.155943e-01
1.232847e+03 1.203559e-01
1.519911e+03 1.249056e-01
1.873817e+03 1.291364e-01
2.310130e+03 1.329267e-01
2.848036e+03 1.361409e-01
3.511192e+03 1.386313e-01
4.328761e+03 1.402408e-01
5.336699e+03 1.408080e-01
6.579332e+03 1.401727e-01
8.111308e+03 1.381861e-01
1.000000e+04 1.347217e-01
1.232847e+04 1.296916e-01
1.519911e+04 1.230632e-01
1.873817e+04 1.148786e-01
2.310130e+04 1.052715e-01
2.848036e+04 9.447871e-02
3.511192e+04 8.284039e-02
4.328761e+04 7.078501e-02
5.336699e+04 5.879545e-02
6.579332e+04 4.735856e-02
8.111308e+04 3.690680e-02
1.000000e+05 2.776554e-02
1.232847e+05 2.012009e-02
1.519911e+05 1.401019e-02
1.873817e+05 9.350036e-03
2.310130e+05 5.964193e-03
2.848036e+05 3.627599e-03
3.511192e+05 2.101265e-03
4.328761e+05 1.160200e-03
5.336699e+05 6.128929e-04
6.579332e+05 3.117336e-04
8.111308e+05 1.538714e-04
1.000000e+06 7.430138e-05
1.232847e+06 3.534643e-05
1.519911e+06 1.665546e-05
1.873817e+06 7.803297e-06
2.310130e+06 3.643994e-06
2.848036e+06 1.698646e-06
3.511192e+06 7.910917e-07
4.328761e+06 3.682594e-07
5.336699e+06 1.713922e-07
6.579332e+06 7.976133e-08
8.111308e+06 3.711779e-08
1.000000e+07 1.727308e-08
