1.000000e-02 8.660671e-03
1.232847e-02 9.144868e-03
1.519911e-02 9.656134e-03
1.873817e-02 1.019598e-02
2.310130e-02 1.076602e-02
2.848036e-02 1.136792e-02
3.511192e-02 1.200347e-02
4.328761e-02 1.267455e-02
5.336699e-02 1.338315e-02
6.579332e-02 1.413137e-02
8.111308e-02 1.492142e-02
1.000000e-01 1.575564e-02
1.232847e-01 1.663650e-02
1.519911e-01 1.756660e-02
1.873817e-01 1.854871e-02
2.310130e-01 1.958572e-02
2.848036e-01 2.068070e-02
3.511192e-01 2.183691e-02
4.328761e-01 2.305776e-02
5.336699e-01 2.434686e-02
6.579332e-01 2.570802e-02
8.111308e-01 2.714528e-02
1.000000e+00 2.866288e-02
1.232847e+00 3.026530e-02
1.519911e+00 3.195724e-02
1.873817e+00 3.374365e-02
2.310130e+00 3.562972e-02
2.848036e+00 3.762085e-02
3.511192e+00 3.972265e-02
4.328761e+00 4.194089e-02
5.336699e+00 4.428144e-02
6.579332e+00 4.675017e-02
8.111308e+00 4.935286e-02
1.000000e+01 5.209498e-02
1.232847e+01 5.498151e-02
1.519911e+01 5.801659e-02
1.873817e+01 6.120321e-02
2.310130e+01 6.454269e-02
2.848036e+01 6.803412e-02
3.511192e+01 7.167373e-02
4.328761e+01 7.545404e-02
5.336699e+01 7.936303e-02
6.579332e+01 8.338319e-02
8.111308e+01 8.749054e-02
1.000000e+02 9.165368e-02
1.232847e+02 9.583301e-02
1.519911e+02 9.998013e-02
1.873817e+02 1.040377e-01
2.310130e+02 1.079399e-01
2.848036e+02 1.116134e-01
3.511192e+02 1.149791e-01
4.328761e+02 1.179552e-01
5.336699e+02 1.204607e-01
6.579332e+02 1.224194e-01
8.111308e+02 1.237648e-01
1.000000e+03 1.244442e-01
1.232847e+03 1.244226e-01
1.519911e+03 1.236845e-01
1.873817e+03 1.222342e-01
2.310130e+03 1.200939e-01
2.848036e+03 1.172984e-01
3.511192e+03 1.138884e-01
4.328761e+03 1.099020e-01
5.336699e+03 1.053657e-01
6.579332e+03 1.002857e-01
8.111308e+03 9.464331e-02
1.000000e+04 8.839495e-02
1.232847e+04 8.148218e-02
1.519911e+04 7.385401e-02
1.873817e+04 6.550374e-02
2.310130e+04 5.651664e-02
2.848036e+04 4.711498e-02
3.511192e+04 3.767624e-02
4.328761e+04 2.869722e-02
5.336699e+04 2.069485e-02
6.579332e+04 1.407169e-02
8.111308e+04 9.007926e-03
1.000000e+05 5.436025e-03
1.232847e+05 3.105062e-03
1.519911e+05 1.689116e-03
1.873817e+05 8.816171e-04
2.310130e+05 4.450081e-04
2.848036e+05 2.189049e-04
3.511192e+05 1.056655e-04
4.328761e+05 5.033783e-05
5.336699e+05 2.377243e-05
6.579332e+05 1.116529e-05
8.111308e+05 5.226752e-06
1.000000e+06 2.442105e-06
1.232847e+06 1.139816e-06
1.519911e+06 5.316862e-07
1.873817e+06 2.479392e-07
2.310130e+06 1.156027e-07
2.848036e+06 5.389613e-08
3.511192e+06 2.512645e-08
4.328761e+06 1.171378e-08
5.336699e+06 5.460846e-09
6.579332e+06 2.545784e-09
8.111308e+06 1.186814e-09
1.000000e+07 5.532785e-10
