1.000000e-02 8.258826e-03
1.232847e-02 8.725447e-03
1.519911e-02 9.218433e-03
1.873817e-02 9.739272e-03
2.310130e-02 1.028954e-02
2.848036e-02 1.087090e-02
3.511192e-02 1.148510e-02
4.328761e-02 1.213400e-02
5.336699e-02 1.281957e-02
6.579332e-02 1.354387e-02
8.111308e-02 1.430910e-02
1.000000e-01 1.511756e-02
1.232847e-01 1.597170e-02
1.519911e-01 1.687410e-02
1.873817e-01 1.782748e-02
2.310130e-01 1.883473e-02
2.848036e-01 1.989888e-02
3.511192e-01 2.102317e-02
4.328761e-01 2.221097e-02
5.336699e-01 2.346588e-02
6.579332e-01 2.479168e-02
8.111308e-01 2.619238e-02
1.000000e+00 2.767219e-02
1.232847e+00 2.923553e-02
1.519911e+00 3.088708e-02
1.873817e+00 3.263172e-02
2.310130e+00 3.447455e-02
2.848036e+00 3.642085e-02
3.511192e+00 3.847608e-02
4.328761e+00 4.064582e-02
5.336699e+00 4.293568e-02
6.579332e+00 4.535123e-02
8.111308e+00 4.789786e-02
1.000000e+01 5.058062e-02
1.232847e+01 5.340399e-02
1.519911e+01 5.637163e-02
1.873817e+01 5.948601e-02
2.310130e+01 6.274803e-02
2.848036e+01 6.615651e-02
3.511192e+01 6.970762e-02
4.328761e+01 7.339424e-02
5.336699e+01 7.720525e-02
6.579332e+01 8.112469e-02
8.111308e+01 8.513102e-02
1.000000e+02 8.919631e-02
1.232847e+02 9.328551e-02
1.519911e+02 9.735589e-02
1.873817e+02 1.013568e-01
2.310130e+02 1.052295e-01
2.848036e+02 1.089080e-01
3.511192e+02 1.123195e-01
4.328761e+02 1.153868e-01
5.336699e+02 1.180297e-01
6.579332e+02 1.201683e-01
8.111308e+02 1.217264e-01
1.000000e+03 1.226346e-01
1.232847e+03 1.228345e-01
1.519911e+03 1.222812e-01
1.873817e+03 1.209469e-01
2.310130e+03 1.188219e-01
2.848036e+03 1.159161e-01
3.511192e+03 1.122586e-01
4.328761e+03 1.078964e-01
5.336699e+03 1.028923e-01
6.579332e+03 9.732218e-02
8.111308e+03 9.127197e-02
1.000000e+04 8.483480e-02
1.232847e+04 7.810856e-02
1.519911e+04 7.119421e-02
1.873817e+04 6.419452e-02
2.310130e+04 5.721320e-02
2.848036e+04 5.035382e-02
3.511192e+04 4.371804e-02
4.328761e+04 3.740285e-02
5.336699e+04 3.149686e-02
6.579332e+04 2.607583e-02
8.111308e+04 2.119820e-02
1.000000e+05 1.690128e-02
1.232847e+05 1.319911e-02
1.519911e+05 1.008255e-02
1.873817e+05 7.521624e-03
2.310130e+05 5.469894e-03
2.848036e+05 3.869735e-03
3.511192e+05 2.657558e-03
4.328761e+05 1.768224e-03
5.336699e+05 1.138403e-03
6.579332e+05 7.091629e-04
8.111308e+05 4.281385e-04
1.000000e+06 2.513224e-04
1.232847e+06 1.440953e-04
1.519911e+06 8.110330e-05
1.873817e+06 4.503174e-05
2.310130e+06 2.476927e-05
2.848036e+06 1.354094e-05
3.511192e+06 7.374948e-06
4.328761e+06 4.008141e-06
5.336699e+06 2.175930e-06
6.579332e+06 1.180667e-06
8.111308e+06 6.405195e-07
1.000000e+07 3.474741e-07
