1.000000e-02 1.472984e-02
1.232847e-02 1.555867e-02
1.519911e-02 1.643415e-02
1.873817e-02 1.735889e-02
2.310130e-02 1.833566e-02
2.848036e-02 1.936740e-02
3.511192e-02 2.045719e-02
4.328761e-02 2.160830e-02
5.336699e-02 2.282418e-02
6.579332e-02 2.410848e-02
8.111308e-02 2.546505e-02
1.000000e-01 2.689795e-02
1.232847e-01 2.841148e-02
1.519911e-01 3.001017e-02
1.873817e-01 3.169882e-02
2.310130e-01 3.348249e-02
2.848036e-01 3.536653e-02
3.511192e-01 3.735657e-02
4.328761e-01 3.945857e-02
5.336699e-01 4.167878e-02
6.579332e-01 4.402378e-02
8.111308e-01 4.650040e-02
1.000000e+00 4.911567e-02
1.232847e+00 5.187673e-02
1.519911e+00 5.479062e-02
1.873817e+00 5.786403e-02
2.310130e+00 6.110290e-02
2.848036e+00 6.451188e-02
3.511192e+00 6.809366e-02
4.328761e+00 7.184801e-02
5.336699e+00 7.577073e-02
6.579332e+00 7.985216e-02
8.111308e+00 8.407567e-02
1.000000e+01 8.841576e-02
1.232847e+01 9.283613e-02
1.519911e+01 9.728767e-02
1.873817e+01 1.017067e-01
2.310130e+01 1.060135e-01
2.848036e+01 1.101119e-01
3.511192e+01 1.138900e-01
4.328761e+01 1.172224e-01
5.336699e+01 1.199746e-01
6.579332e+01 1.220101e-01
8.111308e+01 1.231985e-01
1.000000e+02 1.234273e-01
1.232847e+02 1.226125e-01
1.519911e+02 1.207099e-01
1.873817e+02 1.177242e-01
2.310130e+02 1.137135e-01
2.848036e+02 1.087890e-01
3.511192e+02 1.031092e-01
4.328761e+02 9.686849e-02
5.336699e+02 9.028176e-02
6.579332e+02 8.356765e-02
8.111308e+02 7.693229e-02
1.000000e+03 7.055593e-02
1.232847e+03 6.458393e-02
1.519911e+03 5.912244e-02
1.873817e+03 5.423827e-02
2.310130e+03 4.996182e-02
2.848036e+03 4.629132e-02
3.511192e+03 4.319682e-02
4.328761e+03 4.062213e-02
5.336699e+03 3.848353e-02
6.579332e+03 3.666445e-02
8.111308e+03 3.500662e-02
1.000000e+04 3.330122e-02
1.232847e+04 3.128896e-02
1.519911e+04 2.868576e-02
1.873817e+04 2.525534e-02
2.310130e+04 2.093634e-02
2.848036e+04 1.597993e-02
3.511192e+04 1.097868e-02
4.328761e+04 6.665605e-03
5.336699e+04 3.546506e-03
6.579332e+04 1.663752e-03
8.111308e+04 7.021462e-04
1.000000e+05 2.740551e-04
1.232847e+05 1.016403e-04
1.519911e+05 3.658215e-05
1.873817e+05 1.295667e-05
2.310130e+05 4.552537e-06
2.848036e+05 1.593673e-06
3.511192e+05 5.569695e-07
4.328761e+05 1.945186e-07
5.336699e+05 6.791527e-08
6.579332e+05 2.370962e-08
8.111308e+05 8.276806e-09
1.000000e+06 2.889307e-09
1.232847e+06 1.008607e-09
1.519911e+06 3.520864e-10
1.873817e+06 1.229068e-10
2.310130e+06 4.290449e-11
2.848036e+06 1.497716e-11
3.511192e+06 5.228248e-12
4.328761e+06 1.825084e-12
5.336699e+06 6.371027e-13
6.579332e+06 2.224007e-13
8.111308e+06 7.763593e-14
1.000000e+07 2.710126e-14
