1.000000e-02 1.862990e-02
1.232847e-02 1.951473e-02
1.519911e-02 2.044158e-02
1.873817e-02 2.141245e-02
2.310130e-02 2.242943e-02
2.848036e-02 2.349471e-02
3.511192e-02 2.461059e-02
4.328761e-02 2.577947e-02
5.336699e-02 2.700386e-02
6.579332e-02 2.828640e-02
8.111308e-02 2.962986e-02
1.000000e-01 3.103713e-02
1.232847e-01 3.251123e-02
1.519911e-01 3.405535e-02
1.873817e-01 3.567280e-02
2.310130e-01 3.736708e-02
2.848036e-01 3.914182e-02
3.511192e-01 4.100084e-02
4.328761e-01 4.294813e-02
5.336699e-01 4.498782e-02
6.579332e-01 4.712419e-02
8.111308e-01 4.936162e-02
1.000000e+00 5.170449e-02
1.232847e+00 5.415707e-02
1.519911e+00 5.672339e-02
1.873817e+00 5.940699e-02
2.310130e+00 6.221061e-02
2.848036e+00 6.513586e-02
3.511192e+00 6.818277e-02
4.328761e+00 7.134922e-02
5.336699e+00 7.463032e-02
6.579332e+00 7.801776e-02
8.111308e+00 8.149897e-02
1.000000e+01 8.505633e-02
1.232847e+01 8.866637e-02
1.519911e+01 9.229896e-02
1.873817e+01 9.591666e-02
2.310130e+01 9.947424e-02
2.848036e+01 1.029185e-01
3.511192e+01 1.061885e-01
4.328761e+01 1.092162e-01
5.336699e+01 1.119279e-01
6.579332e+01 1.142460e-01
8.111308e+01 1.160917e-01
1.000000e+02 1.173884e-01
1.232847e+02 1.180652e-01
1.519911e+02 1.180613e-01
1.873817e+02 1.173296e-01
2.310130e+02 1.158407e-01
2.848036e+02 1.135858e-01
3.511192e+02 1.105783e-01
4.328761e+02 1.068547e-01
5.336699e+02 1.024733e-01
6.579332e+02 9.751184e-02
8.111308e+02 9.206352e-02
1.000000e+03 8.623254e-02
1.232847e+03 8.012883e-02
1.519911e+03 7.386307e-02
1.873817e+03 6.754209e-02
2.310130e+03 6.126510e-02
2.848036e+03 5.512078e-02
3.511192e+03 4.918538e-02
4.328761e+03 4.352178e-02
5.336699e+03 3.817927e-02
6.579332e+03 3.319415e-02
8.111308e+03 2.859079e-02
1.000000e+04 2.438307e-02
1.232847e+04 2.057599e-02
1.519911e+04 1.716722e-02
1.873817e+04 1.414846e-02
2.310130e+04 1.150652e-02
2.848036e+04 9.223925e-03
3.511192e+04 7.279349e-03
4.328761e+04 5.647909e-03
5.336699e+04 4.301665e-03
6.579332e+04 3.210408e-03
8.111308e+04 2.342729e-03
1.000000e+05 1.667232e-03
1.232847e+05 1.153635e-03
1.519911e+05 7.735893e-04
1.873817e+05 5.011290e-04
2.310130e+05 3.128548e-04
2.848036e+05 1.880638e-04
3.511192e+05 1.089862e-04
4.328761e+05 6.110120e-05
5.336699e+05 3.331217e-05
6.579332e+05 1.776806e-05
8.111308e+05 9.325948e-06
1.000000e+06 4.840852e-06
1.232847e+06 2.494551e-06
1.519911e+06 1.279647e-06
1.873817e+06 6.546451e-07
2.310130e+06 3.343795e-07
2.848036e+06 1.706453e-07
3.511192e+06 8.704563e-08
4.328761e+06 4.439121e-08
5.336699e+06 2.263595e-08
6.579332e+06 1.154197e-08
8.111308e+06 5.885114e-09
1.000000e+07 3.000741e-09
