1.000000e-02 1.003998e-02
1.232847e-02 1.057276e-02
1.519911e-02 1.113380e-02
1.873817e-02 1.172462e-02
2.310130e-02 1.234679e-02
2.848036e-02 1.300198e-02
3.511192e-02 1.369193e-02
4.328761e-02 1.441849e-02
5.336699e-02 1.518361e-02
6.579332e-02 1.598934e-02
8.111308e-02 1.683781e-02
1.000000e-01 1.773131e-02
1.232847e-01 1.867223e-02
1.519911e-01 1.966308e-02
1.873817e-01 2.070650e-02
2.310130e-01 2.180530e-02
2.848036e-01 2.296240e-02
3.511192e-01 2.418090e-02
4.328761e-01 2.546406e-02
5.336699e-01 2.681529e-02
6.579332e-01 2.823818e-02
8.111308e-01 2.973650e-02
1.000000e+00 3.131416e-02
1.232847e+00 3.297521e-02
1.519911e+00 3.472383e-02
1.873817e+00 3.656428e-02
2.310130e+00 3.850080e-02
2.848036e+00 4.053763e-02
3.511192e+00 4.267880e-02
4.328761e+00 4.492809e-02
5.336699e+00 4.728887e-02
6.579332e+00 4.976388e-02
8.111308e+00 5.235509e-02
1.000000e+01 5.506339e-02
1.232847e+01 5.788841e-02
1.519911e+01 6.082818e-02
1.873817e+01 6.387880e-02
2.310130e+01 6.703421e-02
2.848036e+01 7.028577e-02
3.511192e+01 7.362201e-02
4.328761e+01 7.702838e-02
5.336699e+01 8.048698e-02
6.579332e+01 8.397644e-02
8.111308e+01 8.747191e-02
1.000000e+02 9.094510e-02
1.232847e+02 9.436451e-02
1.519911e+02 9.769580e-02
1.873817e+02 1.009023e-01
2.310130e+02 1.039458e-01
2.848036e+02 1.067871e-01
3.511192e+02 1.093870e-01
4.328761e+02 1.117072e-01
5.336699e+02 1.137111e-01
6.579332e+02 1.153641e-01
8.111308e+02 1.166345e-01
1.000000e+03 1.174928e-01
1.232847e+03 1.179118e-01
1.519911e+03 1.178653e-01
1.873817e+03 1.173266e-01
2.310130e+03 1.162668e-01
2.848036e+03 1.146524e-01
3.511192e+03 1.124429e-01
4.328761e+03 1.095897e-01
5.336699e+03 1.060345e-01
6.579332e+03 1.017121e-01
8.111308e+03 9.655531e-02
1.000000e+04 9.050594e-02
1.232847e+04 8.353142e-02
1.519911e+04 7.564738e-02
1.873817e+04 6.694335e-02
2.310130e+04 5.760627e-02
2.848036e+04 4.793291e-02
3.511192e+04 3.832066e-02
4.328761e+04 2.922868e-02
5.336699e+04 2.110947e-02
6.579332e+04 1.432419e-02
8.111308e+04 9.066399e-03
1.000000e+05 5.323227e-03
1.232847e+05 2.893456e-03
1.519911e+05 1.460653e-03
1.873817e+05 6.908990e-04
2.310130e+05 3.102188e-04
2.848036e+05 1.341197e-04
3.511192e+05 5.654791e-05
4.328761e+05 2.347851e-05
5.336699e+05 9.663149e-06
6.579332e+05 3.958402e-06
8.111308e+05 1.617609e-06
1.000000e+06 6.602561e-07
1.232847e+06 2.693439e-07
1.519911e+06 1.098472e-07
1.873817e+06 4.479405e-08
2.310130e+06 1.826540e-08
2.848036e+06 7.447806e-09
3.511192e+06 3.036851e-09
4.328761e+06 1.238274e-09
5.336699e+06 5.049050e-10
6.579332e+06 2.058743e-10
8.111308e+06 8.394498e-11
1.000000e+07 3.422845e-11
