1.000000e-02 7.258357e-03
1.232847e-02 7.661713e-03
1.519911e-02 8.087485e-03
1.873817e-02 8.536918e-03
2.310130e-02 9.011326e-03
2.848036e-02 9.512098e-03
3.511192e-02 1.004070e-02
4.328761e-02 1.059867e-02
5.336699e-02 1.118766e-02
6.579332e-02 1.180937e-02
8.111308e-02 1.246563e-02
1.000000e-01 1.315837e-02
1.232847e-01 1.388959e-02
1.519911e-01 1.466146e-02
1.873817e-01 1.547622e-02
2.310130e-01 1.633625e-02
2.848036e-01 1.724408e-02
3.511192e-01 1.820236e-02
4.328761e-01 1.921389e-02
5.336699e-01 2.028163e-02
6.579332e-01 2.140872e-02
8.111308e-01 2.259845e-02
1.000000e+00 2.385432e-02
1.232847e+00 2.518002e-02
1.519911e+00 2.657947e-02
1.873817e+00 2.805680e-02
2.310130e+00 2.961642e-02
2.848036e+00 3.126300e-02
3.511192e+00 3.300150e-02
4.328761e+00 3.483718e-02
5.336699e+00 3.677566e-02
6.579332e+00 3.882287e-02
8.111308e+00 4.098509e-02
1.000000e+01 4.326893e-02
1.232847e+01 4.568130e-02
1.519911e+01 4.822937e-02
1.873817e+01 5.092046e-02
2.310130e+01 5.376188e-02
2.848036e+01 5.676081e-02
3.511192e+01 5.992396e-02
4.328761e+01 6.325725e-02
5.336699e+01 6.676536e-02
6.579332e+01 7.045114e-02
8.111308e+01 7.431489e-02
1.000000e+02 7.835355e-02
1.232847e+02 8.255961e-02
1.519911e+02 8.692005e-02
1.873817e+02 9.141501e-02
2.310130e+02 9.601645e-02
2.848036e+02 1.006868e-01
3.511192e+02 1.053776e-01
4.328761e+02 1.100286e-01
5.336699e+02 1.145670e-01
6.579332e+02 1.189072e-01
8.111308e+02 1.229515e-01
1.000000e+03 1.265919e-01
1.232847e+03 1.297119e-01
1.519911e+03 1.321905e-01
1.873817e+03 1.339065e-01
2.310130e+03 1.347433e-01
2.848036e+03 1.345952e-01
3.511192e+03 1.333721e-01
4.328761e+03 1.310054e-01
5.336699e+03 1.274525e-01
6.579332e+03 1.227011e-01
8.111308e+03 1.167737e-01
1.000000e+04 1.097313e-01
1.232847e+04 1.016783e-01
1.519911e+04 9.276671e-02
1.873817e+04 8.319791e-02
2.310130e+04 7.322069e-02
2.848036e+04 6.312173e-02
3.511192e+04 5.320776e-02
4.328761e+04 4.378027e-02
5.336699e+04 3.510668e-02
6.579332e+04 2.739391e-02
8.111308e+04 2.077022e-02
1.000000e+05 1.527945e-02
1.232847e+05 1.088798e-02
1.519911e+05 7.501473e-03
1.873817e+05 4.986374e-03
2.310130e+05 3.190904e-03
2.848036e+05 1.962246e-03
3.511192e+05 1.158756e-03
4.328761e+05 6.578098e-04
5.336699e+05 3.601645e-04
6.579332e+05 1.911888e-04
8.111308e+05 9.902290e-05
1.000000e+06 5.036090e-05
1.232847e+06 2.529099e-05
1.519911e+06 1.259672e-05
1.873817e+06 6.242137e-06
2.310130e+06 3.083917e-06
2.848036e+06 1.521026e-06
3.511192e+06 7.495070e-07
4.328761e+06 3.691597e-07
5.336699e+06 1.817852e-07
6.579332e+06 8.950835e-08
8.111308e+06 4.407129e-08
1.000000e+07 2.169930e-08
