1.000000e-02 1.170132e-02
1.232847e-02 1.232532e-02
1.519911e-02 1.298261e-02
1.873817e-02 1.367494e-02
2.310130e-02 1.440419e-02
2.848036e-02 1.517233e-02
3.511192e-02 1.598143e-02
4.328761e-02 1.683369e-02
5.336699e-02 1.773139e-02
6.579332e-02 1.867696e-02
8.111308e-02 1.967296e-02
1.000000e-01 2.072207e-02
1.232847e-01 2.182713e-02
1.519911e-01 2.299112e-02
1.873817e-01 2.421718e-02
2.310130e-01 2.550862e-02
2.848036e-01 2.686894e-02
3.511192e-01 2.830179e-02
4.328761e-01 2.981106e-02
5.336699e-01 3.140081e-02
6.579332e-01 3.307533e-02
8.111308e-01 3.483912e-02
1.000000e+00 3.669694e-02
1.232847e+00 3.865375e-02
1.519911e+00 4.071474e-02
1.873817e+00 4.288532e-02
2.310130e+00 4.517109e-02
2.848036e+00 4.757780e-02
3.511192e+00 5.011126e-02
4.328761e+00 5.277726e-02
5.336699e+00 5.558142e-02
6.579332e+00 5.852901e-02
8.111308e+00 6.162466e-02
1.000000e+01 6.487206e-02
1.232847e+01 6.827350e-02
1.519911e+01 7.182935e-02
1.873817e+01 7.553737e-02
2.310130e+01 7.939196e-02
2.848036e+01 8.338318e-02
3.511192e+01 8.749574e-02
4.328761e+01 9.170778e-02
5.336699e+01 9.598967e-02
6.579332e+01 1.003027e-01
8.111308e+01 1.045980e-01
1.000000e+02 1.088156e-01
1.232847e+02 1.128835e-01
1.519911e+02 1.167181e-01
1.873817e+02 1.202249e-01
2.310130e+02 1.232996e-01
2.848036e+02 1.258318e-01
3.511192e+02 1.277081e-01
4.328761e+02 1.288179e-01
5.336699e+02 1.290589e-01
6.579332e+02 1.283446e-01
8.111308e+02 1.266103e-01
1.000000e+03 1.238200e-01
1.232847e+03 1.199709e-01
1.519911e+03 1.150967e-01
1.873817e+03 1.092680e-01
2.310130e+03 1.025903e-01
2.848036e+03 9.520018e-02
3.511192e+03 8.725895e-02
4.328761e+03 7.894581e-02
5.336699e+03 7.044993e-02
6.579332e+03 6.196223e-02
8.111308e+03 5.366694e-02
1.000000e+04 4.573331e-02
1.232847e+04 3.830784e-02
1.519911e+04 3.150785e-02
1.873817e+04 2.541690e-02
2.310130e+04 2.008283e-02
2.848036e+04 1.551858e-02
3.511192e+04 1.170576e-02
4.328761e+04 8.600310e-03
5.336699e+04 6.139129e-03
6.579332e+04 4.246525e-03
8.111308e+04 2.839647e-03
1.000000e+05 1.832886e-03
1.232847e+05 1.141892e-03
1.519911e+05 6.879171e-04
1.873817e+05 4.022273e-04
2.310130e+05 2.294006e-04
2.848036e+05 1.283122e-04
3.511192e+05 7.074880e-05
4.328761e+05 3.862101e-05
5.336699e+05 2.094246e-05
6.579332e+05 1.130759e-05
8.111308e+05 6.089154e-06
1.000000e+06 3.273752e-06
1.232847e+06 1.758422e-06
1.519911e+06 9.439798e-07
1.873817e+06 5.066033e-07
2.310130e+06 2.718308e-07
2.848036e+06 1.458441e-07
3.511192e+06 7.824523e-08
4.328761e+06 4.197745e-08
5.336699e+06 2.252004e-08
6.579332e+06 1.208148e-08
8.111308e+06 6.481424e-09
1.000000e+07 3.477127e-09
