1.000000e-02 8.881727e-03
1.232847e-02 9.349355e-03
1.519911e-02 9.841605e-03
1.873817e-02 1.035977e-02
2.310130e-02 1.090522e-02
2.848036e-02 1.147939e-02
3.511192e-02 1.208378e-02
4.328761e-02 1.272000e-02
5.336699e-02 1.338972e-02
6.579332e-02 1.409469e-02
8.111308e-02 1.483679e-02
1.000000e-01 1.561795e-02
1.232847e-01 1.644025e-02
1.519911e-01 1.730584e-02
1.873817e-01 1.821700e-02
2.310130e-01 1.917614e-02
2.848036e-01 2.018577e-02
3.511192e-01 2.124857e-02
4.328761e-01 2.236732e-02
5.336699e-01 2.354497e-02
6.579332e-01 2.478463e-02
8.111308e-01 2.608956e-02
1.000000e+00 2.746321e-02
1.232847e+00 2.890918e-02
1.519911e+00 3.043131e-02
1.873817e+00 3.203361e-02
2.310130e+00 3.372033e-02
2.848036e+00 3.549595e-02
3.511192e+00 3.736517e-02
4.328761e+00 3.933298e-02
5.336699e+00 4.140462e-02
6.579332e+00 4.358561e-02
8.111308e+00 4.588174e-02
1.000000e+01 4.829904e-02
1.232847e+01 5.084380e-02
1.519911e+01 5.352245e-02
1.873817e+01 5.634154e-02
2.310130e+01 5.930756e-02
2.848036e+01 6.242681e-02
3.511192e+01 6.570514e-02
4.328761e+01 6.914759e-02
5.336699e+01 7.275803e-02
6.579332e+01 7.653856e-02
8.111308e+01 8.048885e-02
1.000000e+02 8.460531e-02
1.232847e+02 8.888010e-02
1.519911e+02 9.329991e-02
1.873817e+02 9.784465e-02
2.310130e+02 1.024860e-01
2.848036e+02 1.071855e-01
3.511192e+02 1.118935e-01
4.328761e+02 1.165469e-01
5.336699e+02 1.210680e-01
6.579332e+02 1.253634e-01
8.111308e+02 1.293236e-01
1.000000e+03 1.328228e-01
1.232847e+03 1.357206e-01
1.519911e+03 1.378639e-01
1.873817e+03 1.390914e-01
2.310130e+03 1.392388e-01
2.848036e+03 1.381462e-01
3.511192e+03 1.356678e-01
4.328761e+03 1.316836e-01
5.336699e+03 1.261132e-01
6.579332e+03 1.189319e-01
8.111308e+03 1.101893e-01
1.000000e+04 1.000268e-01
1.232847e+04 8.869238e-02
1.519911e+04 7.654662e-02
1.873817e+04 6.405258e-02
2.310130e+04 5.174414e-02
2.848036e+04 4.017070e-02
3.511192e+04 2.982526e-02
4.328761e+04 2.107224e-02
5.336699e+04 1.409586e-02
6.579332e+04 8.884675e-03
8.111308e+04 5.256196e-03
1.000000e+05 2.913087e-03
1.232847e+05 1.514519e-03
1.519911e+05 7.426838e-04
1.873817e+05 3.466858e-04
2.310130e+05 1.558005e-04
2.848036e+05 6.816331e-05
3.511192e+05 2.930556e-05
4.328761e+05 1.246695e-05
5.336699e+05 5.271833e-06
6.579332e+05 2.222063e-06
8.111308e+05 9.350303e-07
1.000000e+06 3.931286e-07
1.232847e+06 1.652228e-07
1.519911e+06 6.942626e-08
1.873817e+06 2.917025e-08
2.310130e+06 1.225574e-08
2.848036e+06 5.149105e-09
3.511192e+06 2.163319e-09
4.328761e+06 9.088833e-10
5.336699e+06 3.818520e-10
6.579332e+06 1.604286e-10
8.111308e+06 6.740136e-11
1.000000e+07 2.831753e-11
