1.000000e-02 1.144415e-02
1.232847e-02 1.205325e-02
1.519911e-02 1.269477e-02
1.873817e-02 1.337043e-02
2.310130e-02 1.408206e-02
2.848036e-02 1.483156e-02
3.511192e-02 1.562096e-02
4.328761e-02 1.645237e-02
5.336699e-02 1.732803e-02
6.579332e-02 1.825029e-02
8.111308e-02 1.922164e-02
1.000000e-01 2.024470e-02
1.232847e-01 2.132220e-02
1.519911e-01 2.245705e-02
1.873817e-01 2.365230e-02
2.310130e-01 2.491117e-02
2.848036e-01 2.623704e-02
3.511192e-01 2.763348e-02
4.328761e-01 2.910425e-02
5.336699e-01 3.065331e-02
6.579332e-01 3.228485e-02
8.111308e-01 3.400330e-02
1.000000e+00 3.581334e-02
1.232847e+00 3.771995e-02
1.519911e+00 3.972844e-02
1.873817e+00 4.184447e-02
2.310130e+00 4.407411e-02
2.848036e+00 4.642384e-02
3.511192e+00 4.890060e-02
4.328761e+00 5.151179e-02
5.336699e+00 5.426524e-02
6.579332e+00 5.716915e-02
8.111308e+00 6.023197e-02
1.000000e+01 6.346216e-02
1.232847e+01 6.686792e-02
1.519911e+01 7.045669e-02
1.873817e+01 7.423455e-02
2.310130e+01 7.820538e-02
2.848036e+01 8.236977e-02
3.511192e+01 8.672369e-02
4.328761e+01 9.125684e-02
5.336699e+01 9.595067e-02
6.579332e+01 1.007763e-01
8.111308e+01 1.056919e-01
1.000000e+02 1.106407e-01
1.232847e+02 1.155483e-01
1.519911e+02 1.203215e-01
1.873817e+02 1.248472e-01
2.310130e+02 1.289931e-01
2.848036e+02 1.326108e-01
3.511192e+02 1.355398e-01
4.328761e+02 1.376154e-01
5.336699e+02 1.386779e-01
6.579332e+02 1.385833e-01
8.111308e+02 1.372147e-01
1.000000e+03 1.344925e-01
1.232847e+03 1.303823e-01
1.519911e+03 1.248984e-01
1.873817e+03 1.181048e-01
2.310130e+03 1.101106e-01
2.848036e+03 1.010648e-01
3.511192e+03 9.115097e-02
4.328761e+03 8.058538e-02
5.336699e+03 6.961926e-02
6.579332e+03 5.854430e-02
8.111308e+03 4.769489e-02
1.000000e+04 3.743854e-02
1.232847e+04 2.814626e-02
1.519911e+04 2.014137e-02
1.873817e+04 1.363836e-02
2.310130e+04 8.694868e-03
2.848036e+04 5.201102e-03
3.511192e+04 2.915801e-03
4.328761e+04 1.534745e-03
5.336699e+04 7.623802e-04
6.579332e+04 3.603732e-04
8.111308e+04 1.637691e-04
1.000000e+05 7.231029e-05
1.232847e+05 3.131215e-05
1.519911e+05 1.339416e-05
1.873817e+05 5.688451e-06
2.310130e+05 2.406221e-06
2.848036e+05 1.015679e-06
3.511192e+05 4.282619e-07
4.328761e+05 1.804812e-07
5.336699e+05 7.604038e-08
6.579332e+05 3.203356e-08
8.111308e+05 1.349406e-08
1.000000e+06 5.684197e-09
1.232847e+06 2.394369e-09
1.519911e+06 1.008581e-09
1.873817e+06 4.248443e-10
2.310130e+06 1.789569e-10
2.848036e+06 7.538183e-11
3.511192e+06 3.175301e-11
4.328761e+06 1.337529e-11
5.336699e+06 5.634060e-12
6.579332e+06 2.373229e-12
8.111308e+06 9.996729e-13
1.000000e+07 4.210912e-13
