1.000000e-02 8.187984e-03
1.232847e-02 8.629911e-03
1.519911e-02 9.095690e-03
1.873817e-02 9.586608e-03
2.310130e-02 1.010402e-02
2.848036e-02 1.064936e-02
3.511192e-02 1.122414e-02
4.328761e-02 1.182993e-02
5.336699e-02 1.246843e-02
6.579332e-02 1.314138e-02
8.111308e-02 1.385066e-02
1.000000e-01 1.459821e-02
1.232847e-01 1.538612e-02
1.519911e-01 1.621655e-02
1.873817e-01 1.709180e-02
2.310130e-01 1.801429e-02
2.848036e-01 1.898656e-02
3.511192e-01 2.001132e-02
4.328761e-01 2.109138e-02
5.336699e-01 2.222974e-02
6.579332e-01 2.342954e-02
8.111308e-01 2.469409e-02
1.000000e+00 2.602689e-02
1.232847e+00 2.743162e-02
1.519911e+00 2.891216e-02
1.873817e+00 3.047259e-02
2.310130e+00 3.211722e-02
2.848036e+00 3.385055e-02
3.511192e+00 3.567736e-02
4.328761e+00 3.760261e-02
5.336699e+00 3.963153e-02
6.579332e+00 4.176954e-02
8.111308e+00 4.402230e-02
1.000000e+01 4.639562e-02
1.232847e+01 4.889541e-02
1.519911e+01 5.152765e-02
1.873817e+01 5.429822e-02
2.310130e+01 5.721279e-02
2.848036e+01 6.027659e-02
3.511192e+01 6.349411e-02
4.328761e+01 6.686880e-02
5.336699e+01 7.040258e-02
6.579332e+01 7.409532e-02
8.111308e+01 7.794415e-02
1.000000e+02 8.194269e-02
1.232847e+02 8.608011e-02
1.519911e+02 9.034015e-02
1.873817e+02 9.469995e-02
2.310130e+02 9.912893e-02
2.848036e+02 1.035876e-01
3.511192e+02 1.080265e-01
4.328761e+02 1.123853e-01
5.336699e+02 1.165923e-01
6.579332e+02 1.205642e-01
8.111308e+02 1.242067e-01
1.000000e+03 1.274155e-01
1.232847e+03 1.300783e-01
1.519911e+03 1.320775e-01
1.873817e+03 1.332938e-01
2.310130e+03 1.336106e-01
2.848036e+03 1.329189e-01
3.511192e+03 1.311228e-01
4.328761e+03 1.281465e-01
5.336699e+03 1.239409e-01
6.579332e+03 1.184914e-01
8.111308e+03 1.118257e-01
1.000000e+04 1.040214e-01
1.232847e+04 9.521238e-02
1.519911e+04 8.559177e-02
1.873817e+04 7.541142e-02
2.310130e+04 6.497377e-02
2.848036e+04 5.461533e-02
3.511192e+04 4.468080e-02
4.328761e+04 3.549018e-02
5.336699e+04 2.730435e-02
6.579332e+04 2.029734e-02
8.111308e+04 1.454227e-02
1.000000e+05 1.001447e-02
1.232847e+05 6.609265e-03
1.519911e+05 4.168106e-03
1.873817e+05 2.505899e-03
2.310130e+05 1.434968e-03
2.848036e+05 7.838506e-04
3.511192e+05 4.102380e-04
4.328761e+05 2.071122e-04
5.336699e+05 1.016785e-04
6.579332e+05 4.892273e-05
8.111308e+05 2.322345e-05
1.000000e+06 1.093059e-05
1.232847e+06 5.118581e-06
1.519911e+06 2.389974e-06
1.873817e+06 1.114153e-06
2.310130e+06 5.189551e-07
2.848036e+06 2.416170e-07
3.511192e+06 1.124690e-07
4.328761e+06 5.234731e-08
5.336699e+06 2.436334e-08
6.579332e+06 1.133892e-08
8.111308e+06 5.277211e-09
1.000000e+07 2.456047e-09
