1.000000e-02 6.461706e-03
1.232847e-02 6.818876e-03
1.519911e-02 7.195789e-03
1.873817e-02 7.593535e-03
2.310130e-02 8.013267e-03
2.848036e-02 8.456199e-03
3.511192e-02 8.923615e-03
4.328761e-02 9.416866e-03
5.336699e-02 9.937382e-03
6.579332e-02 1.048667e-02
8.111308e-02 1.106632e-02
1.000000e-01 1.167801e-02
1.232847e-01 1.232351e-02
1.519911e-01 1.300469e-02
1.873817e-01 1.372352e-02
2.310130e-01 1.448209e-02
2.848036e-01 1.528258e-02
3.511192e-01 1.612733e-02
4.328761e-01 1.701876e-02
5.336699e-01 1.795948e-02
6.579332e-01 1.895219e-02
8.111308e-01 1.999978e-02
1.000000e+00 2.110529e-02
1.232847e+00 2.227193e-02
1.519911e+00 2.350310e-02
1.873817e+00 2.480240e-02
2.310130e+00 2.617365e-02
2.848036e+00 2.762090e-02
3.511192e+00 2.914845e-02
4.328761e+00 3.076090e-02
5.336699e+00 3.246313e-02
6.579332e+00 3.426036e-02
8.111308e+00 3.615817e-02
1.000000e+01 3.816250e-02
1.232847e+01 4.027969e-02
1.519911e+01 4.251648e-02
1.873817e+01 4.488000e-02
2.310130e+01 4.737774e-02
2.848036e+01 5.001751e-02
3.511192e+01 5.280734e-02
4.328761e+01 5.575530e-02
5.336699e+01 5.886936e-02
6.579332e+01 6.215706e-02
8.111308e+01 6.562515e-02
1.000000e+02 6.927910e-02
1.232847e+02 7.312248e-02
1.519911e+02 7.715619e-02
1.873817e+02 8.137756e-02
2.310130e+02 8.577926e-02
2.848036e+02 9.034806e-02
3.511192e+02 9.506347e-02
4.328761e+02 9.989628e-02
5.336699e+02 1.048070e-01
6.579332e+02 1.097444e-01
8.111308e+02 1.146442e-01
1.000000e+03 1.194279e-01
1.232847e+03 1.240022e-01
1.519911e+03 1.282588e-01
1.873817e+03 1.320752e-01
2.310130e+03 1.353160e-01
2.848036e+03 1.378355e-01
3.511192e+03 1.394814e-01
4.328761e+03 1.400998e-01
5.336699e+03 1.395423e-01
6.579332e+03 1.376743e-01
8.111308e+03 1.343855e-01
1.000000e+04 1.296029e-01
1.232847e+04 1.233042e-01
1.519911e+04 1.155326e-01
1.873817e+04 1.064092e-01
2.310130e+04 9.614215e-02
2.848036e+04 8.502732e-02
3.511192e+04 7.343840e-02
4.328761e+04 6.180261e-02
5.336699e+04 5.056285e-02
6.579332e+04 4.013048e-02
8.111308e+04 3.083761e-02
1.000000e+05 2.290076e-02
1.232847e+05 1.640536e-02
1.519911e+05 1.131426e-02
1.873817e+05 7.495297e-03
2.310130e+05 4.757620e-03
2.848036e+05 2.886703e-03
3.511192e+05 1.671772e-03
4.328761e+05 9.244037e-04
5.336699e+05 4.894720e-04
6.579332e+05 2.495669e-04
8.111308e+05 1.234309e-04
1.000000e+06 5.967808e-05
1.232847e+06 2.840530e-05
1.519911e+06 1.338400e-05
1.873817e+06 6.267532e-06
2.310130e+06 2.924583e-06
2.848036e+06 1.362024e-06
3.511192e+06 6.336712e-07
4.328761e+06 2.946630e-07
5.336699e+06 1.369896e-07
6.579332e+06 6.368098e-08
8.111308e+06 2.960185e-08
1.000000e+07 1.376024e-08
