1.000000e-02 1.100752e-02
1.232847e-02 1.147537e-02
1.519911e-02 1.196310e-02
1.873817e-02 1.247156e-02
2.310130e-02 1.300164e-02
2.848036e-02 1.355424e-02
3.511192e-02 1.413033e-02
4.328761e-02 1.473091e-02
5.336699e-02 1.535701e-02
6.579332e-02 1.600972e-02
8.111308e-02 1.669018e-02
1.000000e-01 1.739955e-02
1.232847e-01 1.813908e-02
1.519911e-01 1.891004e-02
1.873817e-01 1.971376e-02
2.310130e-01 2.055165e-02
2.848036e-01 2.142514e-02
3.511192e-01 2.233577e-02
4.328761e-01 2.328509e-02
5.336699e-01 2.427476e-02
6.579332e-01 2.530649e-02
8.111308e-01 2.638205e-02
1.000000e+00 2.750330e-02
1.232847e+00 2.867216e-02
1.519911e+00 2.989063e-02
1.873817e+00 3.116079e-02
2.310130e+00 3.248479e-02
2.848036e+00 3.386491e-02
3.511192e+00 3.530349e-02
4.328761e+00 3.680305e-02
5.336699e+00 3.836621e-02
6.579332e+00 3.999582e-02
8.111308e+00 4.169489e-02
1.000000e+01 4.346672e-02
1.232847e+01 4.531491e-02
1.519911e+01 4.724337e-02
1.873817e+01 4.925641e-02
2.310130e+01 5.135872e-02
2.848036e+01 5.355542e-02
3.511192e+01 5.585206e-02
4.328761e+01 5.825454e-02
5.336699e+01 6.076908e-02
6.579332e+01 6.340203e-02
8.111308e+01 6.615974e-02
1.000000e+02 6.904820e-02
1.232847e+02 7.207271e-02
1.519911e+02 7.523734e-02
1.873817e+02 7.854433e-02
2.310130e+02 8.199326e-02
2.848036e+02 8.558014e-02
3.511192e+02 8.929628e-02
4.328761e+02 9.312705e-02
5.336699e+02 9.705045e-02
6.579332e+02 1.010357e-01
8.111308e+02 1.050415e-01
1.000000e+03 1.090148e-01
1.232847e+03 1.128896e-01
1.519911e+03 1.165853e-01
1.873817e+03 1.200068e-01
2.310130e+03 1.230442e-01
2.848036e+03 1.255736e-01
3.511192e+03 1.274590e-01
4.328761e+03 1.285550e-01
5.336699e+03 1.287120e-01
6.579332e+03 1.277821e-01
8.111308e+03 1.256290e-01
1.000000e+04 1.221389e-01
1.232847e+04 1.172362e-01
1.519911e+04 1.108995e-01
1.873817e+04 1.031790e-01
2.310130e+04 9.421150e-02
2.848036e+04 8.422868e-02
3.511192e+04 7.355494e-02
4.328761e+04 6.258950e-02
5.336699e+04 5.177171e-02
6.579332e+04 4.153299e-02
8.111308e+04 3.224465e-02
1.000000e+05 2.417452e-02
1.232847e+05 1.746341e-02
1.519911e+05 1.212574e-02
1.873817e+05 8.070775e-03
2.310130e+05 5.134976e-03
2.848036e+05 3.115848e-03
3.511192e+05 1.801484e-03
4.328761e+05 9.938460e-04
5.336699e+05 5.253973e-04
6.579332e+05 2.679399e-04
8.111308e+05 1.328654e-04
1.000000e+06 6.456451e-05
1.232847e+06 3.094974e-05
1.519911e+06 1.470882e-05
1.873817e+06 6.954404e-06
2.310130e+06 3.278440e-06
2.848036e+06 1.543056e-06
3.511192e+06 7.256658e-07
4.328761e+06 3.411262e-07
5.336699e+06 1.603293e-07
6.579332e+06 7.534916e-08
8.111308e+06 3.541061e-08
1.000000e+07 1.664128e-08
