1.000000e-02 7.854032e-03
1.232847e-02 8.289430e-03
1.519911e-02 8.748966e-03
1.873817e-02 9.233976e-03
2.310130e-02 9.745874e-03
2.848036e-02 1.028615e-02
3.511192e-02 1.085638e-02
4.328761e-02 1.145821e-02
5.336699e-02 1.209341e-02
6.579332e-02 1.276383e-02
8.111308e-02 1.347141e-02
1.000000e-01 1.421821e-02
1.232847e-01 1.500642e-02
1.519911e-01 1.583832e-02
1.873817e-01 1.671634e-02
2.310130e-01 1.764303e-02
2.848036e-01 1.862109e-02
3.511192e-01 1.965338e-02
4.328761e-01 2.074289e-02
5.336699e-01 2.189280e-02
6.579332e-01 2.310647e-02
8.111308e-01 2.438744e-02
1.000000e+00 2.573945e-02
1.232847e+00 2.716647e-02
1.519911e+00 2.867270e-02
1.873817e+00 3.026259e-02
2.310130e+00 3.194087e-02
2.848036e+00 3.371258e-02
3.511192e+00 3.558303e-02
4.328761e+00 3.755791e-02
5.336699e+00 3.964324e-02
6.579332e+00 4.184537e-02
8.111308e+00 4.417100e-02
1.000000e+01 4.662715e-02
1.232847e+01 4.922106e-02
1.519911e+01 5.196013e-02
1.873817e+01 5.485176e-02
2.310130e+01 5.790317e-02
2.848036e+01 6.112104e-02
3.511192e+01 6.451120e-02
4.328761e+01 6.807811e-02
5.336699e+01 7.182422e-02
6.579332e+01 7.574922e-02
8.111308e+01 7.984910e-02
1.000000e+02 8.411503e-02
1.232847e+02 8.853215e-02
1.519911e+02 9.307817e-02
1.873817e+02 9.772187e-02
2.310130e+02 1.024217e-01
2.848036e+02 1.071243e-01
3.511192e+02 1.117635e-01
4.328761e+02 1.162597e-01
5.336699e+02 1.205195e-01
6.579332e+02 1.244373e-01
8.111308e+02 1.278962e-01
1.000000e+03 1.307722e-01
1.232847e+03 1.329377e-01
1.519911e+03 1.342671e-01
1.873817e+03 1.346432e-01
2.310130e+03 1.339640e-01
2.848036e+03 1.321490e-01
3.511192e+03 1.291463e-01
4.328761e+03 1.249379e-01
5.336699e+03 1.195442e-01
6.579332e+03 1.130274e-01
8.111308e+03 1.054926e-01
1.000000e+04 9.708696e-02
1.232847e+04 8.799688e-02
1.519911e+04 7.844302e-02
1.873817e+04 6.867243e-02
2.310130e+04 5.894806e-02
2.848036e+04 4.953501e-02
3.511192e+04 4.068349e-02
4.328761e+04 3.260966e-02
5.336699e+04 2.547696e-02
6.579332e+04 1.938198e-02
8.111308e+04 1.434869e-02
1.000000e+05 1.033318e-02
1.232847e+05 7.237713e-03
1.519911e+05 4.930516e-03
1.873817e+05 3.266372e-03
2.310130e+05 2.103878e-03
2.848036e+05 1.317047e-03
3.511192e+05 8.010591e-04
4.328761e+05 4.733921e-04
5.336699e+05 2.720268e-04
6.579332e+05 1.522843e-04
8.111308e+05 8.330617e-05
1.000000e+06 4.470800e-05
1.232847e+06 2.363921e-05
1.519911e+06 1.236443e-05
1.873817e+06 6.419328e-06
2.310130e+06 3.316798e-06
2.848036e+06 1.708726e-06
3.511192e+06 8.787971e-07
4.328761e+06 4.515503e-07
5.336699e+06 2.319132e-07
6.579332e+06 1.190853e-07
8.111308e+06 6.114510e-08
1.000000e+07 3.139494e-08
