1.000000e-02 7.905190e-03
1.232847e-02 8.343115e-03
1.519911e-02 8.805300e-03
1.873817e-02 9.293089e-03
2.310130e-02 9.807900e-03
2.848036e-02 1.035123e-02
3.511192e-02 1.092466e-02
4.328761e-02 1.152986e-02
5.336699e-02 1.216858e-02
6.579332e-02 1.284268e-02
8.111308e-02 1.355413e-02
1.000000e-01 1.430499e-02
1.232847e-01 1.509745e-02
1.519911e-01 1.593380e-02
1.873817e-01 1.681649e-02
2.310130e-01 1.774808e-02
2.848036e-01 1.873127e-02
3.511192e-01 1.976893e-02
4.328761e-01 2.086408e-02
5.336699e-01 2.201990e-02
6.579332e-01 2.323978e-02
8.111308e-01 2.452726e-02
1.000000e+00 2.588616e-02
1.232847e+00 2.732047e-02
1.519911e+00 2.883451e-02
1.873817e+00 3.043285e-02
2.310130e+00 3.212042e-02
2.848036e+00 3.390252e-02
3.511192e+00 3.578487e-02
4.328761e+00 3.777366e-02
5.336699e+00 3.987558e-02
6.579332e+00 4.209788e-02
8.111308e+00 4.444834e-02
1.000000e+01 4.693530e-02
1.232847e+01 4.956760e-02
1.519911e+01 5.235447e-02
1.873817e+01 5.530537e-02
2.310130e+01 5.842969e-02
2.848036e+01 6.173640e-02
3.511192e+01 6.523348e-02
4.328761e+01 6.892720e-02
5.336699e+01 7.282121e-02
6.579332e+01 7.691537e-02
8.111308e+01 8.120431e-02
1.000000e+02 8.567587e-02
1.232847e+02 9.030918e-02
1.519911e+02 9.507276e-02
1.873817e+02 9.992262e-02
2.310130e+02 1.048006e-01
2.848036e+02 1.096333e-01
3.511192e+02 1.143320e-01
4.328761e+02 1.187937e-01
5.336699e+02 1.229040e-01
6.579332e+02 1.265420e-01
8.111308e+02 1.295870e-01
1.000000e+03 1.319264e-01
1.232847e+03 1.334646e-01
1.519911e+03 1.341314e-01
1.873817e+03 1.338878e-01
2.310130e+03 1.327280e-01
2.848036e+03 1.306769e-01
3.511192e+03 1.277813e-01
4.328761e+03 1.240959e-01
5.336699e+03 1.196648e-01
6.579332e+03 1.145008e-01
8.111308e+03 1.085657e-01
1.000000e+04 1.017592e-01
1.232847e+04 9.392353e-02
1.519911e+04 8.487993e-02
1.873817e+04 7.450698e-02
2.310130e+04 6.286444e-02
2.848036e+04 5.033154e-02
3.511192e+04 3.768063e-02
4.328761e+04 2.597817e-02
5.336699e+04 1.626787e-02
6.579332e+04 9.165172e-03
8.111308e+04 4.634265e-03
1.000000e+05 2.116962e-03
1.232847e+05 8.870002e-04
1.519911e+05 3.479062e-04
1.873817e+05 1.304169e-04
2.310130e+05 4.753581e-05
2.848036e+05 1.705364e-05
3.511192e+05 6.067551e-06
4.328761e+05 2.150067e-06
5.336699e+05 7.604661e-07
6.579332e+05 2.687516e-07
8.111308e+05 9.494489e-08
1.000000e+06 3.353748e-08
1.232847e+06 1.184581e-08
1.519911e+06 4.183978e-09
1.873817e+06 1.477782e-09
2.310130e+06 5.219514e-10
2.848036e+06 1.843526e-10
3.511192e+06 6.511308e-11
4.328761e+06 2.299784e-11
5.336699e+06 8.122805e-12
6.579332e+06 2.868963e-12
8.111308e+06 1.013313e-12
1.000000e+07 3.579008e-13
