1.000000e-02 2.441723e-02
1.232847e-02 2.547395e-02
1.519911e-02 2.657640e-02
1.873817e-02 2.772657e-02
2.310130e-02 2.892651e-02
2.848036e-02 3.017838e-02
3.511192e-02 3.148443e-02
4.328761e-02 3.284700e-02
5.336699e-02 3.426854e-02
6.579332e-02 3.575161e-02
8.111308e-02 3.729885e-02
1.000000e-01 3.891306e-02
1.232847e-01 4.059713e-02
1.519911e-01 4.235408e-02
1.873817e-01 4.418707e-02
2.310130e-01 4.609938e-02
2.848036e-01 4.809445e-02
3.511192e-01 5.017584e-02
4.328761e-01 5.234726e-02
5.336699e-01 5.461252e-02
6.579332e-01 5.697549e-02
8.111308e-01 5.944004e-02
1.000000e+00 6.200987e-02
1.232847e+00 6.468838e-02
1.519911e+00 6.747837e-02
1.873817e+00 7.038170e-02
2.310130e+00 7.339893e-02
2.848036e+00 7.652870e-02
3.511192e+00 7.976719e-02
4.328761e+00 8.310739e-02
5.336699e+00 8.653827e-02
6.579332e+00 9.004394e-02
8.111308e+00 9.360271e-02
1.000000e+01 9.718619e-02
1.232847e+01 1.007584e-01
1.519911e+01 1.042751e-01
1.873817e+01 1.076832e-01
2.310130e+01 1.109204e-01
2.848036e+01 1.139159e-01
3.511192e+01 1.165905e-01
4.328761e+01 1.188587e-01
5.336699e+01 1.206308e-01
6.579332e+01 1.218155e-01
8.111308e+01 1.223244e-01
1.000000e+02 1.220760e-01
1.232847e+02 1.210009e-01
1.519911e+02 1.190471e-01
1.873817e+02 1.161845e-01
2.310130e+02 1.124096e-01
2.848036e+02 1.077483e-01
3.511192e+02 1.022574e-01
4.328761e+02 9.602390e-02
5.336699e+02 8.916273e-02
6.579332e+02 8.181198e-02
8.111308e+02 7.412709e-02
1.000000e+03 6.627395e-02
1.232847e+03 5.842151e-02
1.519911e+03 5.073435e-02
1.873817e+03 4.336538e-02
2.310130e+03 3.644919e-02
2.848036e+03 3.009598e-02
3.511192e+03 2.438688e-02
4.328761e+03 1.937085e-02
5.336699e+03 1.506413e-02
6.579332e+03 1.145236e-02
8.111308e+03 8.495455e-03
1.000000e+04 6.134316e-03
1.232847e+04 4.298167e-03
1.519911e+04 2.911259e-03
1.873817e+04 1.897944e-03
2.310130e+04 1.185868e-03
2.848036e+04 7.077954e-04
3.511192e+04 4.030726e-04
4.328761e+04 2.194101e-04
5.336699e+04 1.147309e-04
6.579332e+04 5.804817e-05
8.111308e+04 2.864569e-05
1.000000e+05 1.389043e-05
1.232847e+05 6.658331e-06
1.519911e+05 3.168884e-06
1.873817e+05 1.501787e-06
2.310130e+05 7.100124e-07
2.848036e+05 3.352353e-07
3.511192e+05 1.581711e-07
4.328761e+05 7.460098e-08
5.336699e+05 3.517872e-08
6.579332e+05 1.658724e-08
8.111308e+05 7.820740e-09
1.000000e+06 3.687324e-09
1.232847e+06 1.738480e-09
1.519911e+06 8.196453e-10
1.873817e+06 3.864389e-10
2.310130e+06 1.821945e-10
2.848036e+06 8.589927e-11
3.511192e+06 4.049892e-11
4.328761e+06 1.909402e-11
5.336699e+06 9.002257e-12
6.579332e+06 4.244293e-12
8.111308e+06 2.001056e-12
1.000000e+07 9.434378e-13
