1.000000e-02 3.774756e-02
1.232847e-02 3.913592e-02
1.519911e-02 4.057535e-02
1.873817e-02 4.206771e-02
2.310130e-02 4.361497e-02
2.848036e-02 4.521914e-02
3.511192e-02 4.688231e-02
4.328761e-02 4.860665e-02
5.336699e-02 5.039441e-02
6.579332e-02 5.224792e-02
8.111308e-02 5.416961e-02
1.000000e-01 5.616198e-02
1.232847e-01 5.822762e-02
1.519911e-01 6.036924e-02
1.873817e-01 6.258963e-02
2.310130e-01 6.489169e-02
2.848036e-01 6.727839e-02
3.511192e-01 6.975281e-02
4.328761e-01 7.231802e-02
5.336699e-01 7.497702e-02
6.579332e-01 7.773251e-02
8.111308e-01 8.058654e-02
1.000000e+00 8.354005e-02
1.232847e+00 8.659215e-02
1.519911e+00 8.973921e-02
1.873817e+00 9.297372e-02
2.310130e+00 9.628296e-02
2.848036e+00 9.964746e-02
3.511192e+00 1.030394e-01
4.328761e+00 1.064208e-01
5.336699e+00 1.097424e-01
6.579332e+00 1.129419e-01
8.111308e+00 1.159438e-01
1.000000e+01 1.186594e-01
1.232847e+01 1.209877e-01
1.519911e+01 1.228186e-01
1.873817e+01 1.240362e-01
2.310130e+01 1.245251e-01
2.848036e+01 1.241765e-01
3.511192e+01 1.228968e-01
4.328761e+01 1.206156e-01
5.336699e+01 1.172936e-01
6.579332e+01 1.129294e-01
8.111308e+01 1.075637e-01
1.000000e+02 1.012813e-01
1.232847e+02 9.420906e-02
1.519911e+02 8.651077e-02
1.873817e+02 7.837878e-02
2.310130e+02 7.002283e-02
2.848036e+02 6.165728e-02
3.511192e+02 5.348784e-02
4.328761e+02 4.569923e-02
5.336699e+02 3.844494e-02
6.579332e+02 3.184005e-02
8.111308e+02 2.595787e-02
1.000000e+03 2.083035e-02
1.232847e+03 1.645207e-02
1.519911e+03 1.278678e-02
1.873817e+03 9.775628e-03
2.310130e+03 7.345821e-03
2.848036e+03 5.418712e-03
3.511192e+03 3.916421e-03
4.328761e+03 2.766457e-03
5.336699e+03 1.904170e-03
6.579332e+03 1.273284e-03
8.111308e+03 8.251653e-04
1.000000e+04 5.177249e-04
1.232847e+04 3.147529e-04
1.519911e+04 1.859417e-04
1.873817e+04 1.071995e-04
2.310130e+04 6.061622e-05
2.848036e+04 3.378226e-05
3.511192e+04 1.863494e-05
4.328761e+04 1.020825e-05
5.336699e+04 5.566905e-06
6.579332e+04 3.027213e-06
8.111308e+04 1.643302e-06
1.000000e+05 8.911271e-07
1.232847e+05 4.829437e-07
1.519911e+05 2.616374e-07
1.873817e+05 1.417148e-07
2.310130e+05 7.675044e-08
2.848036e+05 4.156413e-08
3.511192e+05 2.250821e-08
4.328761e+05 1.218862e-08
5.336699e+05 6.600298e-09
6.579332e+05 3.574126e-09
8.111308e+05 1.935418e-09
1.000000e+06 1.048042e-09
1.232847e+06 5.675216e-10
1.519911e+06 3.073165e-10
1.873817e+06 1.664137e-10
2.310130e+06 9.011402e-11
2.848036e+06 4.879727e-11
3.511192e+06 2.642401e-11
4.328761e+06 1.430876e-11
5.336699e+06 7.748276e-12
6.579332e+06 4.195737e-12
8.111308e+06 2.272016e-12
1.000000e+07 1.230310e-12
