1.000000e-02 1.190261e-02
1.232847e-02 1.244345e-02
1.519911e-02 1.300885e-02
1.873817e-02 1.359995e-02
2.310130e-02 1.421790e-02
2.848036e-02 1.486393e-02
3.511192e-02 1.553932e-02
4.328761e-02 1.624539e-02
5.336699e-02 1.698355e-02
6.579332e-02 1.775525e-02
8.111308e-02 1.856201e-02
1.000000e-01 1.940543e-02
1.232847e-01 2.028717e-02
1.519911e-01 2.120898e-02
1.873817e-01 2.217267e-02
2.310130e-01 2.318015e-02
2.848036e-01 2.423341e-02
3.511192e-01 2.533453e-02
4.328761e-01 2.648567e-02
5.336699e-01 2.768912e-02
6.579332e-01 2.894725e-02
8.111308e-01 3.026253e-02
1.000000e+00 3.163754e-02
1.232847e+00 3.307500e-02
1.519911e+00 3.457773e-02
1.873817e+00 3.614867e-02
2.310130e+00 3.779094e-02
2.848036e+00 3.950781e-02
3.511192e+00 4.130275e-02
4.328761e+00 4.317950e-02
5.336699e+00 4.514207e-02
6.579332e+00 4.719485e-02
8.111308e+00 4.934268e-02
1.000000e+01 5.159093e-02
1.232847e+01 5.394562e-02
1.519911e+01 5.641351e-02
1.873817e+01 5.900223e-02
2.310130e+01 6.172033e-02
2.848036e+01 6.457740e-02
3.511192e+01 6.758404e-02
4.328761e+01 7.075180e-02
5.336699e+01 7.409305e-02
6.579332e+01 7.762066e-02
8.111308e+01 8.134748e-02
1.000000e+02 8.528562e-02
1.232847e+02 8.944535e-02
1.519911e+02 9.383361e-02
1.873817e+02 9.845206e-02
2.310130e+02 1.032945e-01
2.848036e+02 1.083439e-01
3.511192e+02 1.135679e-01
4.328761e+02 1.189150e-01
5.336699e+02 1.243089e-01
6.579332e+02 1.296430e-01
8.111308e+02 1.347750e-01
1.000000e+03 1.395220e-01
1.232847e+03 1.436570e-01
1.519911e+03 1.469090e-01
1.873817e+03 1.489668e-01
2.310130e+03 1.494895e-01
2.848036e+03 1.481255e-01
3.511192e+03 1.445418e-01
4.328761e+03 1.384645e-01
5.336699e+03 1.297310e-01
6.579332e+03 1.183512e-01
8.111308e+03 1.045701e-01
1.000000e+04 8.891636e-02
1.232847e+04 7.221325e-02
1.519911e+04 5.552334e-02
1.873817e+04 4.000956e-02
2.310130e+04 2.672087e-02
2.848036e+04 1.635444e-02
3.511192e+04 9.085289e-03
4.328761e+04 4.558015e-03
5.336699e+04 2.070916e-03
6.579332e+04 8.624053e-04
8.111308e+04 3.354502e-04
1.000000e+05 1.244266e-04
1.232847e+05 4.480575e-05
1.519911e+05 1.586640e-05
1.873817e+05 5.569798e-06
2.310130e+05 1.947004e-06
2.848036e+05 6.792921e-07
3.511192e+05 2.368001e-07
4.328761e+05 8.251919e-08
5.336699e+05 2.875190e-08
6.579332e+05 1.001737e-08
8.111308e+05 3.490052e-09
1.000000e+06 1.215924e-09
1.232847e+06 4.236232e-10
1.519911e+06 1.475885e-10
1.873817e+06 5.141917e-11
2.310130e+06 1.791421e-11
2.848036e+06 6.241229e-12
3.511192e+06 2.174416e-12
4.328761e+06 7.575567e-13
5.336699e+06 2.639293e-13
6.579332e+06 9.195178e-14
8.111308e+06 3.203558e-14
1.000000e+07 1.116105e-14
