1.000000e-02 1.402513e-02
1.232847e-02 1.472244e-02
1.519911e-02 1.545442e-02
1.873817e-02 1.622279e-02
2.310130e-02 1.702936e-02
2.848036e-02 1.787604e-02
3.511192e-02 1.876481e-02
4.328761e-02 1.969777e-02
5.336699e-02 2.067711e-02
6.579332e-02 2.170515e-02
8.111308e-02 2.278429e-02
1.000000e-01 2.391710e-02
1.232847e-01 2.510622e-02
1.519911e-01 2.635446e-02
1.873817e-01 2.766477e-02
2.310130e-01 2.904022e-02
2.848036e-01 3.048406e-02
3.511192e-01 3.199968e-02
4.328761e-01 3.359069e-02
5.336699e-01 3.526083e-02
6.579332e-01 3.701412e-02
8.111308e-01 3.885481e-02
1.000000e+00 4.078747e-02
1.232847e+00 4.281705e-02
1.519911e+00 4.494899e-02
1.873817e+00 4.718932e-02
2.310130e+00 4.954480e-02
2.848036e+00 5.202310e-02
3.511192e+00 5.463292e-02
4.328761e+00 5.738420e-02
5.336699e+00 6.028823e-02
6.579332e+00 6.335779e-02
8.111308e+00 6.660714e-02
1.000000e+01 7.005198e-02
1.232847e+01 7.370914e-02
1.519911e+01 7.759615e-02
1.873817e+01 8.173039e-02
2.310130e+01 8.612784e-02
2.848036e+01 9.080135e-02
3.511192e+01 9.575810e-02
4.328761e+01 1.009964e-01
5.336699e+01 1.065012e-01
6.579332e+01 1.122392e-01
8.111308e+01 1.181522e-01
1.000000e+02 1.241503e-01
1.232847e+02 1.301048e-01
1.519911e+02 1.358413e-01
1.873817e+02 1.411358e-01
2.310130e+02 1.457148e-01
2.848036e+02 1.492618e-01
3.511192e+02 1.514336e-01
4.328761e+02 1.518857e-01
5.336699e+02 1.503086e-01
6.579332e+02 1.464692e-01
8.111308e+02 1.402529e-01
1.000000e+03 1.316974e-01
1.232847e+03 1.210106e-01
1.519911e+03 1.085669e-01
1.873817e+03 9.488048e-02
2.310130e+03 8.055972e-02
2.848036e+03 6.625174e-02
3.511192e+03 5.258426e-02
4.328761e+03 4.011171e-02
5.336699e+03 2.926780e-02
6.579332e+03 2.032607e-02
8.111308e+03 1.337329e-02
1.000000e+04 8.306242e-03
1.232847e+04 4.862869e-03
1.519911e+04 2.686962e-03
1.873817e+04 1.407470e-03
2.310130e+04 7.040015e-04
2.848036e+04 3.392991e-04
3.511192e+04 1.590512e-04
4.328761e+04 7.313100e-05
5.336699e+04 3.320497e-05
6.579332e+04 1.496079e-05
8.111308e+04 6.710516e-06
1.000000e+05 3.002429e-06
1.232847e+05 1.341556e-06
1.519911e+05 5.990238e-07
1.873817e+05 2.673790e-07
2.310130e+05 1.193261e-07
2.848036e+05 5.324850e-08
3.511192e+05 2.376084e-08
4.328761e+05 1.060250e-08
5.336699e+05 4.730976e-09
6.579332e+05 2.111016e-09
8.111308e+05 9.419578e-10
1.000000e+06 4.203113e-10
1.232847e+06 1.875471e-10
1.519911e+06 8.368542e-11
1.873817e+06 3.734127e-11
2.310130e+06 1.666205e-11
2.848036e+06 7.434772e-12
3.511192e+06 3.317469e-12
4.328761e+06 1.480288e-12
5.336699e+06 6.605192e-13
6.579332e+06 2.947303e-13
8.111308e+06 1.315116e-13
1.000000e+07 5.868178e-14
