1.000000e-02 6.740602e-03
1.232847e-02 7.119789e-03
1.519911e-02 7.520306e-03
1.873817e-02 7.943354e-03
2.310130e-02 8.390200e-03
2.848036e-02 8.862183e-03
3.511192e-02 9.360717e-03
4.328761e-02 9.887296e-03
5.336699e-02 1.044350e-02
6.579332e-02 1.103099e-02
8.111308e-02 1.165152e-02
1.000000e-01 1.230697e-02
1.232847e-01 1.299929e-02
1.519911e-01 1.373055e-02
1.873817e-01 1.450295e-02
2.310130e-01 1.531880e-02
2.848036e-01 1.618055e-02
3.511192e-01 1.709077e-02
4.328761e-01 1.805219e-02
5.336699e-01 1.906770e-02
6.579332e-01 2.014034e-02
8.111308e-01 2.127333e-02
1.000000e+00 2.247005e-02
1.232847e+00 2.373412e-02
1.519911e+00 2.506931e-02
1.873817e+00 2.647965e-02
2.310130e+00 2.796940e-02
2.848036e+00 2.954303e-02
3.511192e+00 3.120531e-02
4.328761e+00 3.296125e-02
5.336699e+00 3.481614e-02
6.579332e+00 3.677558e-02
8.111308e+00 3.884539e-02
1.000000e+01 4.103170e-02
1.232847e+01 4.334083e-02
1.519911e+01 4.577929e-02
1.873817e+01 4.835366e-02
2.310130e+01 5.107049e-02
2.848036e+01 5.393613e-02
3.511192e+01 5.695650e-02
4.328761e+01 6.013681e-02
5.336699e+01 6.348116e-02
6.579332e+01 6.699210e-02
8.111308e+01 7.067003e-02
1.000000e+02 7.451253e-02
1.232847e+02 7.851357e-02
1.519911e+02 8.266257e-02
1.873817e+02 8.694339e-02
2.310130e+02 9.133331e-02
2.848036e+02 9.580191e-02
3.511192e+02 1.003100e-01
4.328761e+02 1.048090e-01
5.336699e+02 1.092398e-01
6.579332e+02 1.135330e-01
8.111308e+02 1.176090e-01
1.000000e+03 1.213789e-01
1.232847e+03 1.247457e-01
1.519911e+03 1.276073e-01
1.873817e+03 1.298586e-01
2.310130e+03 1.313956e-01
2.848036e+03 1.321191e-01
3.511192e+03 1.319387e-01
4.328761e+03 1.307770e-01
5.336699e+03 1.285728e-01
6.579332e+03 1.252854e-01
8.111308e+03 1.208981e-01
1.000000e+04 1.154223e-01
1.232847e+04 1.089027e-01
1.519911e+04 1.014230e-01
1.873817e+04 9.311040e-02
2.310130e+04 8.413935e-02
2.848036e+04 7.472940e-02
3.511192e+04 6.513694e-02
4.328761e+04 5.563914e-02
5.336699e+04 4.651153e-02
6.579332e+04 3.800294e-02
8.111308e+04 3.031275e-02
1.000000e+05 2.357525e-02
1.232847e+05 1.785392e-02
1.519911e+05 1.314584e-02
1.873817e+05 9.393685e-03
2.310130e+05 6.501384e-03
2.848036e+05 4.349635e-03
3.511192e+05 2.809063e-03
4.328761e+05 1.750682e-03
5.336699e+05 1.054340e-03
6.579332e+05 6.155437e-04
8.111308e+05 3.499907e-04
1.000000e+06 1.948549e-04
1.232847e+06 1.067909e-04
1.519911e+06 5.788228e-05
1.873817e+06 3.114207e-05
2.310130e+06 1.667684e-05
2.848036e+06 8.905345e-06
3.511192e+06 4.747690e-06
4.328761e+06 2.528908e-06
5.336699e+06 1.346462e-06
6.579332e+06 7.167572e-07
8.111308e+06 3.815237e-07
1.000000e+07 2.030793e-07
