1.000000e-02 3.407816e-02
1.232847e-02 3.535371e-02
1.519911e-02 3.667700e-02
1.873817e-02 3.804983e-02
2.310130e-02 3.947405e-02
2.848036e-02 4.095157e-02
3.511192e-02 4.248439e-02
4.328761e-02 4.407459e-02
5.336699e-02 4.572431e-02
6.579332e-02 4.743578e-02
8.111308e-02 4.921132e-02
1.000000e-01 5.105331e-02
1.232847e-01 5.296424e-02
1.519911e-01 5.494670e-02
1.873817e-01 5.700337e-02
2.310130e-01 5.913702e-02
2.848036e-01 6.135051e-02
3.511192e-01 6.364681e-02
4.328761e-01 6.602891e-02
5.336699e-01 6.849981e-02
6.579332e-01 7.106231e-02
8.111308e-01 7.371885e-02
1.000000e+00 7.647116e-02
1.232847e+00 7.931978e-02
1.519911e+00 8.226345e-02
1.873817e+00 8.529835e-02
2.310130e+00 8.841718e-02
2.848036e+00 9.160804e-02
3.511192e+00 9.485334e-02
4.328761e+00 9.812848e-02
5.336699e+00 1.014007e-01
6.579332e+00 1.046279e-01
8.111308e+00 1.077579e-01
1.000000e+01 1.107280e-01
1.232847e+01 1.134648e-01
1.519911e+01 1.158856e-01
1.873817e+01 1.179000e-01
2.310130e+01 1.194127e-01
2.848036e+01 1.203279e-01
3.511192e+01 1.205536e-01
4.328761e+01 1.200086e-01
5.336699e+01 1.186276e-01
6.579332e+01 1.163680e-01
8.111308e+01 1.132151e-01
1.000000e+02 1.091852e-01
1.232847e+02 1.043274e-01
1.519911e+02 9.872269e-02
1.873817e+02 9.248070e-02
2.310130e+02 8.573390e-02
2.848036e+02 7.863069e-02
3.511192e+02 7.132742e-02
4.328761e+02 6.398012e-02
5.336699e+02 5.673692e-02
6.579332e+02 4.973146e-02
8.111308e+02 4.307777e-02
1.000000e+03 3.686696e-02
1.232847e+03 3.116575e-02
1.519911e+03 2.601673e-02
1.873817e+03 2.143995e-02
2.310130e+03 1.743565e-02
2.848036e+03 1.398730e-02
3.511192e+03 1.106493e-02
4.328761e+03 8.628336e-03
5.336699e+03 6.630164e-03
6.579332e+03 5.018848e-03
8.111308e+03 3.741327e-03
1.000000e+04 2.745503e-03
1.232847e+04 1.982297e-03
1.519911e+04 1.407196e-03
1.873817e+04 9.812105e-04
2.310130e+04 6.712399e-04
2.848036e+04 4.499306e-04
3.511192e+04 2.951733e-04
4.328761e+04 1.894092e-04
5.336699e+04 1.189086e-04
6.579332e+04 7.312425e-05
8.111308e+04 4.414895e-05
1.000000e+05 2.624574e-05
1.232847e+05 1.541176e-05
1.519911e+05 8.966204e-06
1.873817e+05 5.181478e-06
2.310130e+05 2.980446e-06
2.848036e+05 1.709062e-06
3.511192e+05 9.780367e-07
4.328761e+05 5.589773e-07
5.336699e+05 3.192166e-07
6.579332e+05 1.822066e-07
8.111308e+05 1.039715e-07
1.000000e+06 5.931818e-08
1.232847e+06 3.383891e-08
1.519911e+06 1.930272e-08
1.873817e+06 1.101046e-08
2.310130e+06 6.280354e-09
2.848036e+06 3.582266e-09
3.511192e+06 2.043285e-09
4.328761e+06 1.165464e-09
5.336699e+06 6.647647e-10
6.579332e+06 3.791724e-10
8.111308e+06 2.162746e-10
1.000000e+07 1.233600e-10
