1.000000e-02 9.936813e-03
1.232847e-02 1.049154e-02
1.519911e-02 1.107724e-02
1.873817e-02 1.169563e-02
2.310130e-02 1.234854e-02
2.848036e-02 1.303791e-02
3.511192e-02 1.376575e-02
4.328761e-02 1.453424e-02
5.336699e-02 1.534562e-02
6.579332e-02 1.620229e-02
8.111308e-02 1.710679e-02
1.000000e-01 1.806179e-02
1.232847e-01 1.907010e-02
1.519911e-01 2.013470e-02
1.873817e-01 2.125873e-02
2.310130e-01 2.244551e-02
2.848036e-01 2.369854e-02
3.511192e-01 2.502152e-02
4.328761e-01 2.641835e-02
5.336699e-01 2.789316e-02
6.579332e-01 2.945027e-02
8.111308e-01 3.109426e-02
1.000000e+00 3.282993e-02
1.232847e+00 3.466228e-02
1.519911e+00 3.659655e-02
1.873817e+00 3.863814e-02
2.310130e+00 4.079259e-02
2.848036e+00 4.306550e-02
3.511192e+00 4.546245e-02
4.328761e+00 4.798886e-02
5.336699e+00 5.064984e-02
6.579332e+00 5.344993e-02
8.111308e+00 5.639290e-02
1.000000e+01 5.948137e-02
1.232847e+01 6.271642e-02
1.519911e+01 6.609718e-02
1.873817e+01 6.962024e-02
2.310130e+01 7.327912e-02
2.848036e+01 7.706361e-02
3.511192e+01 8.095917e-02
4.328761e+01 8.494622e-02
5.336699e+01 8.899959e-02
6.579332e+01 9.308801e-02
8.111308e+01 9.717371e-02
1.000000e+02 1.012124e-01
1.232847e+02 1.051530e-01
1.519911e+02 1.089388e-01
1.873817e+02 1.125074e-01
2.310130e+02 1.157922e-01
2.848036e+02 1.187239e-01
3.511192e+02 1.212319e-01
4.328761e+02 1.232462e-01
5.336699e+02 1.246992e-01
6.579332e+02 1.255276e-01
8.111308e+02 1.256735e-01
1.000000e+03 1.250858e-01
1.232847e+03 1.237209e-01
1.519911e+03 1.215438e-01
1.873817e+03 1.185282e-01
2.310130e+03 1.146584e-01
2.848036e+03 1.099310e-01
3.511192e+03 1.043586e-01
4.328761e+03 9.797431e-02
5.336699e+03 9.083792e-02
6.579332e+03 8.304189e-02
8.111308e+03 7.471652e-02
1.000000e+04 6.603239e-02
1.232847e+04 5.719797e-02
1.519911e+04 4.845063e-02
1.873817e+04 4.004025e-02
2.310130e+04 3.220641e-02
2.848036e+04 2.515320e-02
3.511192e+04 1.902708e-02
4.328761e+04 1.390349e-02
5.336699e+04 9.785145e-03
6.579332e+04 6.611191e-03
8.111308e+04 4.273373e-03
1.000000e+05 2.634545e-03
1.232847e+05 1.546284e-03
1.519911e+05 8.644072e-04
1.873817e+05 4.618294e-04
2.310130e+05 2.372933e-04
2.848036e+05 1.181913e-04
3.511192e+05 5.753619e-05
4.328761e+05 2.757285e-05
5.336699e+05 1.308100e-05
6.579332e+05 6.167853e-06
8.111308e+05 2.897868e-06
1.000000e+06 1.358808e-06
1.232847e+06 6.364591e-07
1.519911e+06 2.979458e-07
1.873817e+06 1.394370e-07
2.310130e+06 6.524627e-08
2.848036e+06 3.052828e-08
3.511192e+06 1.428349e-08
4.328761e+06 6.682817e-09
5.336699e+06 3.126668e-09
6.579332e+06 1.462861e-09
8.111308e+06 6.844217e-10
1.000000e+07 3.202171e-10
