1.000000e-02 2.040001e-02
1.232847e-02 2.120063e-02
1.519911e-02 2.203268e-02
1.873817e-02 2.289737e-02
2.310130e-02 2.379601e-02
2.848036e-02 2.472991e-02
3.511192e-02 2.570046e-02
4.328761e-02 2.670910e-02
5.336699e-02 2.775733e-02
6.579332e-02 2.884670e-02
8.111308e-02 2.997882e-02
1.000000e-01 3.115537e-02
1.232847e-01 3.237809e-02
1.519911e-01 3.364881e-02
1.873817e-01 3.496939e-02
2.310130e-01 3.634181e-02
2.848036e-01 3.776809e-02
3.511192e-01 3.925036e-02
4.328761e-01 4.079087e-02
5.336699e-01 4.239198e-02
6.579332e-01 4.405630e-02
8.111308e-01 4.578670e-02
1.000000e+00 4.758653e-02
1.232847e+00 4.945982e-02
1.519911e+00 5.141155e-02
1.873817e+00 5.344802e-02
2.310130e+00 5.557736e-02
2.848036e+00 5.780999e-02
3.511192e+00 6.015933e-02
4.328761e+00 6.264245e-02
5.336699e+00 6.528082e-02
6.579332e+00 6.810105e-02
8.111308e+00 7.113563e-02
1.000000e+01 7.442356e-02
1.232847e+01 7.801073e-02
1.519911e+01 8.195002e-02
1.873817e+01 8.630080e-02
2.310130e+01 9.112744e-02
2.848036e+01 9.649644e-02
3.511192e+01 1.024713e-01
4.328761e+01 1.091040e-01
5.336699e+01 1.164224e-01
6.579332e+01 1.244105e-01
8.111308e+01 1.329821e-01
1.000000e+02 1.419462e-01
1.232847e+02 1.509662e-01
1.519911e+02 1.595202e-01
1.873817e+02 1.668762e-01
2.310130e+02 1.721054e-01
2.848036e+02 1.741608e-01
3.511192e+02 1.720447e-01
4.328761e+02 1.650565e-01
5.336699e+02 1.530656e-01
6.579332e+02 1.366970e-01
8.111308e+02 1.173115e-01
1.000000e+03 9.673012e-02
1.232847e+03 7.679059e-02
1.519911e+03 5.892135e-02
1.873817e+03 4.390991e-02
2.310130e+03 3.191844e-02
2.848036e+03 2.267162e-02
3.511192e+03 1.569188e-02
4.328761e+03 1.048936e-02
5.336699e+03 6.669299e-03
6.579332e+03 3.955617e-03
8.111308e+03 2.148190e-03
1.000000e+04 1.056770e-03
1.232847e+04 4.720159e-04
1.519911e+04 1.943229e-04
1.873817e+04 7.534837e-05
2.310130e+04 2.810262e-05
2.848036e+04 1.024661e-05
3.511192e+04 3.691184e-06
4.328761e+04 1.321752e-06
5.336699e+04 4.719770e-07
6.579332e+04 1.683266e-07
8.111308e+04 6.000047e-08
1.000000e+05 2.138267e-08
1.232847e+05 7.619580e-09
1.519911e+05 2.715096e-09
1.873817e+05 9.674616e-10
2.310130e+05 3.447307e-10
2.848036e+05 1.228359e-10
3.511192e+05 4.376940e-11
4.328761e+05 1.559609e-11
5.336699e+05 5.557259e-12
6.579332e+05 1.980184e-12
8.111308e+05 7.055870e-13
1.000000e+06 2.514175e-13
1.232847e+06 8.958608e-14
1.519911e+06 3.192166e-14
1.873817e+06 1.137445e-14
2.310130e+06 4.052989e-15
2.848036e+06 1.444177e-15
3.511192e+06 5.145948e-16
4.328761e+06 1.833624e-16
5.336699e+06 6.533642e-17
6.579332e+06 2.328093e-17
8.111308e+06 8.295551e-18
1.000000e+07 2.955903e-18
