1.000000e-02 1.106548e-01
1.232847e-02 1.111578e-01
1.519911e-02 1.116631e-01
1.873817e-02 1.121707e-01
2.310130e-02 1.126805e-01
2.848036e-02 1.131928e-01
3.511192e-02 1.137073e-01
4.328761e-02 1.142242e-01
5.336699e-02 1.147434e-01
6.579332e-02 1.152650e-01
8.111308e-02 1.157889e-01
1.000000e-01 1.163153e-01
1.232847e-01 1.168440e-01
1.519911e-01 1.173751e-01
1.873817e-01 1.179087e-01
2.310130e-01 1.184446e-01
2.848036e-01 1.189827e-01
3.511192e-01 1.195226e-01
4.328761e-01 1.200628e-01
5.336699e-01 1.206003e-01
6.579332e-01 1.211290e-01
8.111308e-01 1.216379e-01
1.000000e+00 1.221087e-01
1.232847e+00 1.225132e-01
1.519911e+00 1.228108e-01
1.873817e+00 1.229465e-01
2.310130e+00 1.228492e-01
2.848036e+00 1.224327e-01
3.511192e+00 1.215973e-01
4.328761e+00 1.202350e-01
5.336699e+00 1.182367e-01
6.579332e+00 1.155019e-01
8.111308e+00 1.119507e-01
1.000000e+01 1.075349e-01
1.232847e+01 1.022489e-01
1.519911e+01 9.613661e-02
1.873817e+01 8.929336e-02
2.310130e+01 8.186173e-02
2.848036e+01 7.402178e-02
3.511192e+01 6.597674e-02
4.328761e+01 5.793665e-02
5.336699e+01 5.010234e-02
6.579332e+01 4.265190e-02
8.111308e+01 3.573089e-02
1.000000e+02 2.944669e-02
1.232847e+02 2.386683e-02
1.519911e+02 1.902046e-02
1.873817e+02 1.490227e-02
2.310130e+02 1.147805e-02
2.848036e+02 8.691380e-03
3.511192e+02 6.470764e-03
4.328761e+02 4.736827e-03
5.336699e+02 3.408877e-03
6.579332e+02 2.410317e-03
8.111308e+02 1.672468e-03
1.000000e+03 1.136648e-03
1.232847e+03 7.546540e-04
1.519911e+03 4.880190e-04
1.873817e+03 3.065610e-04
2.310130e+03 1.867560e-04
2.848036e+03 1.103487e-04
3.511192e+03 6.337842e-05
4.328761e+03 3.552133e-05
5.336699e+03 1.952123e-05
6.579332e+03 1.057109e-05
8.111308e+03 5.664985e-06
1.000000e+04 3.014598e-06
1.232847e+04 1.596972e-06
1.519911e+04 8.436185e-07
1.873817e+04 4.448981e-07
2.310130e+04 2.343922e-07
2.848036e+04 1.234177e-07
3.511192e+04 6.496368e-08
4.328761e+04 3.418890e-08
5.336699e+04 1.799104e-08
6.579332e+04 9.466811e-09
8.111308e+04 4.981247e-09
1.000000e+05 2.620991e-09
1.232847e+05 1.379079e-09
1.519911e+05 7.256228e-10
1.873817e+05 3.817961e-10
2.310130e+05 2.008869e-10
2.848036e+05 1.056991e-10
3.511192e+05 5.561486e-11
4.328761e+05 2.926242e-11
5.336699e+05 1.539677e-11
6.579332e+05 8.101196e-12
8.111308e+05 4.262541e-12
1.000000e+06 2.242787e-12
1.232847e+06 1.180069e-12
1.519911e+06 6.209073e-13
1.873817e+06 3.266977e-13
2.310130e+06 1.718959e-13
2.848036e+06 9.044507e-14
3.511192e+06 4.758875e-14
4.328761e+06 2.503939e-14
5.336699e+06 1.317477e-14
6.579332e+06 6.932062e-15
8.111308e+06 3.647387e-15
1.000000e+07 1.919116e-15
