1.000000e-02 5.788552e-03
1.232847e-02 6.102022e-03
1.519911e-02 6.432467e-03
1.873817e-02 6.780807e-03
2.310130e-02 7.148010e-03
2.848036e-02 7.535100e-03
3.511192e-02 7.943151e-03
4.328761e-02 8.373299e-03
5.336699e-02 8.826742e-03
6.579332e-02 9.304740e-03
8.111308e-02 9.808623e-03
1.000000e-01 1.033979e-02
1.232847e-01 1.089973e-02
1.519911e-01 1.148999e-02
1.873817e-01 1.211221e-02
2.310130e-01 1.276813e-02
2.848036e-01 1.345956e-02
3.511192e-01 1.418844e-02
4.328761e-01 1.495679e-02
5.336699e-01 1.576674e-02
6.579332e-01 1.662053e-02
8.111308e-01 1.752053e-02
1.000000e+00 1.846918e-02
1.232847e+00 1.946907e-02
1.519911e+00 2.052286e-02
1.873817e+00 2.163331e-02
2.310130e+00 2.280324e-02
2.848036e+00 2.403552e-02
3.511192e+00 2.533304e-02
4.328761e+00 2.669867e-02
5.336699e+00 2.813524e-02
6.579332e+00 2.964546e-02
8.111308e+00 3.123191e-02
1.000000e+01 3.289695e-02
1.232847e+01 3.464273e-02
1.519911e+01 3.647107e-02
1.873817e+01 3.838347e-02
2.310130e+01 4.038104e-02
2.848036e+01 4.246449e-02
3.511192e+01 4.463410e-02
4.328761e+01 4.688978e-02
5.336699e+01 4.923103e-02
6.579332e+01 5.165710e-02
8.111308e+01 5.416698e-02
1.000000e+02 5.675964e-02
1.232847e+02 5.943414e-02
1.519911e+02 6.218987e-02
1.873817e+02 6.502678e-02
2.310130e+02 6.794571e-02
2.848036e+02 7.094865e-02
3.511192e+02 7.403910e-02
4.328761e+02 7.722238e-02
5.336699e+02 8.050591e-02
6.579332e+02 8.389946e-02
8.111308e+02 8.741524e-02
1.000000e+03 9.106785e-02
1.232847e+03 9.487399e-02
1.519911e+03 9.885168e-02
1.873817e+03 1.030190e-01
2.310130e+03 1.073921e-01
2.848036e+03 1.119816e-01
3.511192e+03 1.167881e-01
4.328761e+03 1.217952e-01
5.336699e+03 1.269594e-01
6.579332e+03 1.321975e-01
8.111308e+03 1.373704e-01
1.000000e+04 1.422632e-01
1.232847e+04 1.465652e-01
1.519911e+04 1.498535e-01
1.873817e+04 1.515885e-01
2.310130e+04 1.511349e-01
2.848036e+04 1.478235e-01
3.511192e+04 1.410674e-01
4.328761e+04 1.305295e-01
5.336699e+04 1.163112e-01
6.579332e+04 9.909251e-02
8.111308e+04 8.013365e-02
1.000000e+05 6.107879e-02
1.232847e+05 4.359060e-02
1.519911e+05 2.895010e-02
1.873817e+05 1.779155e-02
2.310130e+05 1.006991e-02
2.848036e+05 5.234813e-03
3.511192e+05 2.502345e-03
4.328761e+05 1.107436e-03
5.336699e+05 4.594525e-04
6.579332e+05 1.815445e-04
8.111308e+05 6.939531e-05
1.000000e+06 2.599003e-05
1.232847e+06 9.622186e-06
1.519911e+06 3.540922e-06
1.873817e+06 1.299180e-06
2.310130e+06 4.760172e-07
2.848036e+06 1.743050e-07
3.511192e+06 6.380934e-08
4.328761e+06 2.335679e-08
5.336699e+06 8.549182e-09
6.579332e+06 3.129177e-09
8.111308e+06 1.145339e-09
1.000000e+07 4.192159e-10
