1.000000e-02 7.864892e-03
1.232847e-02 8.297458e-03
1.519911e-02 8.753816e-03
1.873817e-02 9.235273e-03
2.310130e-02 9.743210e-03
2.848036e-02 1.027908e-02
3.511192e-02 1.084443e-02
4.328761e-02 1.144087e-02
5.336699e-02 1.207011e-02
6.579332e-02 1.273397e-02
8.111308e-02 1.343433e-02
1.000000e-01 1.417321e-02
1.232847e-01 1.495274e-02
1.519911e-01 1.577513e-02
1.873817e-01 1.664276e-02
2.310130e-01 1.755810e-02
2.848036e-01 1.852379e-02
3.511192e-01 1.954260e-02
4.328761e-01 2.061743e-02
5.336699e-01 2.175139e-02
6.579332e-01 2.294772e-02
8.111308e-01 2.420986e-02
1.000000e+00 2.554144e-02
1.232847e+00 2.694630e-02
1.519911e+00 2.842851e-02
1.873817e+00 2.999236e-02
2.310130e+00 3.164243e-02
2.848036e+00 3.338354e-02
3.511192e+00 3.522084e-02
4.328761e+00 3.715977e-02
5.336699e+00 3.920610e-02
6.579332e+00 4.136592e-02
8.111308e+00 4.364567e-02
1.000000e+01 4.605204e-02
1.232847e+01 4.859200e-02
1.519911e+01 5.127268e-02
1.873817e+01 5.410125e-02
2.310130e+01 5.708474e-02
2.848036e+01 6.022981e-02
3.511192e+01 6.354239e-02
4.328761e+01 6.702726e-02
5.336699e+01 7.068749e-02
6.579332e+01 7.452376e-02
8.111308e+01 7.853351e-02
1.000000e+02 8.270994e-02
1.232847e+02 8.704088e-02
1.519911e+02 9.150752e-02
1.873817e+02 9.608299e-02
2.310130e+02 1.007310e-01
2.848036e+02 1.054043e-01
3.511192e+02 1.100439e-01
4.328761e+02 1.145776e-01
5.336699e+02 1.189202e-01
6.579332e+02 1.229735e-01
8.111308e+02 1.266275e-01
1.000000e+03 1.297628e-01
1.232847e+03 1.322540e-01
1.519911e+03 1.339740e-01
1.873817e+03 1.347993e-01
2.310130e+03 1.346166e-01
2.848036e+03 1.333293e-01
3.511192e+03 1.308643e-01
4.328761e+03 1.271791e-01
5.336699e+03 1.222673e-01
6.579332e+03 1.161637e-01
8.111308e+03 1.089479e-01
1.000000e+04 1.007462e-01
1.232847e+04 9.173158e-02
1.519911e+04 8.212036e-02
1.873817e+04 7.216597e-02
2.310130e+04 6.214769e-02
2.848036e+04 5.235467e-02
3.511192e+04 4.306572e-02
4.328761e+04 3.452663e-02
5.336699e+04 2.692879e-02
6.579332e+04 2.039359e-02
8.111308e+04 1.496617e-02
1.000000e+05 1.061995e-02
1.232847e+05 7.269789e-03
1.519911e+05 4.789836e-03
1.873817e+05 3.032033e-03
2.310130e+05 1.842714e-03
2.848036e+05 1.076368e-03
3.511192e+05 6.062287e-04
4.328761e+05 3.309060e-04
5.336699e+05 1.761426e-04
6.579332e+05 9.201465e-05
8.111308e+05 4.743608e-05
1.000000e+06 2.424077e-05
1.232847e+06 1.231889e-05
1.519911e+06 6.239290e-06
1.873817e+06 3.153886e-06
2.310130e+06 1.592488e-06
2.848036e+06 8.036091e-07
3.511192e+06 4.053932e-07
4.328761e+06 2.044747e-07
5.336699e+06 1.031266e-07
6.579332e+06 5.201024e-08
8.111308e+06 2.623026e-08
1.000000e+07 1.322865e-08
