1.000000e-02 9.983000e-03
1.232847e-02 1.051875e-02
1.519911e-02 1.108326e-02
1.873817e-02 1.167806e-02
2.310130e-02 1.230478e-02
2.848036e-02 1.296513e-02
3.511192e-02 1.366092e-02
4.328761e-02 1.439406e-02
5.336699e-02 1.516653e-02
6.579332e-02 1.598047e-02
8.111308e-02 1.683808e-02
1.000000e-01 1.774172e-02
1.232847e-01 1.869386e-02
1.519911e-01 1.969709e-02
1.873817e-01 2.075417e-02
2.310130e-01 2.186797e-02
2.848036e-01 2.304155e-02
3.511192e-01 2.427810e-02
4.328761e-01 2.558103e-02
5.336699e-01 2.695388e-02
6.579332e-01 2.840043e-02
8.111308e-01 2.992465e-02
1.000000e+00 3.153075e-02
1.232847e+00 3.322317e-02
1.519911e+00 3.500666e-02
1.873817e+00 3.688626e-02
2.310130e+00 3.886732e-02
2.848036e+00 4.095559e-02
3.511192e+00 4.315719e-02
4.328761e+00 4.547866e-02
5.336699e+00 4.792695e-02
6.579332e+00 5.050942e-02
8.111308e+00 5.323380e-02
1.000000e+01 5.610808e-02
1.232847e+01 5.914039e-02
1.519911e+01 6.233876e-02
1.873817e+01 6.571078e-02
2.310130e+01 6.926318e-02
2.848036e+01 7.300120e-02
3.511192e+01 7.692781e-02
4.328761e+01 8.104271e-02
5.336699e+01 8.534107e-02
6.579332e+01 8.981208e-02
8.111308e+01 9.443719e-02
1.000000e+02 9.918818e-02
1.232847e+02 1.040251e-01
1.519911e+02 1.088941e-01
1.873817e+02 1.137256e-01
2.310130e+02 1.184326e-01
2.848036e+02 1.229104e-01
3.511192e+02 1.270363e-01
4.328761e+02 1.306721e-01
5.336699e+02 1.336675e-01
6.579332e+02 1.358658e-01
8.111308e+02 1.371119e-01
1.000000e+03 1.372618e-01
1.232847e+03 1.361927e-01
1.519911e+03 1.338137e-01
1.873817e+03 1.300754e-01
2.310130e+03 1.249768e-01
2.848036e+03 1.185709e-01
3.511192e+03 1.109660e-01
4.328761e+03 1.023244e-01
5.336699e+03 9.285773e-02
6.579332e+03 8.281952e-02
8.111308e+03 7.249378e-02
1.000000e+04 6.218055e-02
1.232847e+04 5.217769e-02
1.519911e+04 4.276034e-02
1.873817e+04 3.416039e-02
2.310130e+04 2.654955e-02
2.848036e+04 2.002919e-02
3.511192e+04 1.462889e-02
4.328761e+04 1.031318e-02
5.336699e+04 6.994204e-03
6.579332e+04 4.547068e-03
8.111308e+04 2.825226e-03
1.000000e+05 1.674808e-03
1.232847e+05 9.478104e-04
1.519911e+05 5.138261e-04
1.873817e+05 2.684537e-04
2.310130e+05 1.361965e-04
2.848036e+05 6.761689e-05
3.511192e+05 3.307289e-05
4.328761e+05 1.602137e-05
5.336699e+05 7.715334e-06
6.579332e+05 3.702530e-06
8.111308e+05 1.773321e-06
1.000000e+06 8.484124e-07
1.232847e+06 4.056730e-07
1.519911e+06 1.939163e-07
1.873817e+06 9.267984e-08
2.310130e+06 4.429173e-08
2.848036e+06 2.116622e-08
3.511192e+06 1.011477e-08
4.328761e+06 4.833539e-09
5.336699e+06 2.309791e-09
6.579332e+06 1.103772e-09
8.111308e+06 5.274559e-10
1.000000e+07 2.520535e-10
