1.000000e-02 1.460325e-02
1.232847e-02 1.536622e-02
1.519911e-02 1.616904e-02
1.873817e-02 1.701382e-02
2.310130e-02 1.790273e-02
2.848036e-02 1.883808e-02
3.511192e-02 1.982230e-02
4.328761e-02 2.085794e-02
5.336699e-02 2.194769e-02
6.579332e-02 2.309438e-02
8.111308e-02 2.430097e-02
1.000000e-01 2.557061e-02
1.232847e-01 2.690658e-02
1.519911e-01 2.831235e-02
1.873817e-01 2.979157e-02
2.310130e-01 3.134807e-02
2.848036e-01 3.298589e-02
3.511192e-01 3.470928e-02
4.328761e-01 3.652272e-02
5.336699e-01 3.843091e-02
6.579332e-01 4.043881e-02
8.111308e-01 4.255164e-02
1.000000e+00 4.477489e-02
1.232847e+00 4.711437e-02
1.519911e+00 4.957613e-02
1.873817e+00 5.216654e-02
2.310130e+00 5.489219e-02
2.848036e+00 5.775988e-02
3.511192e+00 6.077648e-02
4.328761e+00 6.394875e-02
5.336699e+00 6.728311e-02
6.579332e+00 7.078525e-02
8.111308e+00 7.445962e-02
1.000000e+01 7.830875e-02
1.232847e+01 8.233235e-02
1.519911e+01 8.652617e-02
1.873817e+01 9.088059e-02
2.310130e+01 9.537891e-02
2.848036e+01 9.999539e-02
3.511192e+01 1.046930e-01
4.328761e+01 1.094210e-01
5.336699e+01 1.141127e-01
6.579332e+01 1.186830e-01
8.111308e+01 1.230273e-01
1.000000e+02 1.270205e-01
1.232847e+02 1.305182e-01
1.519911e+02 1.333599e-01
1.873817e+02 1.353746e-01
2.310130e+02 1.363896e-01
2.848036e+02 1.362417e-01
3.511192e+02 1.347914e-01
4.328761e+02 1.319378e-01
5.336699e+02 1.276331e-01
6.579332e+02 1.218947e-01
8.111308e+02 1.148124e-01
1.000000e+03 1.065490e-01
1.232847e+03 9.733348e-02
1.519911e+03 8.744660e-02
1.873817e+03 7.720056e-02
2.310130e+03 6.691540e-02
2.848036e+03 5.689543e-02
3.511192e+03 4.740877e-02
4.328761e+03 3.867217e-02
5.336699e+03 3.084201e-02
6.579332e+03 2.401149e-02
8.111308e+03 1.821350e-02
1.000000e+04 1.342813e-02
1.232847e+04 9.593270e-03
1.519911e+04 6.616662e-03
1.873817e+04 4.387159e-03
2.310130e+04 2.784128e-03
2.848036e+04 1.684737e-03
3.511192e+04 9.702117e-04
4.328761e+04 5.322334e-04
5.336699e+04 2.793227e-04
6.579332e+04 1.412381e-04
8.111308e+04 6.938999e-05
1.000000e+05 3.339628e-05
1.232847e+05 1.585390e-05
1.519911e+05 7.461637e-06
1.873817e+05 3.493865e-06
2.310130e+05 1.631211e-06
2.848036e+05 7.603569e-07
3.511192e+05 3.541226e-07
4.328761e+05 1.648530e-07
5.336699e+05 7.672586e-08
6.579332e+05 3.570569e-08
8.111308e+05 1.661532e-08
1.000000e+06 7.731581e-09
1.232847e+06 3.597676e-09
1.519911e+06 1.674068e-09
1.873817e+06 7.789736e-10
2.310130e+06 3.624698e-10
2.848036e+06 1.686633e-10
3.511192e+06 7.848186e-11
4.328761e+06 3.651892e-11
5.336699e+06 1.699286e-11
6.579332e+06 7.907060e-12
8.111308e+06 3.679287e-12
1.000000e+07 1.712033e-12
