1.000000e-02 1.092653e-01
1.232847e-02 1.094914e-01
1.519911e-02 1.097179e-01
1.873817e-02 1.099449e-01
2.310130e-02 1.101723e-01
2.848036e-02 1.104002e-01
3.511192e-02 1.106286e-01
4.328761e-02 1.108575e-01
5.336699e-02 1.110868e-01
6.579332e-02 1.113167e-01
8.111308e-02 1.115470e-01
1.000000e-01 1.117777e-01
1.232847e-01 1.120090e-01
1.519911e-01 1.122407e-01
1.873817e-01 1.124729e-01
2.310130e-01 1.127055e-01
2.848036e-01 1.129385e-01
3.511192e-01 1.131714e-01
4.328761e-01 1.134034e-01
5.336699e-01 1.136325e-01
6.579332e-01 1.138544e-01
8.111308e-01 1.140621e-01
1.000000e+00 1.142435e-01
1.232847e+00 1.143804e-01
1.519911e+00 1.144469e-01
1.873817e+00 1.144077e-01
2.310130e+00 1.142180e-01
2.848036e+00 1.138232e-01
3.511192e+00 1.131603e-01
4.328761e+00 1.121604e-01
5.336699e+00 1.107526e-01
6.579332e+00 1.088692e-01
8.111308e+00 1.064516e-01
1.000000e+01 1.034569e-01
1.232847e+01 9.986390e-02
1.519911e+01 9.567822e-02
1.873817e+01 9.093465e-02
2.310130e+01 8.569721e-02
2.848036e+01 8.005596e-02
3.511192e+01 7.412106e-02
4.328761e+01 6.801477e-02
5.336699e+01 6.186264e-02
6.579332e+01 5.578491e-02
8.111308e+01 4.988933e-02
1.000000e+02 4.426600e-02
1.232847e+02 3.898464e-02
1.519911e+02 3.409396e-02
1.873817e+02 2.962293e-02
2.310130e+02 2.558321e-02
2.848036e+02 2.197218e-02
3.511192e+02 1.877623e-02
4.328761e+02 1.597365e-02
5.336699e+02 1.353732e-02
6.579332e+02 1.143674e-02
8.111308e+02 9.639656e-03
1.000000e+03 8.113347e-03
1.232847e+03 6.825497e-03
1.519911e+03 5.744900e-03
1.873817e+03 4.841968e-03
2.310130e+03 4.089079e-03
2.848036e+03 3.460802e-03
3.511192e+03 2.934008e-03
4.328761e+03 2.487914e-03
5.336699e+03 2.104157e-03
6.579332e+03 1.767018e-03
8.111308e+03 1.463945e-03
1.000000e+04 1.186415e-03
1.232847e+04 9.309122e-04
1.519911e+04 6.993075e-04
1.873817e+04 4.976624e-04
2.310130e+04 3.329458e-04
2.848036e+04 2.088376e-04
3.511192e+04 1.232079e-04
4.328761e+04 6.893843e-05
5.336699e+04 3.698984e-05
6.579332e+04 1.924915e-05
8.111308e+04 9.810358e-06
1.000000e+05 4.933312e-06
1.232847e+05 2.460536e-06
1.519911e+05 1.221308e-06
1.873817e+05 6.045437e-07
2.310130e+05 2.987917e-07
2.848036e+05 1.475539e-07
3.511192e+05 7.283523e-08
4.328761e+05 3.594446e-08
5.336699e+05 1.773659e-08
6.579332e+05 8.751482e-09
8.111308e+05 4.317968e-09
1.000000e+06 2.130444e-09
1.232847e+06 1.051133e-09
1.519911e+06 5.186127e-10
1.873817e+06 2.558750e-10
2.310130e+06 1.262444e-10
2.848036e+06 6.228685e-11
3.511192e+06 3.073126e-11
4.328761e+06 1.516227e-11
5.336699e+06 7.480804e-12
6.579332e+06 3.690899e-12
8.111308e+06 1.821026e-12
1.000000e+07 8.984627e-13
