1.000000e-02 4.598808e-03
1.232847e-02 4.884005e-03
1.519911e-02 5.186890e-03
1.873817e-02 5.508558e-03
2.310130e-02 5.850175e-03
2.848036e-02 6.212977e-03
3.511192e-02 6.598278e-03
4.328761e-02 7.007474e-03
5.336699e-02 7.442047e-03
6.579332e-02 7.903570e-03
8.111308e-02 8.393715e-03
1.000000e-01 8.914256e-03
1.232847e-01 9.467079e-03
1.519911e-01 1.005419e-02
1.873817e-01 1.067770e-02
2.310130e-01 1.133989e-02
2.848036e-01 1.204314e-02
3.511192e-01 1.279000e-02
4.328761e-01 1.358318e-02
5.336699e-01 1.442554e-02
6.579332e-01 1.532014e-02
8.111308e-01 1.627020e-02
1.000000e+00 1.727915e-02
1.232847e+00 1.835062e-02
1.519911e+00 1.948842e-02
1.873817e+00 2.069659e-02
2.310130e+00 2.197937e-02
2.848036e+00 2.334117e-02
3.511192e+00 2.478659e-02
4.328761e+00 2.632037e-02
5.336699e+00 2.794735e-02
6.579332e+00 2.967238e-02
8.111308e+00 3.150029e-02
1.000000e+01 3.343574e-02
1.232847e+01 3.548309e-02
1.519911e+01 3.764623e-02
1.873817e+01 3.992833e-02
2.310130e+01 4.233165e-02
2.848036e+01 4.485718e-02
3.511192e+01 4.750434e-02
4.328761e+01 5.027064e-02
5.336699e+01 5.315129e-02
6.579332e+01 5.613893e-02
8.111308e+01 5.922331e-02
1.000000e+02 6.239117e-02
1.232847e+02 6.562631e-02
1.519911e+02 6.890990e-02
1.873817e+02 7.222111e-02
2.310130e+02 7.553819e-02
2.848036e+02 7.884003e-02
3.511192e+02 8.210819e-02
4.328761e+02 8.532947e-02
5.336699e+02 8.849882e-02
6.579332e+02 9.162265e-02
8.111308e+02 9.472218e-02
1.000000e+03 9.783679e-02
1.232847e+03 1.010270e-01
1.519911e+03 1.043768e-01
1.873817e+03 1.079955e-01
2.310130e+03 1.120175e-01
2.848036e+03 1.166008e-01
3.511192e+03 1.219210e-01
4.328761e+03 1.281579e-01
5.336699e+03 1.354697e-01
6.579332e+03 1.439434e-01
8.111308e+03 1.535061e-01
1.000000e+04 1.637793e-01
1.232847e+04 1.738635e-01
1.519911e+04 1.820788e-01
1.873817e+04 1.857891e-01
2.310130e+04 1.816140e-01
2.848036e+04 1.664659e-01
3.511192e+04 1.395517e-01
4.328761e+04 1.043208e-01
5.336699e+04 6.811177e-02
6.579332e+04 3.844828e-02
8.111308e+04 1.885179e-02
1.000000e+05 8.183103e-03
1.232847e+05 3.233791e-03
1.519911e+05 1.197903e-03
1.873817e+05 4.262840e-04
2.310130e+05 1.482931e-04
2.848036e+05 5.098103e-05
3.511192e+05 1.742626e-05
4.328761e+05 5.941015e-06
5.336699e+05 2.023125e-06
6.579332e+05 6.886189e-07
8.111308e+05 2.343433e-07
1.000000e+06 7.974328e-08
1.232847e+06 2.713460e-08
1.519911e+06 9.233113e-09
1.873817e+06 3.141747e-09
2.310130e+06 1.069039e-09
2.848036e+06 3.637608e-10
3.511192e+06 1.237765e-10
4.328761e+06 4.211727e-11
5.336699e+06 1.433119e-11
6.579332e+06 4.876458e-12
8.111308e+06 1.659306e-12
1.000000e+07 5.646102e-13
