1.000000e-02 9.438927e-03
1.232847e-02 9.952133e-03
1.519911e-02 1.049324e-02
1.873817e-02 1.106377e-02
2.310130e-02 1.166532e-02
2.848036e-02 1.229958e-02
3.511192e-02 1.296832e-02
4.328761e-02 1.367343e-02
5.336699e-02 1.441687e-02
6.579332e-02 1.520073e-02
8.111308e-02 1.602721e-02
1.000000e-01 1.689863e-02
1.232847e-01 1.781743e-02
1.519911e-01 1.878618e-02
1.873817e-01 1.980761e-02
2.310130e-01 2.088457e-02
2.848036e-01 2.202009e-02
3.511192e-01 2.321735e-02
4.328761e-01 2.447971e-02
5.336699e-01 2.581070e-02
6.579332e-01 2.721407e-02
8.111308e-01 2.869375e-02
1.000000e+00 3.025389e-02
1.232847e+00 3.189890e-02
1.519911e+00 3.363340e-02
1.873817e+00 3.546227e-02
2.310130e+00 3.739067e-02
2.848036e+00 3.942401e-02
3.511192e+00 4.156799e-02
4.328761e+00 4.382854e-02
5.336699e+00 4.621183e-02
6.579332e+00 4.872420e-02
8.111308e+00 5.137207e-02
1.000000e+01 5.416184e-02
1.232847e+01 5.709970e-02
1.519911e+01 6.019137e-02
1.873817e+01 6.344183e-02
2.310130e+01 6.685485e-02
2.848036e+01 7.043249e-02
3.511192e+01 7.417442e-02
4.328761e+01 7.807713e-02
5.336699e+01 8.213294e-02
6.579332e+01 8.632893e-02
8.111308e+01 9.064567e-02
1.000000e+02 9.505591e-02
1.232847e+02 9.952318e-02
1.519911e+02 1.040005e-01
1.873817e+02 1.084294e-01
2.310130e+02 1.127389e-01
2.848036e+02 1.168456e-01
3.511192e+02 1.206540e-01
4.328761e+02 1.240585e-01
5.336699e+02 1.269456e-01
6.579332e+02 1.291981e-01
8.111308e+02 1.306998e-01
1.000000e+03 1.313421e-01
1.232847e+03 1.310296e-01
1.519911e+03 1.296868e-01
1.873817e+03 1.272640e-01
2.310130e+03 1.237415e-01
2.848036e+03 1.191327e-01
3.511192e+03 1.134859e-01
4.328761e+03 1.068840e-01
5.336699e+03 9.944330e-02
6.579332e+03 9.131086e-02
8.111308e+03 8.266094e-02
1.000000e+04 7.369017e-02
1.232847e+04 6.461119e-02
1.519911e+04 5.564427e-02
1.873817e+04 4.700642e-02
2.310130e+04 3.889825e-02
2.848036e+04 3.148968e-02
3.511192e+04 2.490728e-02
4.328761e+04 1.922548e-02
5.336699e+04 1.446422e-02
6.579332e+04 1.059315e-02
8.111308e+04 7.541519e-03
1.000000e+05 5.211129e-03
1.232847e+05 3.489569e-03
1.519911e+05 2.261621e-03
1.873817e+05 1.417828e-03
2.310130e+05 8.602994e-04
2.848036e+05 5.063220e-04
3.511192e+05 2.900847e-04
4.328761e+05 1.625379e-04
5.336699e+05 8.950888e-05
6.579332e+05 4.867051e-05
8.111308e+05 2.623220e-05
1.000000e+06 1.405604e-05
1.232847e+06 7.503683e-06
1.519911e+06 3.996624e-06
1.873817e+06 2.125798e-06
2.310130e+06 1.129823e-06
2.848036e+06 6.002183e-07
3.511192e+06 3.187907e-07
4.328761e+06 1.692971e-07
5.336699e+06 8.990177e-08
6.579332e+06 4.773934e-08
8.111308e+06 2.535018e-08
1.000000e+07 1.346124e-08
