1.000000e-02 2.055286e-02
1.232847e-02 2.154669e-02
1.519911e-02 2.258857e-02
1.873817e-02 2.368084e-02
2.310130e-02 2.482593e-02
2.848036e-02 2.602638e-02
3.511192e-02 2.728489e-02
4.328761e-02 2.860424e-02
5.336699e-02 2.998740e-02
6.579332e-02 3.143743e-02
8.111308e-02 3.295759e-02
1.000000e-01 3.455125e-02
1.232847e-01 3.622197e-02
1.519911e-01 3.797348e-02
1.873817e-01 3.980968e-02
2.310130e-01 4.173468e-02
2.848036e-01 4.375275e-02
3.511192e-01 4.586839e-02
4.328761e-01 4.808631e-02
5.336699e-01 5.041138e-02
6.579332e-01 5.284867e-02
8.111308e-01 5.540334e-02
1.000000e+00 5.808058e-02
1.232847e+00 6.088546e-02
1.519911e+00 6.382270e-02
1.873817e+00 6.689639e-02
2.310130e+00 7.010960e-02
2.848036e+00 7.346384e-02
3.511192e+00 7.695845e-02
4.328761e+00 8.058978e-02
5.336699e+00 8.435025e-02
6.579332e+00 8.822728e-02
8.111308e+00 9.220198e-02
1.000000e+01 9.624790e-02
1.232847e+01 1.003295e-01
1.519911e+01 1.044011e-01
1.873817e+01 1.084050e-01
2.310130e+01 1.122715e-01
2.848036e+01 1.159180e-01
3.511192e+01 1.192493e-01
4.328761e+01 1.221599e-01
5.336699e+01 1.245358e-01
6.579332e+01 1.262592e-01
8.111308e+01 1.272138e-01
1.000000e+02 1.272918e-01
1.232847e+02 1.264011e-01
1.519911e+02 1.244740e-01
1.873817e+02 1.214740e-01
2.310130e+02 1.174024e-01
2.848036e+02 1.123019e-01
3.511192e+02 1.062575e-01
4.328761e+02 9.939405e-02
5.336699e+02 9.187004e-02
6.579332e+02 8.386892e-02
8.111308e+02 7.558845e-02
1.000000e+03 6.722943e-02
1.232847e+03 5.898487e-02
1.519911e+03 5.103049e-02
1.873817e+03 4.351707e-02
2.310130e+03 3.656487e-02
2.848036e+03 3.026028e-02
3.511192e+03 2.465497e-02
4.328761e+03 1.976723e-02
5.336699e+03 1.558572e-02
6.579332e+03 1.207483e-02
8.111308e+03 9.181179e-03
1.000000e+04 6.840309e-03
1.232847e+04 4.982876e-03
1.519911e+04 3.539557e-03
1.873817e+04 2.444304e-03
2.310130e+04 1.635940e-03
2.848036e+04 1.058543e-03
3.511192e+04 6.614125e-04
4.328761e+04 3.993763e-04
5.336699e+04 2.337043e-04
6.579332e+04 1.331325e-04
8.111308e+04 7.422814e-05
1.000000e+05 4.072364e-05
1.232847e+05 2.208795e-05
1.519911e+05 1.188803e-05
1.873817e+05 6.366388e-06
2.310130e+05 3.398754e-06
2.848036e+05 1.811020e-06
3.511192e+05 9.639160e-07
4.328761e+05 5.127105e-07
5.336699e+05 2.726112e-07
6.579332e+05 1.449186e-07
8.111308e+05 7.702896e-08
1.000000e+06 4.094076e-08
1.232847e+06 2.175918e-08
1.519911e+06 1.156434e-08
1.873817e+06 6.146032e-09
2.310130e+06 3.266378e-09
2.848036e+06 1.735948e-09
3.511192e+06 9.225851e-10
4.328761e+06 4.903158e-10
5.336699e+06 2.605824e-10
6.579332e+06 1.384887e-10
8.111308e+06 7.360096e-11
1.000000e+07 3.911584e-11
