1.000000e-02 2.754287e-02
1.232847e-02 2.865579e-02
1.519911e-02 2.981368e-02
1.873817e-02 3.101836e-02
2.310130e-02 3.227171e-02
2.848036e-02 3.357570e-02
3.511192e-02 3.493239e-02
4.328761e-02 3.634389e-02
5.336699e-02 3.781243e-02
6.579332e-02 3.934031e-02
8.111308e-02 4.092993e-02
1.000000e-01 4.258377e-02
1.232847e-01 4.430444e-02
1.519911e-01 4.609464e-02
1.873817e-01 4.795718e-02
2.310130e-01 4.989497e-02
2.848036e-01 5.191105e-02
3.511192e-01 5.400854e-02
4.328761e-01 5.619064e-02
5.336699e-01 5.846052e-02
6.579332e-01 6.082123e-02
8.111308e-01 6.327541e-02
1.000000e+00 6.582504e-02
1.232847e+00 6.847090e-02
1.519911e+00 7.121202e-02
1.873817e+00 7.404489e-02
2.310130e+00 7.696260e-02
2.848036e+00 7.995384e-02
3.511192e+00 8.300184e-02
4.328761e+00 8.608337e-02
5.336699e+00 8.916775e-02
6.579332e+00 9.221627e-02
8.111308e+00 9.518183e-02
1.000000e+01 9.800923e-02
1.232847e+01 1.006362e-01
1.519911e+01 1.029951e-01
1.873817e+01 1.050157e-01
2.310130e+01 1.066289e-01
2.848036e+01 1.077704e-01
3.511192e+01 1.083857e-01
4.328761e+01 1.084343e-01
5.336699e+01 1.078938e-01
6.579332e+01 1.067619e-01
8.111308e+01 1.050582e-01
1.000000e+02 1.028234e-01
1.232847e+02 1.001163e-01
1.519911e+02 9.701061e-02
1.873817e+02 9.358908e-02
2.310130e+02 8.993843e-02
2.848036e+02 8.614352e-02
3.511192e+02 8.228256e-02
4.328761e+02 7.842310e-02
5.336699e+02 7.461924e-02
6.579332e+02 7.090999e-02
8.111308e+02 6.731870e-02
1.000000e+03 6.385339e-02
1.232847e+03 6.050766e-02
1.519911e+03 5.726225e-02
1.873817e+03 5.408699e-02
2.310130e+03 5.094320e-02
2.848036e+03 4.778683e-02
3.511192e+03 4.457250e-02
4.328761e+03 4.125856e-02
5.336699e+03 3.781332e-02
6.579332e+03 3.422204e-02
8.111308e+03 3.049351e-02
1.000000e+04 2.666494e-02
1.232847e+04 2.280313e-02
1.519911e+04 1.900053e-02
1.873817e+04 1.536586e-02
2.310130e+04 1.201049e-02
2.848036e+04 9.033016e-03
3.511192e+04 6.505303e-03
4.328761e+04 4.462850e-03
5.336699e+04 2.901198e-03
6.579332e+04 1.778742e-03
8.111308e+04 1.025404e-03
1.000000e+05 5.558141e-04
1.232847e+05 2.844476e-04
1.519911e+05 1.385539e-04
1.873817e+05 6.491600e-05
2.310130e+05 2.957375e-05
2.848036e+05 1.322376e-05
3.511192e+05 5.844912e-06
4.328761e+05 2.566078e-06
5.336699e+05 1.122375e-06
6.579332e+05 4.899417e-07
8.111308e+05 2.136534e-07
1.000000e+06 9.312279e-08
1.232847e+06 4.057849e-08
1.519911e+06 1.768013e-08
1.873817e+06 7.702847e-09
2.310130e+06 3.355880e-09
2.848036e+06 1.462031e-09
3.511192e+06 6.369491e-10
4.328761e+06 2.774929e-10
5.336699e+06 1.208923e-10
6.579332e+06 5.266782e-11
8.111308e+06 2.294521e-11
1.000000e+07 9.996284e-12
