1.000000e-02 7.268260e-03
1.232847e-02 7.661312e-03
1.519911e-02 8.075621e-03
1.873817e-02 8.512334e-03
2.310130e-02 8.972664e-03
2.848036e-02 9.457887e-03
3.511192e-02 9.969351e-03
4.328761e-02 1.050847e-02
5.336699e-02 1.107675e-02
6.579332e-02 1.167576e-02
8.111308e-02 1.230716e-02
1.000000e-01 1.297271e-02
1.232847e-01 1.367424e-02
1.519911e-01 1.441372e-02
1.873817e-01 1.519318e-02
2.310130e-01 1.601480e-02
2.848036e-01 1.688085e-02
3.511192e-01 1.779373e-02
4.328761e-01 1.875598e-02
5.336699e-01 1.977027e-02
6.579332e-01 2.083941e-02
8.111308e-01 2.196638e-02
1.000000e+00 2.315430e-02
1.232847e+00 2.440651e-02
1.519911e+00 2.572648e-02
1.873817e+00 2.711793e-02
2.310130e+00 2.858479e-02
2.848036e+00 3.013123e-02
3.511192e+00 3.176169e-02
4.328761e+00 3.348088e-02
5.336699e+00 3.529384e-02
6.579332e+00 3.720596e-02
8.111308e+00 3.922297e-02
1.000000e+01 4.135101e-02
1.232847e+01 4.359660e-02
1.519911e+01 4.596665e-02
1.873817e+01 4.846848e-02
2.310130e+01 5.110970e-02
2.848036e+01 5.389823e-02
3.511192e+01 5.684207e-02
4.328761e+01 5.994922e-02
5.336699e+01 6.322734e-02
6.579332e+01 6.668347e-02
8.111308e+01 7.032352e-02
1.000000e+02 7.415177e-02
1.232847e+02 7.817007e-02
1.519911e+02 8.237705e-02
1.873817e+02 8.676705e-02
2.310130e+02 9.132893e-02
2.848036e+02 9.604478e-02
3.511192e+02 1.008884e-01
4.328761e+02 1.058239e-01
5.336699e+02 1.108040e-01
6.579332e+02 1.157688e-01
8.111308e+02 1.206445e-01
1.000000e+03 1.253422e-01
1.232847e+03 1.297574e-01
1.519911e+03 1.337701e-01
1.873817e+03 1.372446e-01
2.310130e+03 1.400304e-01
2.848036e+03 1.419640e-01
3.511192e+03 1.428706e-01
4.328761e+03 1.425680e-01
5.336699e+03 1.408729e-01
6.579332e+03 1.376105e-01
8.111308e+03 1.326312e-01
1.000000e+04 1.258338e-01
1.232847e+04 1.171972e-01
1.519911e+04 1.068169e-01
1.873817e+04 9.493865e-02
2.310130e+04 8.197701e-02
2.848036e+04 6.850264e-02
3.511192e+04 5.518809e-02
4.328761e+04 4.271503e-02
5.336699e+04 3.166440e-02
6.579332e+04 2.242297e-02
8.111308e+04 1.513715e-02
1.000000e+05 9.725872e-03
1.232847e+05 5.941119e-03
1.519911e+05 3.448964e-03
1.873817e+05 1.904238e-03
2.310130e+05 1.002482e-03
2.848036e+05 5.056297e-04
3.511192e+05 2.460078e-04
4.328761e+05 1.163775e-04
5.336699e+05 5.394840e-05
6.579332e+05 2.467003e-05
8.111308e+05 1.118502e-05
1.000000e+06 5.045358e-06
1.232847e+06 2.269325e-06
1.519911e+06 1.019116e-06
1.873817e+06 4.572952e-07
2.310130e+06 2.051118e-07
2.848036e+06 9.198072e-08
3.511192e+06 4.124406e-08
4.328761e+06 1.849299e-08
5.336699e+06 8.291723e-09
6.579332e+06 3.717743e-09
8.111308e+06 1.666913e-09
1.000000e+07 7.473885e-10
