1.000000e-02 9.964577e-03
1.232847e-02 1.050357e-02
1.519911e-02 1.107172e-02
1.873817e-02 1.167060e-02
2.310130e-02 1.230188e-02
2.848036e-02 1.296730e-02
3.511192e-02 1.366872e-02
4.328761e-02 1.440807e-02
5.336699e-02 1.518742e-02
6.579332e-02 1.600892e-02
8.111308e-02 1.687486e-02
1.000000e-01 1.778764e-02
1.232847e-01 1.874979e-02
1.519911e-01 1.976399e-02
1.873817e-01 2.083305e-02
2.310130e-01 2.195993e-02
2.848036e-01 2.314777e-02
3.511192e-01 2.439985e-02
4.328761e-01 2.571967e-02
5.336699e-01 2.711087e-02
6.579332e-01 2.857733e-02
8.111308e-01 3.012311e-02
1.000000e+00 3.175250e-02
1.232847e+00 3.347002e-02
1.519911e+00 3.528041e-02
1.873817e+00 3.718868e-02
2.310130e+00 3.920005e-02
2.848036e+00 4.131999e-02
3.511192e+00 4.355419e-02
4.328761e+00 4.590849e-02
5.336699e+00 4.838889e-02
6.579332e+00 5.100141e-02
8.111308e+00 5.375200e-02
1.000000e+01 5.664634e-02
1.232847e+01 5.968966e-02
1.519911e+01 6.288641e-02
1.873817e+01 6.623987e-02
2.310130e+01 6.975168e-02
2.848036e+01 7.342122e-02
3.511192e+01 7.724491e-02
4.328761e+01 8.121532e-02
5.336699e+01 8.532020e-02
6.579332e+01 8.954134e-02
8.111308e+01 9.385345e-02
1.000000e+02 9.822284e-02
1.232847e+02 1.026063e-01
1.519911e+02 1.069502e-01
1.873817e+02 1.111895e-01
2.310130e+02 1.152479e-01
2.848036e+02 1.190379e-01
3.511192e+02 1.224625e-01
4.328761e+02 1.254170e-01
5.336699e+02 1.277927e-01
6.579332e+02 1.294809e-01
8.111308e+02 1.303781e-01
1.000000e+03 1.303919e-01
1.232847e+03 1.294461e-01
1.519911e+03 1.274861e-01
1.873817e+03 1.244830e-01
2.310130e+03 1.204356e-01
2.848036e+03 1.153718e-01
3.511192e+03 1.093472e-01
4.328761e+03 1.024439e-01
5.336699e+03 9.476902e-02
6.579332e+03 8.645432e-02
8.111308e+03 7.765674e-02
1.000000e+04 6.855938e-02
1.232847e+04 5.937086e-02
1.519911e+04 5.032021e-02
1.873817e+04 4.164534e-02
2.310130e+04 3.357484e-02
2.848036e+04 2.630576e-02
3.511192e+04 1.998217e-02
4.328761e+04 1.468027e-02
5.336699e+04 1.040413e-02
6.579332e+04 7.092781e-03
8.111308e+04 4.636248e-03
1.000000e+05 2.895577e-03
1.232847e+05 1.722076e-03
1.519911e+05 9.728695e-04
1.873817e+05 5.218801e-04
2.310130e+05 2.665343e-04
2.848036e+05 1.303671e-04
3.511192e+05 6.157502e-05
4.328761e+05 2.833788e-05
5.336699e+05 1.281162e-05
6.579332e+05 5.726841e-06
8.111308e+05 2.542601e-06
1.000000e+06 1.124525e-06
1.232847e+06 4.963106e-07
1.519911e+06 2.188092e-07
1.873817e+06 9.641380e-08
2.310130e+06 4.247135e-08
2.848036e+06 1.870670e-08
3.511192e+06 8.238965e-09
4.328761e+06 3.628580e-09
5.336699e+06 1.598070e-09
6.579332e+06 7.038067e-10
8.111308e+06 3.099633e-10
1.000000e+07 1.365108e-10
