1.000000e-02 3.598273e-03
1.232847e-02 3.839568e-03
1.519911e-02 4.097044e-03
1.873817e-02 4.371786e-03
2.310130e-02 4.664952e-03
2.848036e-02 4.977777e-03
3.511192e-02 5.311580e-03
4.328761e-02 5.667767e-03
5.336699e-02 6.047839e-03
6.579332e-02 6.453399e-03
8.111308e-02 6.886154e-03
1.000000e-01 7.347930e-03
1.232847e-01 7.840672e-03
1.519911e-01 8.366456e-03
1.873817e-01 8.927499e-03
2.310130e-01 9.526164e-03
2.848036e-01 1.016497e-02
3.511192e-01 1.084662e-02
4.328761e-01 1.157398e-02
5.336699e-01 1.235010e-02
6.579332e-01 1.317826e-02
8.111308e-01 1.406192e-02
1.000000e+00 1.500477e-02
1.232847e+00 1.601072e-02
1.519911e+00 1.708388e-02
1.873817e+00 1.822859e-02
2.310130e+00 1.944935e-02
2.848036e+00 2.075082e-02
3.511192e+00 2.213777e-02
4.328761e+00 2.361498e-02
5.336699e+00 2.518715e-02
6.579332e+00 2.685880e-02
8.111308e+00 2.863405e-02
1.000000e+01 3.051647e-02
1.232847e+01 3.250879e-02
1.519911e+01 3.461260e-02
1.873817e+01 3.682806e-02
2.310130e+01 3.915344e-02
2.848036e+01 4.158479e-02
3.511192e+01 4.411548e-02
4.328761e+01 4.673584e-02
5.336699e+01 4.943287e-02
6.579332e+01 5.219001e-02
8.111308e+01 5.498721e-02
1.000000e+02 5.780122e-02
1.232847e+02 6.060619e-02
1.519911e+02 6.337478e-02
1.873817e+02 6.607970e-02
2.310130e+02 6.869569e-02
2.848036e+02 7.120200e-02
3.511192e+02 7.358520e-02
4.328761e+02 7.584217e-02
5.336699e+02 7.798324e-02
6.579332e+02 8.003508e-02
8.111308e+02 8.204334e-02
1.000000e+03 8.407503e-02
1.232847e+03 8.622047e-02
1.519911e+03 8.859519e-02
1.873817e+03 9.134183e-02
2.310130e+03 9.463230e-02
2.848036e+03 9.867006e-02
3.511192e+03 1.036919e-01
4.328761e+03 1.099668e-01
5.336699e+03 1.177882e-01
6.579332e+03 1.274487e-01
8.111308e+03 1.391821e-01
1.000000e+04 1.530455e-01
1.232847e+04 1.687049e-01
1.519911e+04 1.850976e-01
1.873817e+04 2.000077e-01
2.310130e+04 2.097710e-01
2.848036e+04 2.096218e-01
3.511192e+04 1.953349e-01
4.328761e+04 1.661037e-01
5.336699e+04 1.267201e-01
6.579332e+04 8.614731e-02
8.111308e+04 5.257860e-02
1.000000e+05 2.943403e-02
1.232847e+05 1.558145e-02
1.519911e+05 8.056547e-03
1.873817e+05 4.183581e-03
2.310130e+05 2.224071e-03
2.848036e+05 1.221769e-03
3.511192e+05 6.936807e-04
4.328761e+05 4.043695e-04
5.336699e+05 2.395033e-04
6.579332e+05 1.425423e-04
8.111308e+05 8.446851e-05
1.000000e+06 4.954946e-05
1.232847e+06 2.870572e-05
1.519911e+06 1.643045e-05
1.873817e+06 9.309457e-06
2.310130e+06 5.234434e-06
2.848036e+06 2.927569e-06
3.511192e+06 1.631795e-06
4.328761e+06 9.077164e-07
5.336699e+06 5.043902e-07
6.579332e+06 2.801335e-07
8.111308e+06 1.555552e-07
1.000000e+07 8.637510e-08
