1.000000e-02 1.528145e-02
1.232847e-02 1.609411e-02
1.519911e-02 1.694998e-02
1.873817e-02 1.785137e-02
2.310130e-02 1.880069e-02
2.848036e-02 1.980050e-02
3.511192e-02 2.085348e-02
4.328761e-02 2.196245e-02
5.336699e-02 2.313040e-02
6.579332e-02 2.436046e-02
8.111308e-02 2.565593e-02
1.000000e-01 2.702029e-02
1.232847e-01 2.845721e-02
1.519911e-01 2.997054e-02
1.873817e-01 3.156435e-02
2.310130e-01 3.324292e-02
2.848036e-01 3.501076e-02
3.511192e-01 3.687260e-02
4.328761e-01 3.883345e-02
5.336699e-01 4.089856e-02
6.579332e-01 4.307345e-02
8.111308e-01 4.536389e-02
1.000000e+00 4.777591e-02
1.232847e+00 5.031577e-02
1.519911e+00 5.298985e-02
1.873817e+00 5.580461e-02
2.310130e+00 5.876642e-02
2.848036e+00 6.188135e-02
3.511192e+00 6.515486e-02
4.328761e+00 6.859136e-02
5.336699e+00 7.219373e-02
6.579332e+00 7.596256e-02
8.111308e+00 7.989526e-02
1.000000e+01 8.398501e-02
1.232847e+01 8.821939e-02
1.519911e+01 9.257889e-02
1.873817e+01 9.703515e-02
2.310130e+01 1.015492e-01
2.848036e+01 1.060694e-01
3.511192e+01 1.105299e-01
4.328761e+01 1.148495e-01
5.336699e+01 1.189305e-01
6.579332e+01 1.226596e-01
8.111308e+01 1.259096e-01
1.000000e+02 1.285430e-01
1.232847e+02 1.304182e-01
1.519911e+02 1.313964e-01
1.873817e+02 1.313520e-01
2.310130e+02 1.301827e-01
2.848036e+02 1.278201e-01
3.511192e+02 1.242399e-01
4.328761e+02 1.194678e-01
5.336699e+02 1.135833e-01
6.579332e+02 1.067172e-01
8.111308e+02 9.904476e-02
1.000000e+03 9.077464e-02
1.232847e+03 8.213437e-02
1.519911e+03 7.335507e-02
1.873817e+03 6.465691e-02
2.310130e+03 5.623713e-02
2.848036e+03 4.826144e-02
3.511192e+03 4.085916e-02
4.328761e+03 3.412166e-02
5.336699e+03 2.810350e-02
6.579332e+03 2.282552e-02
8.111308e+03 1.827927e-02
1.000000e+04 1.443225e-02
1.232847e+04 1.123350e-02
1.519911e+04 8.619274e-03
1.873817e+04 6.518477e-03
2.310130e+04 4.857649e-03
2.848036e+04 3.565185e-03
3.511192e+04 2.574631e-03
4.328761e+04 1.826862e-03
5.336699e+04 1.271149e-03
6.579332e+04 8.652253e-04
8.111308e+04 5.745971e-04
1.000000e+05 3.714354e-04
1.232847e+05 2.333783e-04
1.519911e+05 1.425263e-04
1.873817e+05 8.474773e-05
2.310130e+05 4.922209e-05
2.848036e+05 2.804145e-05
3.511192e+05 1.573834e-05
4.328761e+05 8.737520e-06
5.336699e+05 4.814321e-06
6.579332e+05 2.639367e-06
8.111308e+05 1.442335e-06
1.000000e+06 7.866179e-07
1.232847e+06 4.284855e-07
1.519911e+06 2.332374e-07
1.873817e+06 1.269056e-07
2.310130e+06 6.903385e-08
2.848036e+06 3.754806e-08
3.511192e+06 2.042128e-08
4.328761e+06 1.110614e-08
5.336699e+06 6.039989e-09
6.579332e+06 3.284778e-09
8.111308e+06 1.786384e-09
1.000000e+07 9.715011e-10
