1.000000e-02 1.406805e-02
1.232847e-02 1.478340e-02
1.519911e-02 1.553513e-02
1.873817e-02 1.632508e-02
2.310130e-02 1.715520e-02
2.848036e-02 1.802753e-02
3.511192e-02 1.894421e-02
4.328761e-02 1.990751e-02
5.336699e-02 2.091980e-02
6.579332e-02 2.198355e-02
8.111308e-02 2.310140e-02
1.000000e-01 2.427609e-02
1.232847e-01 2.551051e-02
1.519911e-01 2.680770e-02
1.873817e-01 2.817085e-02
2.310130e-01 2.960332e-02
2.848036e-01 3.110863e-02
3.511192e-01 3.269048e-02
4.328761e-01 3.435275e-02
5.336699e-01 3.609953e-02
6.579332e-01 3.793508e-02
8.111308e-01 3.986384e-02
1.000000e+00 4.189043e-02
1.232847e+00 4.401959e-02
1.519911e+00 4.625615e-02
1.873817e+00 4.860495e-02
2.310130e+00 5.107073e-02
2.848036e+00 5.365798e-02
3.511192e+00 5.637078e-02
4.328761e+00 5.921257e-02
5.336699e+00 6.218581e-02
6.579332e+00 6.529172e-02
8.111308e+00 6.852982e-02
1.000000e+01 7.189751e-02
1.232847e+01 7.538959e-02
1.519911e+01 7.899773e-02
1.873817e+01 8.270995e-02
2.310130e+01 8.651019e-02
2.848036e+01 9.037789e-02
3.511192e+01 9.428783e-02
4.328761e+01 9.821008e-02
5.336699e+01 1.021104e-01
6.579332e+01 1.059508e-01
8.111308e+01 1.096907e-01
1.000000e+02 1.132886e-01
1.232847e+02 1.167036e-01
1.519911e+02 1.198975e-01
1.873817e+02 1.228369e-01
2.310130e+02 1.254940e-01
2.848036e+02 1.278472e-01
3.511192e+02 1.298782e-01
4.328761e+02 1.315672e-01
5.336699e+02 1.328826e-01
6.579332e+02 1.337638e-01
8.111308e+02 1.340956e-01
1.000000e+03 1.336722e-01
1.232847e+03 1.321508e-01
1.519911e+03 1.290064e-01
1.873817e+03 1.235134e-01
2.310130e+03 1.148146e-01
2.848036e+03 1.021674e-01
3.511192e+03 8.543005e-02
4.328761e+03 6.566032e-02
5.336699e+03 4.533843e-02
6.579332e+03 2.760858e-02
8.111308e+03 1.470732e-02
1.000000e+04 6.899394e-03
1.232847e+04 2.908470e-03
1.519911e+04 1.132487e-03
1.873817e+04 4.184261e-04
2.310130e+04 1.498500e-04
2.848036e+04 5.276475e-05
3.511192e+04 1.842218e-05
4.328761e+04 6.406239e-06
5.336699e+04 2.223786e-06
6.579332e+04 7.713554e-07
8.111308e+04 2.674739e-07
1.000000e+05 9.273735e-08
1.232847e+05 3.215195e-08
1.519911e+05 1.114685e-08
1.873817e+05 3.864505e-09
2.310130e+05 1.339783e-09
2.848036e+05 4.644884e-10
3.511192e+05 1.610331e-10
4.328761e+05 5.582841e-11
5.336699e+05 1.935510e-11
6.579332e+05 6.710200e-12
8.111308e+05 2.326353e-12
1.000000e+06 8.065211e-13
1.232847e+06 2.796120e-13
1.519911e+06 9.693843e-14
1.873817e+06 3.360749e-14
2.310130e+06 1.165135e-14
2.848036e+06 4.039395e-15
3.511192e+06 1.400414e-15
4.328761e+06 4.855082e-16
5.336699e+06 1.683204e-16
6.579332e+06 5.835483e-17
8.111308e+06 2.023098e-17
1.000000e+07 7.013859e-18
