1.000000e-02 2.457131e-02
1.232847e-02 2.570426e-02
1.519911e-02 2.688944e-02
1.873817e-02 2.812928e-02
2.310130e-02 2.942628e-02
2.848036e-02 3.078308e-02
3.511192e-02 3.220245e-02
4.328761e-02 3.368726e-02
5.336699e-02 3.524053e-02
6.579332e-02 3.686542e-02
8.111308e-02 3.856523e-02
1.000000e-01 4.034342e-02
1.232847e-01 4.220360e-02
1.519911e-01 4.414955e-02
1.873817e-01 4.618522e-02
2.310130e-01 4.831475e-02
2.848036e-01 5.054247e-02
3.511192e-01 5.287289e-02
4.328761e-01 5.531071e-02
5.336699e-01 5.786077e-02
6.579332e-01 6.052805e-02
8.111308e-01 6.331750e-02
1.000000e+00 6.623394e-02
1.232847e+00 6.928178e-02
1.519911e+00 7.246466e-02
1.873817e+00 7.578500e-02
2.310130e+00 7.924336e-02
2.848036e+00 8.283764e-02
3.511192e+00 8.656208e-02
4.328761e+00 9.040612e-02
5.336699e+00 9.435301e-02
6.579332e+00 9.837831e-02
8.111308e+00 1.024482e-01
1.000000e+01 1.065179e-01
1.232847e+01 1.105298e-01
1.519911e+01 1.144127e-01
1.873817e+01 1.180805e-01
2.310130e+01 1.214321e-01
2.848036e+01 1.243531e-01
3.511192e+01 1.267176e-01
4.328761e+01 1.283930e-01
5.336699e+01 1.292455e-01
6.579332e+01 1.291483e-01
8.111308e+01 1.279908e-01
1.000000e+02 1.256886e-01
1.232847e+02 1.221938e-01
1.519911e+02 1.175037e-01
1.873817e+02 1.116669e-01
2.310130e+02 1.047860e-01
2.848036e+02 9.701576e-02
3.511192e+02 8.855621e-02
4.328761e+02 7.964157e-02
5.336699e+02 7.052490e-02
6.579332e+02 6.146085e-02
8.111308e+02 5.268808e-02
1.000000e+03 4.441366e-02
1.232847e+03 3.680134e-02
1.519911e+03 2.996484e-02
1.873817e+03 2.396645e-02
2.310130e+03 1.882050e-02
2.848036e+03 1.450063e-02
3.511192e+03 1.094967e-02
4.328761e+03 8.090345e-03
5.336699e+03 5.835506e-03
6.579332e+03 4.096421e-03
8.111308e+03 2.788344e-03
1.000000e+04 1.833242e-03
1.232847e+04 1.160329e-03
1.519911e+04 7.057447e-04
1.873817e+04 4.127289e-04
2.310130e+04 2.328255e-04
2.848036e+04 1.273729e-04
3.511192e+04 6.801504e-05
4.328761e+04 3.567668e-05
5.336699e+04 1.848410e-05
6.579332e+04 9.499277e-06
8.111308e+04 4.857063e-06
1.000000e+05 2.475843e-06
1.232847e+05 1.259772e-06
1.519911e+05 6.403472e-07
1.873817e+05 3.253050e-07
2.310130e+05 1.652075e-07
2.848036e+05 8.388712e-08
3.511192e+05 4.259135e-08
4.328761e+05 2.162353e-08
5.336699e+05 1.097794e-08
6.579332e+05 5.573265e-09
8.111308e+05 2.829406e-09
1.000000e+06 1.436414e-09
1.232847e+06 7.292272e-10
1.519911e+06 3.702080e-10
1.873817e+06 1.879441e-10
2.310130e+06 9.541382e-11
2.848036e+06 4.843886e-11
3.511192e+06 2.459102e-11
4.328761e+06 1.248415e-11
5.336699e+06 6.337845e-12
6.579332e+06 3.217542e-12
8.111308e+06 1.633453e-12
1.000000e+07 8.292573e-13
