1.000000e-02 6.768393e-03
1.232847e-02 7.148043e-03
1.519911e-02 7.548990e-03
1.873817e-02 7.972426e-03
2.310130e-02 8.419613e-03
2.848036e-02 8.891883e-03
3.511192e-02 9.390645e-03
4.328761e-02 9.917382e-03
5.336699e-02 1.047367e-02
6.579332e-02 1.106115e-02
8.111308e-02 1.168159e-02
1.000000e-01 1.233683e-02
1.232847e-01 1.302883e-02
1.519911e-01 1.375963e-02
1.873817e-01 1.453144e-02
2.310130e-01 1.534653e-02
2.848036e-01 1.620734e-02
3.511192e-01 1.711644e-02
4.328761e-01 1.807653e-02
5.336699e-01 1.909048e-02
6.579332e-01 2.016129e-02
8.111308e-01 2.129217e-02
1.000000e+00 2.248646e-02
1.232847e+00 2.374774e-02
1.519911e+00 2.507973e-02
1.873817e+00 2.648639e-02
2.310130e+00 2.797186e-02
2.848036e+00 2.954052e-02
3.511192e+00 3.119694e-02
4.328761e+00 3.294593e-02
5.336699e+00 3.479250e-02
6.579332e+00 3.674187e-02
8.111308e+00 3.879944e-02
1.000000e+01 4.097075e-02
1.232847e+01 4.326145e-02
1.519911e+01 4.567724e-02
1.873817e+01 4.822376e-02
2.310130e+01 5.090646e-02
2.848036e+01 5.373048e-02
3.511192e+01 5.670041e-02
4.328761e+01 5.982005e-02
5.336699e+01 6.309208e-02
6.579332e+01 6.651771e-02
8.111308e+01 7.009615e-02
1.000000e+02 7.382415e-02
1.232847e+02 7.769535e-02
1.519911e+02 8.169958e-02
1.873817e+02 8.582211e-02
2.310130e+02 9.004291e-02
2.848036e+02 9.433577e-02
3.511192e+02 9.866757e-02
4.328761e+02 1.029975e-01
5.336699e+02 1.072766e-01
6.579332e+02 1.114473e-01
8.111308e+02 1.154431e-01
1.000000e+03 1.191889e-01
1.232847e+03 1.226017e-01
1.519911e+03 1.255909e-01
1.873817e+03 1.280600e-01
2.310130e+03 1.299081e-01
2.848036e+03 1.310323e-01
3.511192e+03 1.313303e-01
4.328761e+03 1.307043e-01
5.336699e+03 1.290651e-01
6.579332e+03 1.263385e-01
8.111308e+03 1.224713e-01
1.000000e+04 1.174405e-01
1.232847e+04 1.112616e-01
1.519911e+04 1.039989e-01
1.873817e+04 9.577277e-02
2.310130e+04 8.676398e-02
2.848036e+04 7.721117e-02
3.511192e+04 6.739967e-02
4.328761e+04 5.764111e-02
5.336699e+04 4.824576e-02
6.579332e+04 3.949187e-02
8.111308e+04 3.159825e-02
1.000000e+05 2.470601e-02
1.232847e+05 1.887316e-02
1.519911e+05 1.408244e-02
1.873817e+05 1.025853e-02
2.310130e+05 7.289375e-03
2.848036e+05 5.046153e-03
3.511192e+05 3.398536e-03
4.328761e+05 2.224269e-03
5.336699e+05 1.414129e-03
6.579332e+05 8.741513e-04
8.111308e+05 5.266218e-04
1.000000e+06 3.102970e-04
1.232847e+06 1.795864e-04
1.519911e+06 1.025324e-04
1.873817e+06 5.797225e-05
2.310130e+06 3.256253e-05
2.848036e+06 1.821306e-05
3.511192e+06 1.016105e-05
4.328761e+06 5.660646e-06
5.336699e+06 3.151137e-06
6.579332e+06 1.753559e-06
8.111308e+06 9.757098e-07
1.000000e+07 5.428888e-07
