1.000000e-02 1.166200e-02
1.232847e-02 1.223563e-02
1.519911e-02 1.283748e-02
1.873817e-02 1.346893e-02
2.310130e-02 1.413145e-02
2.848036e-02 1.482655e-02
3.511192e-02 1.555584e-02
4.328761e-02 1.632100e-02
5.336699e-02 1.712380e-02
6.579332e-02 1.796609e-02
8.111308e-02 1.884981e-02
1.000000e-01 1.977700e-02
1.232847e-01 2.074979e-02
1.519911e-01 2.177044e-02
1.873817e-01 2.284129e-02
2.310130e-01 2.396481e-02
2.848036e-01 2.514359e-02
3.511192e-01 2.638036e-02
4.328761e-01 2.767796e-02
5.336699e-01 2.903938e-02
6.579332e-01 3.046775e-02
8.111308e-01 3.196636e-02
1.000000e+00 3.353862e-02
1.232847e+00 3.518811e-02
1.519911e+00 3.691855e-02
1.873817e+00 3.873381e-02
2.310130e+00 4.063788e-02
2.848036e+00 4.263488e-02
3.511192e+00 4.472903e-02
4.328761e+00 4.692467e-02
5.336699e+00 4.922619e-02
6.579332e+00 5.163805e-02
8.111308e+00 5.416474e-02
1.000000e+01 5.681080e-02
1.232847e+01 5.958073e-02
1.519911e+01 6.247903e-02
1.873817e+01 6.551017e-02
2.310130e+01 6.867855e-02
2.848036e+01 7.198849e-02
3.511192e+01 7.544423e-02
4.328761e+01 7.904983e-02
5.336699e+01 8.280919e-02
6.579332e+01 8.672590e-02
8.111308e+01 9.080315e-02
1.000000e+02 9.504349e-02
1.232847e+02 9.944850e-02
1.519911e+02 1.040182e-01
1.873817e+02 1.087504e-01
2.310130e+02 1.136389e-01
2.848036e+02 1.186721e-01
3.511192e+02 1.238292e-01
4.328761e+02 1.290760e-01
5.336699e+02 1.343574e-01
6.579332e+02 1.395874e-01
8.111308e+02 1.446335e-01
1.000000e+03 1.492965e-01
1.232847e+03 1.532829e-01
1.519911e+03 1.561718e-01
1.873817e+03 1.573824e-01
2.310130e+03 1.561567e-01
2.848036e+03 1.515884e-01
3.511192e+03 1.427509e-01
4.328761e+03 1.289789e-01
5.336699e+03 1.103121e-01
6.579332e+03 8.795284e-02
8.111308e+03 6.437693e-02
1.000000e+04 4.272050e-02
1.232847e+04 2.554798e-02
1.519911e+04 1.381763e-02
1.873817e+04 6.854191e-03
2.310130e+04 3.188616e-03
2.848036e+04 1.427559e-03
3.511192e+04 6.300610e-04
4.328761e+04 2.791983e-04
5.336699e+04 1.255816e-04
6.579332e+04 5.757578e-05
8.111308e+04 2.689068e-05
1.000000e+05 1.275431e-05
1.232847e+05 6.119560e-06
1.519911e+05 2.959657e-06
1.873817e+05 1.438809e-06
2.310130e+05 7.016883e-07
2.848036e+05 3.428459e-07
3.511192e+05 1.676941e-07
4.328761e+05 8.207177e-08
5.336699e+05 4.017992e-08
6.579332e+05 1.967426e-08
8.111308e+05 9.634441e-09
1.000000e+06 4.718182e-09
1.232847e+06 2.310644e-09
1.519911e+06 1.131609e-09
1.873817e+06 5.541950e-10
2.310130e+06 2.714126e-10
2.848036e+06 1.329223e-10
3.511192e+06 6.509779e-11
4.328761e+06 3.188120e-11
5.336699e+06 1.561361e-11
6.579332e+06 7.646659e-12
8.111308e+06 3.744900e-12
1.000000e+07 1.834040e-12
