1.000000e-02 1.005333e-02
1.232847e-02 1.059815e-02
1.519911e-02 1.117249e-02
1.873817e-02 1.177796e-02
2.310130e-02 1.241624e-02
2.848036e-02 1.308912e-02
3.511192e-02 1.379845e-02
4.328761e-02 1.454623e-02
5.336699e-02 1.533453e-02
6.579332e-02 1.616556e-02
8.111308e-02 1.704162e-02
1.000000e-01 1.796515e-02
1.232847e-01 1.893873e-02
1.519911e-01 1.996508e-02
1.873817e-01 2.104704e-02
2.310130e-01 2.218764e-02
2.848036e-01 2.339006e-02
3.511192e-01 2.465763e-02
4.328761e-01 2.599390e-02
5.336699e-01 2.740259e-02
6.579332e-01 2.888763e-02
8.111308e-01 3.045316e-02
1.000000e+00 3.210356e-02
1.232847e+00 3.384344e-02
1.519911e+00 3.567769e-02
1.873817e+00 3.761144e-02
2.310130e+00 3.965013e-02
2.848036e+00 4.179946e-02
3.511192e+00 4.406540e-02
4.328761e+00 4.645420e-02
5.336699e+00 4.897231e-02
6.579332e+00 5.162628e-02
8.111308e+00 5.442274e-02
1.000000e+01 5.736814e-02
1.232847e+01 6.046856e-02
1.519911e+01 6.372939e-02
1.873817e+01 6.715492e-02
2.310130e+01 7.074778e-02
2.848036e+01 7.450829e-02
3.511192e+01 7.843361e-02
4.328761e+01 8.251676e-02
5.336699e+01 8.674541e-02
6.579332e+01 9.110062e-02
8.111308e+01 9.555536e-02
1.000000e+02 1.000730e-01
1.232847e+02 1.046059e-01
1.519911e+02 1.090942e-01
1.873817e+02 1.134648e-01
2.310130e+02 1.176310e-01
2.848036e+02 1.214932e-01
3.511192e+02 1.249403e-01
4.328761e+02 1.278524e-01
5.336699e+02 1.301053e-01
6.579332e+02 1.315755e-01
8.111308e+02 1.321472e-01
1.000000e+03 1.317194e-01
1.232847e+03 1.302128e-01
1.519911e+03 1.275773e-01
1.873817e+03 1.237969e-01
2.310130e+03 1.188936e-01
2.848036e+03 1.129294e-01
3.511192e+03 1.060056e-01
4.328761e+03 9.825999e-02
5.336699e+03 8.986244e-02
6.579332e+03 8.100801e-02
8.111308e+03 7.190919e-02
1.000000e+04 6.278673e-02
1.232847e+04 5.385963e-02
1.519911e+04 4.533403e-02
1.873817e+04 3.739177e-02
2.310130e+04 3.017943e-02
2.848036e+04 2.379984e-02
3.511192e+04 1.830762e-02
4.328761e+04 1.371002e-02
5.336699e+04 9.972436e-03
6.579332e+04 7.027324e-03
8.111308e+04 4.784175e-03
1.000000e+05 3.138800e-03
1.232847e+05 1.981310e-03
1.519911e+05 1.203254e-03
1.873817e+05 7.044787e-04
2.310130e+05 3.992744e-04
2.848036e+05 2.202855e-04
3.511192e+05 1.190278e-04
4.328761e+05 6.334747e-05
5.336699e+05 3.336465e-05
6.579332e+05 1.745353e-05
8.111308e+05 9.091213e-06
1.000000e+06 4.723181e-06
1.232847e+06 2.450111e-06
1.519911e+06 1.269867e-06
1.873817e+06 6.578378e-07
2.310130e+06 3.406935e-07
2.848036e+06 1.764198e-07
3.511192e+06 9.134793e-08
4.328761e+06 4.729709e-08
5.336699e+06 2.448853e-08
6.579332e+06 1.267909e-08
8.111308e+06 6.564662e-09
1.000000e+07 3.398886e-09
