1.000000e-02 1.473692e-02
1.232847e-02 1.546598e-02
1.519911e-02 1.623110e-02
1.873817e-02 1.703408e-02
2.310130e-02 1.787678e-02
2.848036e-02 1.876117e-02
3.511192e-02 1.968931e-02
4.328761e-02 2.066337e-02
5.336699e-02 2.168561e-02
6.579332e-02 2.275843e-02
8.111308e-02 2.388432e-02
1.000000e-01 2.506591e-02
1.232847e-01 2.630596e-02
1.519911e-01 2.760735e-02
1.873817e-01 2.897313e-02
2.310130e-01 3.040647e-02
2.848036e-01 3.191072e-02
3.511192e-01 3.348938e-02
4.328761e-01 3.514613e-02
5.336699e-01 3.688479e-02
6.579332e-01 3.870937e-02
8.111308e-01 4.062399e-02
1.000000e+00 4.263288e-02
1.232847e+00 4.474032e-02
1.519911e+00 4.695054e-02
1.873817e+00 4.926763e-02
2.310130e+00 5.169537e-02
2.848036e+00 5.423705e-02
3.511192e+00 5.689528e-02
4.328761e+00 5.967165e-02
5.336699e+00 6.256650e-02
6.579332e+00 6.557852e-02
8.111308e+00 6.870441e-02
1.000000e+01 7.193849e-02
1.232847e+01 7.527227e-02
1.519911e+01 7.869409e-02
1.873817e+01 8.218877e-02
2.310130e+01 8.573727e-02
2.848036e+01 8.931651e-02
3.511192e+01 9.289924e-02
4.328761e+01 9.645402e-02
5.336699e+01 9.994541e-02
6.579332e+01 1.033342e-01
8.111308e+01 1.065778e-01
1.000000e+02 1.096309e-01
1.232847e+02 1.124458e-01
1.519911e+02 1.149734e-01
1.873817e+02 1.171636e-01
2.310130e+02 1.189657e-01
2.848036e+02 1.203297e-01
3.511192e+02 1.212057e-01
4.328761e+02 1.215453e-01
5.336699e+02 1.213010e-01
6.579332e+02 1.204270e-01
8.111308e+02 1.188789e-01
1.000000e+03 1.166136e-01
1.232847e+03 1.135894e-01
1.519911e+03 1.097657e-01
1.873817e+03 1.051042e-01
2.310130e+03 9.957108e-02
2.848036e+03 9.314208e-02
3.511192e+03 8.581102e-02
4.328761e+03 7.760263e-02
5.336699e+03 6.859024e-02
6.579332e+03 5.891851e-02
8.111308e+03 4.882904e-02
1.000000e+04 3.868231e-02
1.232847e+04 2.895918e-02
1.519911e+04 2.021652e-02
1.873817e+04 1.297582e-02
2.310130e+04 7.561726e-03
2.848036e+04 3.971802e-03
3.511192e+04 1.883445e-03
4.328761e+04 8.160511e-04
5.336699e+04 3.294173e-04
6.579332e+04 1.265767e-04
8.111308e+04 4.715861e-05
1.000000e+05 1.726407e-05
1.232847e+05 6.262118e-06
1.519911e+05 2.261173e-06
1.873817e+05 8.147674e-07
2.310130e+05 2.933115e-07
2.848036e+05 1.055485e-07
3.511192e+05 3.797551e-08
4.328761e+05 1.366238e-08
5.336699e+05 4.915163e-09
6.579332e+05 1.768255e-09
8.111308e+05 6.361366e-10
1.000000e+06 2.288522e-10
1.232847e+06 8.233028e-11
1.519911e+06 2.961857e-11
1.873817e+06 1.065537e-11
2.310130e+06 3.833300e-12
2.848036e+06 1.379041e-12
3.511192e+06 4.961140e-13
4.328761e+06 1.784785e-13
5.336699e+06 6.420816e-14
6.579332e+06 2.309908e-14
8.111308e+06 8.309961e-15
1.000000e+07 2.989533e-15
