1.000000e-02 1.448191e-02
1.232847e-02 1.537951e-02
1.519911e-02 1.633274e-02
1.873817e-02 1.734505e-02
2.310130e-02 1.842011e-02
2.848036e-02 1.956180e-02
3.511192e-02 2.077425e-02
4.328761e-02 2.206185e-02
5.336699e-02 2.342926e-02
6.579332e-02 2.488142e-02
8.111308e-02 2.642358e-02
1.000000e-01 2.806133e-02
1.232847e-01 2.980059e-02
1.519911e-01 3.164764e-02
1.873817e-01 3.360918e-02
2.310130e-01 3.569230e-02
2.848036e-01 3.790453e-02
3.511192e-01 4.025387e-02
4.328761e-01 4.274882e-02
5.336699e-01 4.539840e-02
6.579332e-01 4.821215e-02
8.111308e-01 5.120016e-02
1.000000e+00 5.437302e-02
1.232847e+00 5.774176e-02
1.519911e+00 6.131762e-02
1.873817e+00 6.511178e-02
2.310130e+00 6.913483e-02
2.848036e+00 7.339596e-02
3.511192e+00 7.790179e-02
4.328761e+00 8.265472e-02
5.336699e+00 8.765066e-02
6.579332e+00 9.287609e-02
8.111308e+00 9.830428e-02
1.000000e+01 1.038908e-01
1.232847e+01 1.095683e-01
1.519911e+01 1.152409e-01
1.873817e+01 1.207792e-01
2.310130e+01 1.260157e-01
2.848036e+01 1.307441e-01
3.511192e+01 1.347221e-01
4.328761e+01 1.376806e-01
5.336699e+01 1.393412e-01
6.579332e+01 1.394412e-01
8.111308e+01 1.377660e-01
1.000000e+02 1.341845e-01
1.232847e+02 1.286817e-01
1.519911e+02 1.213796e-01
1.873817e+02 1.125409e-01
2.310130e+02 1.025503e-01
2.848036e+02 9.187382e-02
3.511192e+02 8.100507e-02
4.328761e+02 7.040783e-02
5.336699e+02 6.046826e-02
6.579332e+02 5.146511e-02
8.111308e+02 4.356105e-02
1.000000e+03 3.681290e-02
1.232847e+03 3.119409e-02
1.519911e+03 2.662202e-02
1.873817e+03 2.298426e-02
2.310130e+03 2.015974e-02
2.848036e+03 1.803363e-02
3.511192e+03 1.650615e-02
4.328761e+03 1.549645e-02
5.336699e+03 1.494244e-02
6.579332e+03 1.479683e-02
8.111308e+03 1.501865e-02
1.000000e+04 1.555786e-02
1.232847e+04 1.632978e-02
1.519911e+04 1.717751e-02
1.873817e+04 1.782959e-02
2.310130e+04 1.788310e-02
2.848036e+04 1.687764e-02
3.511192e+04 1.452573e-02
4.328761e+04 1.103455e-02
5.336699e+04 7.201923e-03
6.579332e+04 3.990192e-03
8.111308e+04 1.894534e-03
1.000000e+05 7.932215e-04
1.232847e+05 3.038573e-04
1.519911e+05 1.101293e-04
1.873817e+05 3.869929e-05
2.310130e+05 1.338569e-05
2.848036e+05 4.595379e-06
3.511192e+05 1.572339e-06
4.328761e+05 5.372193e-07
5.336699e+05 1.834442e-07
6.579332e+05 6.262626e-08
8.111308e+05 2.137817e-08
1.000000e+06 7.297431e-09
1.232847e+06 2.490945e-09
1.519911e+06 8.502690e-10
1.873817e+06 2.902337e-10
2.310130e+06 9.906931e-11
2.848036e+06 3.381663e-11
3.511192e+06 1.154307e-11
4.328761e+06 3.940149e-12
5.336699e+06 1.344943e-12
6.579332e+06 4.590869e-13
8.111308e+06 1.567061e-13
1.000000e+07 5.349056e-14
