1.000000e-02 1.230325e-02
1.232847e-02 1.294724e-02
1.519911e-02 1.362493e-02
1.873817e-02 1.433810e-02
2.310130e-02 1.508859e-02
2.848036e-02 1.587837e-02
3.511192e-02 1.670949e-02
4.328761e-02 1.758411e-02
5.336699e-02 1.850451e-02
6.579332e-02 1.947309e-02
8.111308e-02 2.049237e-02
1.000000e-01 2.156499e-02
1.232847e-01 2.269377e-02
1.519911e-01 2.388162e-02
1.873817e-01 2.513165e-02
2.310130e-01 2.644711e-02
2.848036e-01 2.783143e-02
3.511192e-01 2.928820e-02
4.328761e-01 3.082122e-02
5.336699e-01 3.243448e-02
6.579332e-01 3.413215e-02
8.111308e-01 3.591864e-02
1.000000e+00 3.779855e-02
1.232847e+00 3.977666e-02
1.519911e+00 4.185796e-02
1.873817e+00 4.404760e-02
2.310130e+00 4.635081e-02
2.848036e+00 4.877290e-02
3.511192e+00 5.131913e-02
4.328761e+00 5.399456e-02
5.336699e+00 5.680394e-02
6.579332e+00 5.975141e-02
8.111308e+00 6.284023e-02
1.000000e+01 6.607240e-02
1.232847e+01 6.944812e-02
1.519911e+01 7.296526e-02
1.873817e+01 7.661853e-02
2.310130e+01 8.039865e-02
2.848036e+01 8.429126e-02
3.511192e+01 8.827580e-02
4.328761e+01 9.232413e-02
5.336699e+01 9.639925e-02
6.579332e+01 1.004539e-01
8.111308e+01 1.044293e-01
1.000000e+02 1.082548e-01
1.232847e+02 1.118468e-01
1.519911e+02 1.151104e-01
1.873817e+02 1.179408e-01
2.310130e+02 1.202268e-01
2.848036e+02 1.218563e-01
3.511192e+02 1.227233e-01
4.328761e+02 1.227365e-01
5.336699e+02 1.218288e-01
6.579332e+02 1.199665e-01
8.111308e+02 1.171574e-01
1.000000e+03 1.134549e-01
1.232847e+03 1.089583e-01
1.519911e+03 1.038073e-01
1.873817e+03 9.817187e-02
2.310130e+03 9.223705e-02
2.848036e+03 8.618646e-02
3.511192e+03 8.018503e-02
4.328761e+03 7.436359e-02
5.336699e+03 6.880646e-02
6.579332e+03 6.354241e-02
8.111308e+03 5.853929e-02
1.000000e+04 5.370299e-02
1.232847e+04 4.888378e-02
1.519911e+04 4.389581e-02
1.873817e+04 3.855895e-02
2.310130e+04 3.276858e-02
2.848036e+04 2.658323e-02
3.511192e+04 2.028788e-02
4.328761e+04 1.436522e-02
5.336699e+04 9.337423e-03
6.579332e+04 5.545200e-03
8.111308e+04 3.016763e-03
1.000000e+05 1.518251e-03
1.232847e+05 7.172578e-04
1.519911e+05 3.232749e-04
1.873817e+05 1.410840e-04
2.310130e+05 6.032560e-05
2.848036e+05 2.548320e-05
3.511192e+05 1.069190e-05
4.328761e+05 4.469755e-06
5.336699e+05 1.865136e-06
6.579332e+05 7.775753e-07
8.111308e+05 3.240302e-07
1.000000e+06 1.350021e-07
1.232847e+06 5.624130e-08
1.519911e+06 2.342892e-08
1.873817e+06 9.759803e-09
2.310130e+06 4.065617e-09
2.848036e+06 1.693598e-09
3.511192e+06 7.054944e-10
4.328761e+06 2.938844e-10
5.336699e+06 1.224220e-10
6.579332e+06 5.099674e-11
8.111308e+06 2.124346e-11
1.000000e+07 8.849283e-12
