1.000000e-02 1.128244e-02
1.232847e-02 1.188843e-02
1.519911e-02 1.252697e-02
1.873817e-02 1.319981e-02
2.310130e-02 1.390879e-02
2.848036e-02 1.465585e-02
3.511192e-02 1.544303e-02
4.328761e-02 1.627249e-02
5.336699e-02 1.714651e-02
6.579332e-02 1.806747e-02
8.111308e-02 1.903789e-02
1.000000e-01 2.006044e-02
1.232847e-01 2.113791e-02
1.519911e-01 2.227325e-02
1.873817e-01 2.346957e-02
2.310130e-01 2.473015e-02
2.848036e-01 2.605844e-02
3.511192e-01 2.745807e-02
4.328761e-01 2.893287e-02
5.336699e-01 3.048689e-02
6.579332e-01 3.212437e-02
8.111308e-01 3.384978e-02
1.000000e+00 3.566785e-02
1.232847e+00 3.758350e-02
1.519911e+00 3.960192e-02
1.873817e+00 4.172851e-02
2.310130e+00 4.396888e-02
2.848036e+00 4.632882e-02
3.511192e+00 4.881422e-02
4.328761e+00 5.143100e-02
5.336699e+00 5.418498e-02
6.579332e+00 5.708170e-02
8.111308e+00 6.012619e-02
1.000000e+01 6.332268e-02
1.232847e+01 6.667413e-02
1.519911e+01 7.018180e-02
1.873817e+01 7.384461e-02
2.310130e+01 7.765832e-02
2.848036e+01 8.161474e-02
3.511192e+01 8.570057e-02
4.328761e+01 8.989635e-02
5.336699e+01 9.417516e-02
6.579332e+01 9.850134e-02
8.111308e+01 1.028293e-01
1.000000e+02 1.071024e-01
1.232847e+02 1.112523e-01
1.519911e+02 1.151987e-01
1.873817e+02 1.188500e-01
2.310130e+02 1.221044e-01
2.848036e+02 1.248529e-01
3.511192e+02 1.269828e-01
4.328761e+02 1.283826e-01
5.336699e+02 1.289482e-01
6.579332e+02 1.285891e-01
8.111308e+02 1.272356e-01
1.000000e+03 1.248447e-01
1.232847e+03 1.214055e-01
1.519911e+03 1.169418e-01
1.873817e+03 1.115135e-01
2.310130e+03 1.052145e-01
2.848036e+03 9.816883e-02
3.511192e+03 9.052512e-02
4.328761e+03 8.244995e-02
5.336699e+03 7.412094e-02
6.579332e+03 6.571972e-02
8.111308e+03 5.742509e-02
1.000000e+04 4.940611e-02
1.232847e+04 4.181525e-02
1.519911e+04 3.478183e-02
1.873817e+04 2.840622e-02
2.310130e+04 2.275569e-02
2.848036e+04 1.786249e-02
3.511192e+04 1.372462e-02
4.328761e+04 1.030965e-02
5.336699e+04 7.560849e-03
6.579332e+04 5.404814e-03
8.111308e+04 3.759187e-03
1.000000e+05 2.539360e-03
1.232847e+05 1.663532e-03
1.519911e+05 1.056160e-03
1.873817e+05 6.502779e-04
2.310130e+05 3.891246e-04
2.848036e+05 2.271190e-04
3.511192e+05 1.298751e-04
4.328761e+05 7.310103e-05
5.336699e+05 4.067181e-05
6.579332e+05 2.244738e-05
8.111308e+05 1.232273e-05
1.000000e+06 6.741425e-06
1.232847e+06 3.680159e-06
1.519911e+06 2.006409e-06
1.873817e+06 1.093054e-06
2.310130e+06 5.952145e-07
2.848036e+06 3.240407e-07
3.511192e+06 1.763877e-07
4.328761e+06 9.600801e-08
5.336699e+06 5.225555e-08
6.579332e+06 2.844143e-08
8.111308e+06 1.547990e-08
1.000000e+07 8.425287e-09
