1.000000e-02 8.291951e-03
1.232847e-02 8.683442e-03
1.519911e-02 9.093417e-03
1.873817e-02 9.522748e-03
2.310130e-02 9.972349e-03
2.848036e-02 1.044318e-02
3.511192e-02 1.093624e-02
4.328761e-02 1.145257e-02
5.336699e-02 1.199329e-02
6.579332e-02 1.255953e-02
8.111308e-02 1.315251e-02
1.000000e-01 1.377348e-02
1.232847e-01 1.442378e-02
1.519911e-01 1.510477e-02
1.873817e-01 1.581792e-02
2.310130e-01 1.656474e-02
2.848036e-01 1.734681e-02
3.511192e-01 1.816581e-02
4.328761e-01 1.902347e-02
5.336699e-01 1.992161e-02
6.579332e-01 2.086211e-02
8.111308e-01 2.184692e-02
1.000000e+00 2.287806e-02
1.232847e+00 2.395757e-02
1.519911e+00 2.508750e-02
1.873817e+00 2.626989e-02
2.310130e+00 2.750671e-02
2.848036e+00 2.879985e-02
3.511192e+00 3.015102e-02
4.328761e+00 3.156175e-02
5.336699e+00 3.303334e-02
6.579332e+00 3.456679e-02
8.111308e+00 3.616284e-02
1.000000e+01 3.782192e-02
1.232847e+01 3.954424e-02
1.519911e+01 4.132984e-02
1.873817e+01 4.317876e-02
2.310130e+01 4.509121e-02
2.848036e+01 4.706791e-02
3.511192e+01 4.911039e-02
4.328761e+01 5.122151e-02
5.336699e+01 5.340599e-02
6.579332e+01 5.567106e-02
8.111308e+01 5.802724e-02
1.000000e+02 6.048913e-02
1.232847e+02 6.307633e-02
1.519911e+02 6.581443e-02
1.873817e+02 6.873601e-02
2.310130e+02 7.188165e-02
2.848036e+02 7.530089e-02
3.511192e+02 7.905313e-02
4.328761e+02 8.320817e-02
5.336699e+02 8.784628e-02
6.579332e+02 9.305737e-02
8.111308e+02 9.893845e-02
1.000000e+03 1.055885e-01
1.232847e+03 1.130988e-01
1.519911e+03 1.215367e-01
1.873817e+03 1.309193e-01
2.310130e+03 1.411740e-01
2.848036e+03 1.520829e-01
3.511192e+03 1.632129e-01
4.328761e+03 1.738404e-01
5.336699e+03 1.828973e-01
6.579332e+03 1.889864e-01
8.111308e+03 1.905278e-01
1.000000e+04 1.860873e-01
1.232847e+04 1.748593e-01
1.519911e+04 1.571375e-01
1.873817e+04 1.344984e-01
2.310130e+04 1.094795e-01
2.848036e+04 8.483052e-02
3.511192e+04 6.272307e-02
4.328761e+04 4.433132e-02
5.336699e+04 2.990096e-02
6.579332e+04 1.910847e-02
8.111308e+04 1.142200e-02
1.000000e+05 6.288866e-03
1.232847e+05 3.153247e-03
1.519911e+05 1.438397e-03
1.873817e+05 6.038267e-04
2.310130e+05 2.378961e-04
2.848036e+05 8.981755e-05
3.511192e+05 3.305414e-05
4.328761e+05 1.199541e-05
5.336699e+05 4.322436e-06
6.579332e+05 1.552319e-06
8.111308e+05 5.566394e-07
1.000000e+06 1.994720e-07
1.232847e+06 7.146133e-08
1.519911e+06 2.559835e-08
1.873817e+06 9.169248e-09
2.310130e+06 3.284340e-09
2.848036e+06 1.176412e-09
3.511192e+06 4.213762e-10
4.328761e+06 1.509316e-10
5.336699e+06 5.406174e-11
6.579332e+06 1.936421e-11
8.111308e+06 6.936011e-12
1.000000e+07 2.484389e-12
