1.000000e-02 1.591878e-02
1.232847e-02 1.671090e-02
1.519911e-02 1.754243e-02
1.873817e-02 1.841534e-02
2.310130e-02 1.933168e-02
2.848036e-02 2.029362e-02
3.511192e-02 2.130343e-02
4.328761e-02 2.236349e-02
5.336699e-02 2.347629e-02
6.579332e-02 2.464447e-02
8.111308e-02 2.587078e-02
1.000000e-01 2.715810e-02
1.232847e-01 2.850949e-02
1.519911e-01 2.992812e-02
1.873817e-01 3.141734e-02
2.310130e-01 3.298066e-02
2.848036e-01 3.462177e-02
3.511192e-01 3.634455e-02
4.328761e-01 3.815304e-02
5.336699e-01 4.005152e-02
6.579332e-01 4.204444e-02
8.111308e-01 4.413646e-02
1.000000e+00 4.633246e-02
1.232847e+00 4.863748e-02
1.519911e+00 5.105674e-02
1.873817e+00 5.359554e-02
2.310130e+00 5.625924e-02
2.848036e+00 5.905314e-02
3.511192e+00 6.198228e-02
4.328761e+00 6.505130e-02
5.336699e+00 6.826414e-02
6.579332e+00 7.162364e-02
8.111308e+00 7.513112e-02
1.000000e+01 7.878574e-02
1.232847e+01 8.258378e-02
1.519911e+01 8.651773e-02
1.873817e+01 9.057519e-02
2.310130e+01 9.473762e-02
2.848036e+01 9.897888e-02
3.511192e+01 1.032637e-01
4.328761e+01 1.075459e-01
5.336699e+01 1.117668e-01
6.579332e+01 1.158542e-01
8.111308e+01 1.197206e-01
1.000000e+02 1.232637e-01
1.232847e+02 1.263667e-01
1.519911e+02 1.289006e-01
1.873817e+02 1.307282e-01
2.310130e+02 1.317097e-01
2.848036e+02 1.317106e-01
3.511192e+02 1.306114e-01
4.328761e+02 1.283179e-01
5.336699e+02 1.247719e-01
6.579332e+02 1.199610e-01
8.111308e+02 1.139253e-01
1.000000e+03 1.067604e-01
1.232847e+03 9.861618e-02
1.519911e+03 8.969123e-02
1.873817e+03 8.022331e-02
2.310130e+03 7.047704e-02
2.848036e+03 6.072918e-02
3.511192e+03 5.125233e-02
4.328761e+03 4.229761e-02
5.336699e+03 3.407785e-02
6.579332e+03 2.675342e-02
8.111308e+03 2.042327e-02
1.000000e+04 1.512284e-02
1.232847e+04 1.082909e-02
1.519911e+04 7.471168e-03
1.873817e+04 4.944075e-03
2.310130e+04 3.122512e-03
2.848036e+04 1.872834e-03
3.511192e+04 1.062803e-03
4.328761e+04 5.700557e-04
5.336699e+04 2.898183e-04
6.579332e+04 1.406132e-04
8.111308e+04 6.572327e-05
1.000000e+05 2.989353e-05
1.232847e+05 1.334977e-05
1.519911e+05 5.893741e-06
1.873817e+05 2.584536e-06
2.310130e+05 1.129130e-06
2.848036e+05 4.923071e-07
3.511192e+05 2.144280e-07
4.328761e+05 9.334787e-08
5.336699e+05 4.062739e-08
6.579332e+05 1.767998e-08
8.111308e+05 7.693442e-09
1.000000e+06 3.347714e-09
1.232847e+06 1.456702e-09
1.519911e+06 6.338567e-10
1.873817e+06 2.758102e-10
2.310130e+06 1.200132e-10
2.848036e+06 5.222129e-11
3.511192e+06 2.272302e-11
4.328761e+06 9.887454e-12
5.336699e+06 4.302322e-12
6.579332e+06 1.872066e-12
8.111308e+06 8.145911e-13
1.000000e+07 3.544525e-13
