1.000000e-02 4.614285e-02
1.232847e-02 4.754896e-02
1.519911e-02 4.899791e-02
1.873817e-02 5.049102e-02
2.310130e-02 5.202962e-02
2.848036e-02 5.361512e-02
3.511192e-02 5.524892e-02
4.328761e-02 5.693252e-02
5.336699e-02 5.866741e-02
6.579332e-02 6.045518e-02
8.111308e-02 6.229742e-02
1.000000e-01 6.419580e-02
1.232847e-01 6.615203e-02
1.519911e-01 6.816788e-02
1.873817e-01 7.024515e-02
2.310130e-01 7.238571e-02
2.848036e-01 7.459147e-02
3.511192e-01 7.686434e-02
4.328761e-01 7.920615e-02
5.336699e-01 8.161850e-02
6.579332e-01 8.410245e-02
8.111308e-01 8.665808e-02
1.000000e+00 8.928389e-02
1.232847e+00 9.197585e-02
1.519911e+00 9.472641e-02
1.873817e+00 9.752315e-02
2.310130e+00 1.003474e-01
2.848036e+00 1.031727e-01
3.511192e+00 1.059635e-01
4.328761e+00 1.086737e-01
5.336699e+00 1.112458e-01
6.579332e+00 1.136112e-01
8.111308e+00 1.156900e-01
1.000000e+01 1.173934e-01
1.232847e+01 1.186265e-01
1.519911e+01 1.192924e-01
1.873817e+01 1.192978e-01
2.310130e+01 1.185595e-01
2.848036e+01 1.170108e-01
3.511192e+01 1.146082e-01
4.328761e+01 1.113370e-01
5.336699e+01 1.072152e-01
6.579332e+01 1.022946e-01
8.111308e+01 9.665970e-02
1.000000e+02 9.042350e-02
1.232847e+02 8.372092e-02
1.519911e+02 7.670066e-02
1.873817e+02 6.951640e-02
2.310130e+02 6.231843e-02
2.848036e+02 5.524664e-02
3.511192e+02 4.842528e-02
4.328761e+02 4.195958e-02
5.336699e+02 3.593412e-02
6.579332e+02 3.041228e-02
8.111308e+02 2.543633e-02
1.000000e+03 2.102786e-02
1.232847e+03 1.718857e-02
1.519911e+03 1.390167e-02
1.873817e+03 1.113412e-02
2.310130e+03 8.839982e-03
2.848036e+03 6.964506e-03
3.511192e+03 5.448648e-03
4.328761e+03 4.233390e-03
5.336699e+03 3.263415e-03
6.579332e+03 2.489865e-03
8.111308e+03 1.872105e-03
1.000000e+04 1.378507e-03
1.232847e+04 9.861924e-04
1.519911e+04 6.795498e-04
1.873817e+04 4.475087e-04
2.310130e+04 2.802489e-04
2.848036e+04 1.667941e-04
3.511192e+04 9.472338e-05
4.328761e+04 5.171597e-05
5.336699e+04 2.738937e-05
6.579332e+04 1.419302e-05
8.111308e+04 7.247834e-06
1.000000e+05 3.666841e-06
1.232847e+05 1.844633e-06
1.519911e+05 9.248685e-07
1.873817e+05 4.628341e-07
2.310130e+05 2.313727e-07
2.848036e+05 1.155977e-07
3.511192e+05 5.773674e-08
4.328761e+05 2.883265e-08
5.336699e+05 1.439725e-08
6.579332e+05 7.188788e-09
8.111308e+05 3.589399e-09
1.000000e+06 1.792185e-09
1.232847e+06 8.948314e-10
1.519911e+06 4.467848e-10
1.873817e+06 2.230770e-10
2.310130e+06 1.113810e-10
2.848036e+06 5.561181e-11
3.511192e+06 2.776662e-11
4.328761e+06 1.386369e-11
5.336699e+06 6.922050e-12
6.579332e+06 3.456134e-12
8.111308e+06 1.725625e-12
1.000000e+07 8.615933e-13
