1.000000e-02 7.626279e-03
1.232847e-02 8.052881e-03
1.519911e-02 8.503345e-03
1.873817e-02 8.979008e-03
2.310130e-02 9.481279e-03
2.848036e-02 1.001165e-02
3.511192e-02 1.057168e-02
4.328761e-02 1.116304e-02
5.336699e-02 1.178748e-02
6.579332e-02 1.244686e-02
8.111308e-02 1.314311e-02
1.000000e-01 1.387832e-02
1.232847e-01 1.465465e-02
1.519911e-01 1.547440e-02
1.873817e-01 1.634001e-02
2.310130e-01 1.725405e-02
2.848036e-01 1.821921e-02
3.511192e-01 1.923836e-02
4.328761e-01 2.031452e-02
5.336699e-01 2.145089e-02
6.579332e-01 2.265083e-02
8.111308e-01 2.391790e-02
1.000000e+00 2.525588e-02
1.232847e+00 2.666874e-02
1.519911e+00 2.816073e-02
1.873817e+00 2.973630e-02
2.310130e+00 3.140021e-02
2.848036e+00 3.315750e-02
3.511192e+00 3.501349e-02
4.328761e+00 3.697385e-02
5.336699e+00 3.904457e-02
6.579332e+00 4.123193e-02
8.111308e+00 4.354256e-02
1.000000e+01 4.598332e-02
1.232847e+01 4.856128e-02
1.519911e+01 5.128360e-02
1.873817e+01 5.415737e-02
2.310130e+01 5.718942e-02
2.848036e+01 6.038599e-02
3.511192e+01 6.375237e-02
4.328761e+01 6.729242e-02
5.336699e+01 7.100790e-02
6.579332e+01 7.489776e-02
8.111308e+01 7.895720e-02
1.000000e+02 8.317662e-02
1.232847e+02 8.754041e-02
1.519911e+02 9.202565e-02
1.873817e+02 9.660072e-02
2.310130e+02 1.012240e-01
2.848036e+02 1.058426e-01
3.511192e+02 1.103914e-01
4.328761e+02 1.147929e-01
5.336699e+02 1.189568e-01
6.579332e+02 1.227817e-01
8.111308e+02 1.261565e-01
1.000000e+03 1.289640e-01
1.232847e+03 1.310850e-01
1.519911e+03 1.324033e-01
1.873817e+03 1.328120e-01
2.310130e+03 1.322192e-01
2.848036e+03 1.305544e-01
3.511192e+03 1.277736e-01
4.328761e+03 1.238648e-01
5.336699e+03 1.188504e-01
6.579332e+03 1.127901e-01
8.111308e+03 1.057812e-01
1.000000e+04 9.795692e-02
1.232847e+04 8.948361e-02
1.519911e+04 8.055554e-02
1.873817e+04 7.138772e-02
2.310130e+04 6.220684e-02
2.848036e+04 5.324026e-02
3.511192e+04 4.470337e-02
4.328761e+04 3.678603e-02
5.336699e+04 2.963945e-02
6.579332e+04 2.336563e-02
8.111308e+04 1.801171e-02
1.000000e+05 1.357079e-02
1.232847e+05 9.989404e-03
1.519911e+05 7.179908e-03
1.873817e+05 5.034859e-03
2.310130e+05 3.440582e-03
2.848036e+05 2.287662e-03
3.511192e+05 1.477573e-03
4.328761e+05 9.257821e-04
5.336699e+05 5.623985e-04
6.579332e+05 3.315307e-04
8.111308e+05 1.901149e-04
1.000000e+06 1.064627e-04
1.232847e+06 5.849149e-05
1.519911e+06 3.167808e-05
1.873817e+06 1.698361e-05
2.310130e+06 9.044398e-06
2.848036e+06 4.796190e-06
3.511192e+06 2.537050e-06
4.328761e+06 1.340177e-06
5.336699e+06 7.074431e-07
6.579332e+06 3.733239e-07
8.111308e+06 1.969850e-07
1.000000e+07 1.039374e-07
