1.000000e-02 1.981291e-02
1.232847e-02 2.083812e-02
1.519911e-02 2.191637e-02
1.873817e-02 2.305042e-02
2.310130e-02 2.424314e-02
2.848036e-02 2.549758e-02
3.511192e-02 2.681694e-02
4.328761e-02 2.820456e-02
5.336699e-02 2.966398e-02
6.579332e-02 3.119892e-02
8.111308e-02 3.281329e-02
1.000000e-01 3.451118e-02
1.232847e-01 3.629694e-02
1.519911e-01 3.817510e-02
1.873817e-01 4.015044e-02
2.310130e-01 4.222799e-02
2.848036e-01 4.441305e-02
3.511192e-01 4.671119e-02
4.328761e-01 4.912827e-02
5.336699e-01 5.167052e-02
6.579332e-01 5.434454e-02
8.111308e-01 5.715736e-02
1.000000e+00 6.011658e-02
1.232847e+00 6.323039e-02
1.519911e+00 6.650772e-02
1.873817e+00 6.995826e-02
2.310130e+00 7.359245e-02
2.848036e+00 7.742137e-02
3.511192e+00 8.145639e-02
4.328761e+00 8.570850e-02
5.336699e+00 9.018731e-02
6.579332e+00 9.489936e-02
8.111308e+00 9.984571e-02
1.000000e+01 1.050187e-01
1.232847e+01 1.103972e-01
1.519911e+01 1.159413e-01
1.873817e+01 1.215848e-01
2.310130e+01 1.272272e-01
2.848036e+01 1.327249e-01
3.511192e+01 1.378835e-01
4.328761e+01 1.424516e-01
5.336699e+01 1.461213e-01
6.579332e+01 1.485370e-01
8.111308e+01 1.493166e-01
1.000000e+02 1.480887e-01
1.232847e+02 1.445442e-01
1.519911e+02 1.384971e-01
1.873817e+02 1.299431e-01
2.310130e+02 1.190995e-01
2.848036e+02 1.064105e-01
3.511192e+02 9.250748e-02
4.328761e+02 7.813037e-02
5.336699e+02 6.402470e-02
6.579332e+02 5.084223e-02
8.111308e+02 3.906886e-02
1.000000e+03 2.899384e-02
1.232847e+03 2.071949e-02
1.519911e+03 1.419828e-02
1.873817e+03 9.278828e-03
2.310130e+03 5.746392e-03
2.848036e+03 3.351996e-03
3.511192e+03 1.834296e-03
4.328761e+03 9.416095e-04
5.336699e+03 4.557066e-04
6.579332e+03 2.099073e-04
8.111308e+03 9.311260e-05
1.000000e+04 4.023659e-05
1.232847e+04 1.709889e-05
1.519911e+04 7.194432e-06
1.873817e+04 3.010327e-06
2.310130e+04 1.255892e-06
2.848036e+04 5.231695e-07
3.511192e+04 2.177784e-07
4.328761e+04 9.062253e-08
5.336699e+04 3.770401e-08
6.579332e+04 1.568582e-08
8.111308e+04 6.525481e-09
1.000000e+05 2.714636e-09
1.232847e+05 1.129297e-09
1.519911e+05 4.697893e-10
1.873817e+05 1.954330e-10
2.310130e+05 8.130032e-11
2.848036e+05 3.382101e-11
3.511192e+05 1.406957e-11
4.328761e+05 5.852956e-12
5.336699e+05 2.434835e-12
6.579332e+05 1.012894e-12
8.111308e+05 4.213646e-13
1.000000e+06 1.752881e-13
1.232847e+06 7.292000e-14
1.519911e+06 3.033479e-14
1.873817e+06 1.261930e-14
2.310130e+06 5.249640e-15
2.848036e+06 2.183855e-15
3.511192e+06 9.084856e-16
4.328761e+06 3.779308e-16
5.336699e+06 1.572196e-16
6.579332e+06 6.540349e-17
8.111308e+06 2.720791e-17
1.000000e+07 1.131852e-17
