1.000000e-02 1.572446e-02
1.232847e-02 1.653797e-02
1.519911e-02 1.739357e-02
1.873817e-02 1.829344e-02
2.310130e-02 1.923986e-02
2.848036e-02 2.023525e-02
3.511192e-02 2.128213e-02
4.328761e-02 2.238318e-02
5.336699e-02 2.354118e-02
6.579332e-02 2.475910e-02
8.111308e-02 2.604003e-02
1.000000e-01 2.738722e-02
1.232847e-01 2.880412e-02
1.519911e-01 3.029432e-02
1.873817e-01 3.186161e-02
2.310130e-01 3.350999e-02
2.848036e-01 3.524365e-02
3.511192e-01 3.706701e-02
4.328761e-01 3.898469e-02
5.336699e-01 4.100157e-02
6.579332e-01 4.312277e-02
8.111308e-01 4.535366e-02
1.000000e+00 4.769983e-02
1.232847e+00 5.016710e-02
1.519911e+00 5.276150e-02
1.873817e+00 5.548914e-02
2.310130e+00 5.835616e-02
2.848036e+00 6.136858e-02
3.511192e+00 6.453203e-02
4.328761e+00 6.785147e-02
5.336699e+00 7.133079e-02
6.579332e+00 7.497222e-02
8.111308e+00 7.877562e-02
1.000000e+01 8.273763e-02
1.232847e+01 8.685054e-02
1.519911e+01 9.110097e-02
1.873817e+01 9.546837e-02
2.310130e+01 9.992325e-02
2.848036e+01 1.044254e-01
3.511192e+01 1.089218e-01
4.328761e+01 1.133450e-01
5.336699e+01 1.176117e-01
6.579332e+01 1.216216e-01
8.111308e+01 1.252579e-01
1.000000e+02 1.283884e-01
1.232847e+02 1.308695e-01
1.519911e+02 1.325509e-01
1.873817e+02 1.332840e-01
2.310130e+02 1.329314e-01
2.848036e+02 1.313787e-01
3.511192e+02 1.285464e-01
4.328761e+02 1.244019e-01
5.336699e+02 1.189682e-01
6.579332e+02 1.123297e-01
8.111308e+02 1.046316e-01
1.000000e+03 9.607367e-02
1.232847e+03 8.689875e-02
1.519911e+03 7.737589e-02
1.873817e+03 6.778152e-02
2.310130e+03 5.838031e-02
2.848036e+03 4.940810e-02
3.511192e+03 4.105888e-02
4.328761e+03 3.347678e-02
5.336699e+03 2.675342e-02
6.579332e+03 2.093000e-02
8.111308e+03 1.600324e-02
1.000000e+04 1.193376e-02
1.232847e+04 8.655732e-03
1.519911e+04 6.086200e-03
1.873817e+04 4.132943e-03
2.310130e+04 2.700084e-03
2.848036e+04 1.691754e-03
3.511192e+04 1.015080e-03
4.328761e+04 5.838701e-04
5.336699e+04 3.231759e-04
6.579332e+04 1.731731e-04
8.111308e+04 9.047068e-05
1.000000e+05 4.639893e-05
1.232847e+05 2.349724e-05
1.519911e+05 1.180239e-05
1.873817e+05 5.898283e-06
2.310130e+05 2.938838e-06
2.848036e+05 1.461755e-06
3.511192e+05 7.263621e-07
4.328761e+05 3.607459e-07
5.336699e+05 1.791124e-07
6.579332e+05 8.891693e-08
8.111308e+05 4.413762e-08
1.000000e+06 2.190865e-08
1.232847e+06 1.087460e-08
1.519911e+06 5.397666e-09
1.873817e+06 2.679147e-09
2.310130e+06 1.329799e-09
2.848036e+06 6.600470e-10
3.511192e+06 3.276147e-10
4.328761e+06 1.626117e-10
5.336699e+06 8.071238e-11
6.579332e+06 4.006162e-11
8.111308e+06 1.988460e-11
1.000000e+07 9.869728e-12
