1.000000e-02 5.719222e-03
1.232847e-02 6.048929e-03
1.519911e-02 6.397642e-03
1.873817e-02 6.766459e-03
2.310130e-02 7.156537e-03
2.848036e-02 7.569103e-03
3.511192e-02 8.005453e-03
4.328761e-02 8.466958e-03
5.336699e-02 8.955068e-03
6.579332e-02 9.471317e-03
8.111308e-02 1.001733e-02
1.000000e-01 1.059481e-02
1.232847e-01 1.120559e-02
1.519911e-01 1.185158e-02
1.873817e-01 1.253481e-02
2.310130e-01 1.325743e-02
2.848036e-01 1.402170e-02
3.511192e-01 1.483004e-02
4.328761e-01 1.568497e-02
5.336699e-01 1.658919e-02
6.579332e-01 1.754552e-02
8.111308e-01 1.855697e-02
1.000000e+00 1.962668e-02
1.232847e+00 2.075800e-02
1.519911e+00 2.195440e-02
1.873817e+00 2.321956e-02
2.310130e+00 2.455729e-02
2.848036e+00 2.597156e-02
3.511192e+00 2.746649e-02
4.328761e+00 2.904630e-02
5.336699e+00 3.071529e-02
6.579332e+00 3.247780e-02
8.111308e+00 3.433815e-02
1.000000e+01 3.630059e-02
1.232847e+01 3.836922e-02
1.519911e+01 4.054787e-02
1.873817e+01 4.284003e-02
2.310130e+01 4.524871e-02
2.848036e+01 4.777629e-02
3.511192e+01 5.042441e-02
4.328761e+01 5.319383e-02
5.336699e+01 5.608424e-02
6.579332e+01 5.909422e-02
8.111308e+01 6.222108e-02
1.000000e+02 6.546089e-02
1.232847e+02 6.880845e-02
1.519911e+02 7.225748e-02
1.873817e+02 7.580079e-02
2.310130e+02 7.943066e-02
2.848036e+02 8.313936e-02
3.511192e+02 8.691966e-02
4.328761e+02 9.076560e-02
5.336699e+02 9.467317e-02
6.579332e+02 9.864092e-02
8.111308e+02 1.026704e-01
1.000000e+03 1.067662e-01
1.232847e+03 1.109349e-01
1.519911e+03 1.151836e-01
1.873817e+03 1.195162e-01
2.310130e+03 1.239280e-01
2.848036e+03 1.283965e-01
3.511192e+03 1.328698e-01
4.328761e+03 1.372489e-01
5.336699e+03 1.413667e-01
6.579332e+03 1.449633e-01
8.111308e+03 1.476624e-01
1.000000e+04 1.489588e-01
1.232847e+04 1.482328e-01
1.519911e+04 1.448124e-01
1.873817e+04 1.381021e-01
2.310130e+04 1.277757e-01
2.848036e+04 1.139871e-01
3.511192e+04 9.750399e-02
4.328761e+04 7.965282e-02
5.336699e+04 6.203573e-02
6.579332e+04 4.611246e-02
8.111308e+04 3.284347e-02
1.000000e+05 2.255639e-02
1.232847e+05 1.505166e-02
1.519911e+05 9.833256e-03
1.873817e+05 6.329218e-03
2.310130e+05 4.029917e-03
2.848036e+05 2.541581e-03
3.511192e+05 1.585760e-03
4.328761e+05 9.759025e-04
5.336699e+05 5.903424e-04
6.579332e+05 3.500886e-04
8.111308e+05 2.033471e-04
1.000000e+06 1.158150e-04
1.232847e+06 6.485266e-05
1.519911e+06 3.583012e-05
1.873817e+06 1.960058e-05
2.310130e+06 1.064960e-05
2.848036e+06 5.760903e-06
3.511192e+06 3.108085e-06
4.328761e+06 1.674340e-06
5.336699e+06 9.012766e-07
6.579332e+06 4.849769e-07
8.111308e+06 2.609340e-07
1.000000e+07 1.403881e-07
