1.000000e-02 2.987847e-02
1.232847e-02 3.076279e-02
1.519911e-02 3.167328e-02
1.873817e-02 3.261072e-02
2.310130e-02 3.357590e-02
2.848036e-02 3.456965e-02
3.511192e-02 3.559281e-02
4.328761e-02 3.664626e-02
5.336699e-02 3.773088e-02
6.579332e-02 3.884761e-02
8.111308e-02 3.999739e-02
1.000000e-01 4.118120e-02
1.232847e-01 4.240004e-02
1.519911e-01 4.365496e-02
1.873817e-01 4.494703e-02
2.310130e-01 4.627733e-02
2.848036e-01 4.764700e-02
3.511192e-01 4.905719e-02
4.328761e-01 5.050905e-02
5.336699e-01 5.200374e-02
6.579332e-01 5.354233e-02
8.111308e-01 5.512577e-02
1.000000e+00 5.675476e-02
1.232847e+00 5.842966e-02
1.519911e+00 6.015033e-02
1.873817e+00 6.191592e-02
2.310130e+00 6.372475e-02
2.848036e+00 6.557412e-02
3.511192e+00 6.746009e-02
4.328761e+00 6.937740e-02
5.336699e+00 7.131931e-02
6.579332e+00 7.327756e-02
8.111308e+00 7.524233e-02
1.000000e+01 7.720229e-02
1.232847e+01 7.914471e-02
1.519911e+01 8.105564e-02
1.873817e+01 8.292016e-02
2.310130e+01 8.472270e-02
2.848036e+01 8.644745e-02
3.511192e+01 8.807890e-02
4.328761e+01 8.960243e-02
5.336699e+01 9.100510e-02
6.579332e+01 9.227659e-02
8.111308e+01 9.341029e-02
1.000000e+02 9.440470e-02
1.232847e+02 9.526498e-02
1.519911e+02 9.600476e-02
1.873817e+02 9.664804e-02
2.310130e+02 9.723118e-02
2.848036e+02 9.780472e-02
3.511192e+02 9.843461e-02
4.328761e+02 9.920257e-02
5.336699e+02 1.002044e-01
6.579332e+02 1.015446e-01
8.111308e+02 1.033249e-01
1.000000e+03 1.056191e-01
1.232847e+03 1.084259e-01
1.519911e+03 1.115798e-01
1.873817e+03 1.145955e-01
2.310130e+03 1.164308e-01
2.848036e+03 1.152178e-01
3.511192e+03 1.082387e-01
4.328761e+03 9.282361e-02
5.336699e+03 6.886102e-02
6.579332e+03 4.152839e-02
8.111308e+03 1.936521e-02
1.000000e+04 6.926247e-03
1.232847e+04 1.989766e-03
1.519911e+04 4.947463e-04
1.873817e+04 1.138012e-04
2.310130e+04 2.526237e-05
2.848036e+04 5.528994e-06
3.511192e+04 1.203982e-06
4.328761e+04 2.617439e-07
5.336699e+04 5.687428e-08
6.579332e+04 1.235644e-08
8.111308e+04 2.684443e-09
1.000000e+05 5.831907e-10
1.232847e+05 1.266969e-10
1.519911e+05 2.752459e-11
1.873817e+05 5.979651e-12
2.310130e+05 1.299065e-12
2.848036e+05 2.822187e-13
3.511192e+05 6.131132e-14
4.328761e+05 1.331974e-14
5.336699e+05 2.893680e-15
6.579332e+05 6.286450e-16
8.111308e+05 1.365716e-16
1.000000e+06 2.966985e-17
1.232847e+06 6.445703e-18
1.519911e+06 1.400313e-18
1.873817e+06 3.042147e-19
2.310130e+06 6.608990e-20
2.848036e+06 1.435787e-20
3.511192e+06 3.119212e-21
4.328761e+06 6.776413e-22
5.336699e+06 1.472159e-22
6.579332e+06 3.198230e-23
8.111308e+06 6.948078e-24
1.000000e+07 1.509453e-24
