1.000000e-02 2.081937e-02
1.232847e-02 2.178310e-02
1.519911e-02 2.279145e-02
1.873817e-02 2.384648e-02
2.310130e-02 2.495035e-02
2.848036e-02 2.610531e-02
3.511192e-02 2.731373e-02
4.328761e-02 2.857810e-02
5.336699e-02 2.990099e-02
6.579332e-02 3.128512e-02
8.111308e-02 3.273333e-02
1.000000e-01 3.424857e-02
1.232847e-01 3.583395e-02
1.519911e-01 3.749272e-02
1.873817e-01 3.922827e-02
2.310130e-01 4.104417e-02
2.848036e-01 4.294413e-02
3.511192e-01 4.493206e-02
4.328761e-01 4.701207e-02
5.336699e-01 4.918853e-02
6.579332e-01 5.146613e-02
8.111308e-01 5.384998e-02
1.000000e+00 5.634579e-02
1.232847e+00 5.896011e-02
1.519911e+00 6.170056e-02
1.873817e+00 6.457621e-02
2.310130e+00 6.759800e-02
2.848036e+00 7.077909e-02
3.511192e+00 7.413533e-02
4.328761e+00 7.768553e-02
5.336699e+00 8.145169e-02
6.579332e+00 8.545882e-02
8.111308e+00 8.973449e-02
1.000000e+01 9.430763e-02
1.232847e+01 9.920649e-02
1.519911e+01 1.044553e-01
1.873817e+01 1.100691e-01
2.310130e+01 1.160469e-01
2.848036e+01 1.223610e-01
3.511192e+01 1.289443e-01
4.328761e+01 1.356733e-01
5.336699e+01 1.423488e-01
6.579332e+01 1.486762e-01
8.111308e+01 1.542493e-01
1.000000e+02 1.585446e-01
1.232847e+02 1.609374e-01
1.519911e+02 1.607495e-01
1.873817e+02 1.573369e-01
2.310130e+02 1.502160e-01
2.848036e+02 1.392088e-01
3.511192e+02 1.245701e-01
4.328761e+02 1.070478e-01
5.336699e+02 8.783519e-02
6.579332e+02 6.840310e-02
8.111308e+02 5.024129e-02
1.000000e+03 3.457744e-02
1.232847e+03 2.215535e-02
1.519911e+03 1.314133e-02
1.873817e+03 7.187327e-03
2.310130e+03 3.621806e-03
2.848036e+03 1.687861e-03
3.511192e+03 7.339258e-04
4.328761e+03 3.016794e-04
5.336699e+03 1.189732e-04
6.579332e+03 4.563797e-05
8.111308e+03 1.721324e-05
1.000000e+04 6.430858e-06
1.232847e+04 2.390618e-06
1.519911e+04 8.865086e-07
1.873817e+04 3.283633e-07
2.310130e+04 1.215629e-07
2.848036e+04 4.499346e-08
3.511192e+04 1.665162e-08
4.328761e+04 6.162358e-09
5.336699e+04 2.280501e-09
6.579332e+04 8.439390e-10
8.111308e+04 3.123135e-10
1.000000e+05 1.155766e-10
1.232847e+05 4.277096e-11
1.519911e+05 1.582807e-11
1.873817e+05 5.857429e-12
2.310130e+05 2.167634e-12
2.848036e+05 8.021674e-13
3.511192e+05 2.968547e-13
4.328761e+05 1.098558e-13
5.336699e+05 4.065387e-14
6.579332e+05 1.504461e-14
8.111308e+05 5.567496e-15
1.000000e+06 2.060340e-15
1.232847e+06 7.624614e-16
1.519911e+06 2.821609e-16
1.873817e+06 1.044181e-16
2.310130e+06 3.864157e-17
2.848036e+06 1.429993e-17
3.511192e+06 5.291914e-18
4.328761e+06 1.958356e-18
5.336699e+06 7.247208e-19
6.579332e+06 2.681944e-19
8.111308e+06 9.924958e-20
1.000000e+07 3.672888e-20
