1.000000e-02 2.260706e-02
1.232847e-02 2.361371e-02
1.519911e-02 2.466518e-02
1.873817e-02 2.576348e-02
2.310130e-02 2.691068e-02
2.848036e-02 2.810897e-02
3.511192e-02 2.936061e-02
4.328761e-02 3.066798e-02
5.336699e-02 3.203357e-02
6.579332e-02 3.345997e-02
8.111308e-02 3.494988e-02
1.000000e-01 3.650614e-02
1.232847e-01 3.813169e-02
1.519911e-01 3.982963e-02
1.873817e-01 4.160317e-02
2.310130e-01 4.345568e-02
2.848036e-01 4.539068e-02
3.511192e-01 4.741183e-02
4.328761e-01 4.952292e-02
5.336699e-01 5.172787e-02
6.579332e-01 5.403069e-02
8.111308e-01 5.643535e-02
1.000000e+00 5.894571e-02
1.232847e+00 6.156528e-02
1.519911e+00 6.429699e-02
1.873817e+00 6.714285e-02
2.310130e+00 7.010347e-02
2.848036e+00 7.317757e-02
3.511192e+00 7.636129e-02
4.328761e+00 7.964752e-02
5.336699e+00 8.302500e-02
6.579332e+00 8.647752e-02
8.111308e+00 8.998298e-02
1.000000e+01 9.351250e-02
1.232847e+01 9.702971e-02
1.519911e+01 1.004901e-01
1.873817e+01 1.038407e-01
2.310130e+01 1.070204e-01
2.848036e+01 1.099601e-01
3.511192e+01 1.125847e-01
4.328761e+01 1.148143e-01
5.336699e+01 1.165675e-01
6.579332e+01 1.177646e-01
8.111308e+01 1.183316e-01
1.000000e+02 1.182043e-01
1.232847e+02 1.173331e-01
1.519911e+02 1.156868e-01
1.873817e+02 1.132556e-01
2.310130e+02 1.100534e-01
2.848036e+02 1.061186e-01
3.511192e+02 1.015125e-01
4.328761e+02 9.631746e-02
5.336699e+02 9.063271e-02
6.579332e+02 8.456944e-02
8.111308e+02 7.824535e-02
1.000000e+03 7.177891e-02
1.232847e+03 6.528416e-02
1.519911e+03 5.886621e-02
1.873817e+03 5.261796e-02
2.310130e+03 4.661809e-02
2.848036e+03 4.093022e-02
3.511192e+03 3.560313e-02
4.328761e+03 3.067170e-02
5.336699e+03 2.615822e-02
6.579332e+03 2.207378e-02
8.111308e+03 1.841969e-02
1.000000e+04 1.518875e-02
1.232847e+04 1.236640e-02
1.519911e+04 9.931957e-03
1.873817e+04 7.859695e-03
2.310130e+04 6.120117e-03
2.848036e+04 4.681197e-03
3.511192e+04 3.509681e-03
4.328761e+04 2.572346e-03
5.336699e+04 1.837062e-03
6.579332e+04 1.273524e-03
8.111308e+04 8.535451e-04
1.000000e+05 5.510050e-04
1.232847e+05 3.416977e-04
1.519911e+05 2.034171e-04
1.873817e+05 1.164672e-04
2.310130e+05 6.441472e-05
2.848036e+05 3.462392e-05
3.511192e+05 1.820830e-05
4.328761e+05 9.426524e-06
5.336699e+05 4.828700e-06
6.579332e+05 2.456699e-06
8.111308e+05 1.244673e-06
1.000000e+06 6.290437e-07
1.232847e+06 3.174583e-07
1.519911e+06 1.600832e-07
1.873817e+06 8.068924e-08
2.310130e+06 4.066158e-08
2.848036e+06 2.048803e-08
3.511192e+06 1.032261e-08
4.328761e+06 5.200747e-09
5.336699e+06 2.620210e-09
6.579332e+06 1.320092e-09
8.111308e+06 6.650761e-10
1.000000e+07 3.350723e-10
