1.000000e-02 1.139528e-02
1.232847e-02 1.201647e-02
1.519911e-02 1.267152e-02
1.873817e-02 1.336227e-02
2.310130e-02 1.409068e-02
2.848036e-02 1.485880e-02
3.511192e-02 1.566880e-02
4.328761e-02 1.652294e-02
5.336699e-02 1.742365e-02
6.579332e-02 1.837346e-02
8.111308e-02 1.937505e-02
1.000000e-01 2.043123e-02
1.232847e-01 2.154499e-02
1.519911e-01 2.271946e-02
1.873817e-01 2.395796e-02
2.310130e-01 2.526397e-02
2.848036e-01 2.664117e-02
3.511192e-01 2.809345e-02
4.328761e-01 2.962489e-02
5.336699e-01 3.123980e-02
6.579332e-01 3.294272e-02
8.111308e-01 3.473839e-02
1.000000e+00 3.663181e-02
1.232847e+00 3.862817e-02
1.519911e+00 4.073285e-02
1.873817e+00 4.295135e-02
2.310130e+00 4.528928e-02
2.848036e+00 4.775220e-02
3.511192e+00 5.034550e-02
4.328761e+00 5.307427e-02
5.336699e+00 5.594297e-02
6.579332e+00 5.895523e-02
8.111308e+00 6.211339e-02
1.000000e+01 6.541808e-02
1.232847e+01 6.886765e-02
1.519911e+01 7.245754e-02
1.873817e+01 7.617947e-02
2.310130e+01 8.002065e-02
2.848036e+01 8.396287e-02
3.511192e+01 8.798152e-02
4.328761e+01 9.204469e-02
5.336699e+01 9.611236e-02
6.579332e+01 1.001357e-01
8.111308e+01 1.040568e-01
1.000000e+02 1.078088e-01
1.232847e+02 1.113162e-01
1.519911e+02 1.144971e-01
1.873817e+02 1.172642e-01
2.310130e+02 1.195290e-01
2.848036e+02 1.212045e-01
3.511192e+02 1.222103e-01
4.328761e+02 1.224770e-01
5.336699e+02 1.219508e-01
6.579332e+02 1.205978e-01
8.111308e+02 1.184072e-01
1.000000e+03 1.153929e-01
1.232847e+03 1.115936e-01
1.519911e+03 1.070715e-01
1.873817e+03 1.019090e-01
2.310130e+03 9.620434e-02
2.848036e+03 9.006692e-02
3.511192e+03 8.361191e-02
4.328761e+03 7.695548e-02
5.336699e+03 7.021045e-02
6.579332e+03 6.348280e-02
8.111308e+03 5.686908e-02
1.000000e+04 5.045480e-02
1.232847e+04 4.431356e-02
1.519911e+04 3.850696e-02
1.873817e+04 3.308481e-02
2.310130e+04 2.808562e-02
2.848036e+04 2.353699e-02
3.511192e+04 1.945574e-02
4.328761e+04 1.584784e-02
5.336699e+04 1.270831e-02
6.579332e+04 1.002152e-02
8.111308e+04 7.762119e-03
1.000000e+05 5.896715e-03
1.232847e+05 4.386201e-03
1.519911e+05 3.188245e-03
1.873817e+05 2.259605e-03
2.310130e+05 1.557910e-03
2.848036e+05 1.042853e-03
3.511192e+05 6.769553e-04
4.328761e+05 4.261823e-04
5.336699e+05 2.606518e-04
6.579332e+05 1.553616e-04
8.111308e+05 9.063317e-05
1.000000e+06 5.198751e-05
1.232847e+06 2.944972e-05
1.519911e+06 1.653682e-05
1.873817e+06 9.231560e-06
2.310130e+06 5.134189e-06
2.848036e+06 2.848894e-06
3.511192e+06 1.578717e-06
4.328761e+06 8.742113e-07
5.336699e+06 4.839148e-07
6.579332e+06 2.678246e-07
8.111308e+06 1.482201e-07
1.000000e+07 8.202746e-08
