1.000000e-02 2.498588e-02
1.232847e-02 2.608808e-02
1.519911e-02 2.723890e-02
1.873817e-02 2.844049e-02
2.310130e-02 2.969508e-02
2.848036e-02 3.100502e-02
3.511192e-02 3.237274e-02
4.328761e-02 3.380080e-02
5.336699e-02 3.529185e-02
6.579332e-02 3.684868e-02
8.111308e-02 3.847418e-02
1.000000e-01 4.017139e-02
1.232847e-01 4.194347e-02
1.519911e-01 4.379372e-02
1.873817e-01 4.572559e-02
2.310130e-01 4.774267e-02
2.848036e-01 4.984874e-02
3.511192e-01 5.204768e-02
4.328761e-01 5.434357e-02
5.336699e-01 5.674056e-02
6.579332e-01 5.924288e-02
8.111308e-01 6.185470e-02
1.000000e+00 6.457997e-02
1.232847e+00 6.742219e-02
1.519911e+00 7.038403e-02
1.873817e+00 7.346691e-02
2.310130e+00 7.667044e-02
2.848036e+00 7.999164e-02
3.511192e+00 8.342420e-02
4.328761e+00 8.695741e-02
5.336699e+00 9.057514e-02
6.579332e+00 9.425462e-02
8.111308e+00 9.796529e-02
1.000000e+01 1.016676e-01
1.232847e+01 1.053121e-01
1.519911e+01 1.088385e-01
1.873817e+01 1.121758e-01
2.310130e+01 1.152423e-01
2.848036e+01 1.179471e-01
3.511192e+01 1.201923e-01
4.328761e+01 1.218760e-01
5.336699e+01 1.228973e-01
6.579332e+01 1.231614e-01
8.111308e+01 1.225862e-01
1.000000e+02 1.211084e-01
1.232847e+02 1.186900e-01
1.519911e+02 1.153235e-01
1.873817e+02 1.110351e-01
2.310130e+02 1.058860e-01
2.848036e+02 9.997063e-02
3.511192e+02 9.341242e-02
4.328761e+02 8.635698e-02
5.336699e+02 7.896408e-02
6.579332e+02 7.139872e-02
8.111308e+02 6.382255e-02
1.000000e+03 5.638617e-02
1.232847e+03 4.922300e-02
1.519911e+03 4.244502e-02
1.873817e+03 3.614038e-02
2.310130e+03 3.037281e-02
2.848036e+03 2.518252e-02
3.511192e+03 2.058794e-02
4.328761e+03 1.658800e-02
5.336699e+03 1.316476e-02
6.579332e+03 1.028601e-02
8.111308e+03 7.908326e-03
1.000000e+04 5.980181e-03
1.232847e+04 4.445365e-03
1.519911e+04 3.246285e-03
1.873817e+04 2.326966e-03
2.310130e+04 1.635443e-03
2.848036e+04 1.125391e-03
3.511192e+04 7.569304e-04
4.328761e+04 4.967221e-04
5.336699e+04 3.175416e-04
6.579332e+04 1.975809e-04
8.111308e+04 1.196944e-04
1.000000e+05 7.071666e-05
1.232847e+05 4.086809e-05
1.519911e+05 2.319112e-05
1.873817e+05 1.297468e-05
2.310130e+05 7.183612e-06
2.848036e+05 3.948427e-06
3.511192e+05 2.159670e-06
4.328761e+05 1.177564e-06
5.336699e+05 6.408082e-07
6.579332e+05 3.482983e-07
8.111308e+05 1.891755e-07
1.000000e+06 1.027063e-07
1.232847e+06 5.574745e-08
1.519911e+06 3.025477e-08
1.873817e+06 1.641835e-08
2.310130e+06 8.909375e-09
2.848036e+06 4.834539e-09
3.511192e+06 2.623359e-09
4.328761e+06 1.423501e-09
5.336699e+06 7.724255e-10
6.579332e+06 4.191360e-10
8.111308e+06 2.274328e-10
1.000000e+07 1.234102e-10
