1.000000e-02 3.129046e-02
1.232847e-02 3.263562e-02
1.519911e-02 3.403861e-02
1.873817e-02 3.550192e-02
2.310130e-02 3.702813e-02
2.848036e-02 3.861996e-02
3.511192e-02 4.028021e-02
4.328761e-02 4.201184e-02
5.336699e-02 4.381791e-02
6.579332e-02 4.570163e-02
8.111308e-02 4.766632e-02
1.000000e-01 4.971548e-02
1.232847e-01 5.185273e-02
1.519911e-01 5.408185e-02
1.873817e-01 5.640681e-02
2.310130e-01 5.883171e-02
2.848036e-01 6.136084e-02
3.511192e-01 6.399863e-02
4.328761e-01 6.674964e-02
5.336699e-01 6.961839e-02
6.579332e-01 7.260927e-02
8.111308e-01 7.572613e-02
1.000000e+00 7.897183e-02
1.232847e+00 8.234749e-02
1.519911e+00 8.585155e-02
1.873817e+00 8.947847e-02
2.310130e+00 9.321721e-02
2.848036e+00 9.704933e-02
3.511192e+00 1.009469e-01
4.328761e+00 1.048705e-01
5.336699e+00 1.087665e-01
6.579332e+00 1.125658e-01
8.111308e+00 1.161820e-01
1.000000e+01 1.195116e-01
1.232847e+01 1.224345e-01
1.519911e+01 1.248181e-01
1.873817e+01 1.265220e-01
2.310130e+01 1.274062e-01
2.848036e+01 1.273413e-01
3.511192e+01 1.262203e-01
4.328761e+01 1.239704e-01
5.336699e+01 1.205637e-01
6.579332e+01 1.160254e-01
8.111308e+01 1.104364e-01
1.000000e+02 1.039308e-01
1.232847e+02 9.668761e-02
1.519911e+02 8.891750e-02
1.873817e+02 8.084630e-02
2.310130e+02 7.269807e-02
2.848036e+02 6.467954e-02
3.511192e+02 5.696798e-02
4.328761e+02 4.970341e-02
5.336699e+02 4.298559e-02
6.579332e+02 3.687509e-02
8.111308e+02 3.139759e-02
1.000000e+03 2.655002e-02
1.232847e+03 2.230756e-02
1.519911e+03 1.863040e-02
1.873817e+03 1.546978e-02
2.310130e+03 1.277276e-02
2.848036e+03 1.048591e-02
3.511192e+03 8.557796e-03
4.328761e+03 6.940502e-03
5.336699e+03 5.590506e-03
6.579332e+03 4.468977e-03
8.111308e+03 3.541777e-03
1.000000e+04 2.779233e-03
1.232847e+04 2.155792e-03
1.519911e+04 1.649626e-03
1.873817e+04 1.242197e-03
2.310130e+04 9.178325e-04
2.848036e+04 6.632681e-04
3.511192e+04 4.671829e-04
4.328761e+04 3.197231e-04
5.336699e+04 2.120791e-04
6.579332e+04 1.362054e-04
8.111308e+04 8.475784e-05
1.000000e+05 5.123646e-05
1.232847e+05 3.021023e-05
1.519911e+05 1.745798e-05
1.873817e+05 9.935519e-06
2.310130e+05 5.592353e-06
2.848036e+05 3.123899e-06
3.511192e+05 1.736250e-06
4.328761e+05 9.618910e-07
5.336699e+05 5.318212e-07
6.579332e+05 2.936792e-07
8.111308e+05 1.620550e-07
1.000000e+06 8.938508e-08
1.232847e+06 4.929004e-08
1.519911e+06 2.717637e-08
1.873817e+06 1.498266e-08
2.310130e+06 8.259748e-09
2.848036e+06 4.553383e-09
3.511192e+06 2.510129e-09
4.328761e+06 1.383742e-09
5.336699e+06 7.628033e-10
6.579332e+06 4.205035e-10
8.111308e+06 2.318070e-10
1.000000e+07 1.277860e-10
