1.000000e-02 2.652550e-02
1.232847e-02 2.770329e-02
1.519911e-02 2.893337e-02
1.873817e-02 3.021807e-02
2.310130e-02 3.155982e-02
2.848036e-02 3.296114e-02
3.511192e-02 3.442468e-02
4.328761e-02 3.595321e-02
5.336699e-02 3.754960e-02
6.579332e-02 3.921688e-02
8.111308e-02 4.095819e-02
1.000000e-01 4.277681e-02
1.232847e-01 4.467619e-02
1.519911e-01 4.665991e-02
1.873817e-01 4.873170e-02
2.310130e-01 5.089548e-02
2.848036e-01 5.315532e-02
3.511192e-01 5.551545e-02
4.328761e-01 5.798018e-02
5.336699e-01 6.055386e-02
6.579332e-01 6.324067e-02
8.111308e-01 6.604432e-02
1.000000e+00 6.896763e-02
1.232847e+00 7.201185e-02
1.519911e+00 7.517592e-02
1.873817e+00 7.845535e-02
2.310130e+00 8.184107e-02
2.848036e+00 8.531807e-02
3.511192e+00 8.886404e-02
4.328761e+00 9.244811e-02
5.336699e+00 9.602981e-02
6.579332e+00 9.955858e-02
8.111308e+00 1.029740e-01
1.000000e+01 1.062069e-01
1.232847e+01 1.091819e-01
1.519911e+01 1.118204e-01
1.873817e+01 1.140455e-01
2.310130e+01 1.157869e-01
2.848036e+01 1.169858e-01
3.511192e+01 1.175993e-01
4.328761e+01 1.176027e-01
5.336699e+01 1.169897e-01
6.579332e+01 1.157698e-01
8.111308e+01 1.139622e-01
1.000000e+02 1.115887e-01
1.232847e+02 1.086650e-01
1.519911e+02 1.051928e-01
1.873817e+02 1.011552e-01
2.310130e+02 9.651726e-02
2.848036e+02 9.123484e-02
3.511192e+02 8.527146e-02
4.328761e+02 7.862353e-02
5.336699e+02 7.134840e-02
6.579332e+02 6.358677e-02
8.111308e+02 5.556857e-02
1.000000e+03 4.759398e-02
1.232847e+03 3.998989e-02
1.519911e+03 3.305374e-02
1.873817e+03 2.700370e-02
2.310130e+03 2.195220e-02
2.848036e+03 1.790906e-02
3.511192e+03 1.480762e-02
4.328761e+03 1.254098e-02
5.336699e+03 1.099635e-02
6.579332e+03 1.008097e-02
8.111308e+03 9.738712e-03
1.000000e+04 9.957725e-03
1.232847e+04 1.076498e-02
1.519911e+04 1.218815e-02
1.873817e+04 1.413453e-02
2.310130e+04 1.611642e-02
2.848036e+04 1.690908e-02
3.511192e+04 1.486745e-02
4.328761e+04 9.876306e-03
5.336699e+04 4.647285e-03
6.579332e+04 1.588488e-03
8.111308e+04 4.343533e-04
1.000000e+05 1.050721e-04
1.232847e+05 2.403663e-05
1.519911e+05 5.378554e-06
1.873817e+05 1.194154e-06
2.310130e+05 2.644563e-07
2.848036e+05 5.852143e-08
3.511192e+05 1.294736e-08
4.328761e+05 2.864321e-09
5.336699e+05 6.336588e-10
6.579332e+05 1.401805e-10
8.111308e+05 3.101125e-11
1.000000e+06 6.860422e-12
1.232847e+06 1.517687e-12
1.519911e+06 3.357483e-13
1.873817e+06 7.427547e-14
2.310130e+06 1.643149e-14
2.848036e+06 3.635034e-15
3.511192e+06 8.041554e-16
4.328761e+06 1.778982e-16
5.336699e+06 3.935528e-17
6.579332e+06 8.706319e-18
8.111308e+06 1.926044e-18
1.000000e+07 4.260863e-19
