1.000000e-02 2.777546e-02
1.232847e-02 2.904973e-02
1.519911e-02 3.038246e-02
1.873817e-02 3.177633e-02
2.310130e-02 3.323415e-02
2.848036e-02 3.475886e-02
3.511192e-02 3.635351e-02
4.328761e-02 3.802132e-02
5.336699e-02 3.976564e-02
6.579332e-02 4.159000e-02
8.111308e-02 4.349804e-02
1.000000e-01 4.549363e-02
1.232847e-01 4.758077e-02
1.519911e-01 4.976366e-02
1.873817e-01 5.204669e-02
2.310130e-01 5.443446e-02
2.848036e-01 5.693177e-02
3.511192e-01 5.954363e-02
4.328761e-01 6.227521e-02
5.336699e-01 6.513185e-02
6.579332e-01 6.811893e-02
8.111308e-01 7.124168e-02
1.000000e+00 7.450494e-02
1.232847e+00 7.791268e-02
1.519911e+00 8.146741e-02
1.873817e+00 8.516937e-02
2.310130e+00 8.901537e-02
2.848036e+00 9.299747e-02
3.511192e+00 9.710123e-02
4.328761e+00 1.013038e-01
5.336699e+00 1.055714e-01
6.579332e+00 1.098574e-01
8.111308e+00 1.140993e-01
1.000000e+01 1.182167e-01
1.232847e+01 1.221096e-01
1.519911e+01 1.256580e-01
1.873817e+01 1.287220e-01
2.310130e+01 1.311457e-01
2.848036e+01 1.327620e-01
3.511192e+01 1.334012e-01
4.328761e+01 1.329031e-01
5.336699e+01 1.311302e-01
6.579332e+01 1.279833e-01
8.111308e+01 1.234171e-01
1.000000e+02 1.174523e-01
1.232847e+02 1.101838e-01
1.519911e+02 1.017824e-01
1.873817e+02 9.248809e-02
2.310130e+02 8.259544e-02
2.848036e+02 7.243185e-02
3.511192e+02 6.233123e-02
4.328761e+02 5.260665e-02
5.336699e+02 4.352586e-02
6.579332e+02 3.529310e-02
8.111308e+02 2.803941e-02
1.000000e+03 2.182203e-02
1.232847e+03 1.663185e-02
1.519911e+03 1.240701e-02
1.873817e+03 9.049641e-03
2.310130e+03 6.442854e-03
2.848036e+03 4.465321e-03
3.511192e+03 3.001732e-03
4.328761e+03 1.948602e-03
5.336699e+03 1.216022e-03
6.579332e+03 7.269045e-04
8.111308e+03 4.156639e-04
1.000000e+04 2.277736e-04
1.232847e+04 1.201936e-04
1.519911e+04 6.150616e-05
1.873817e+04 3.075598e-05
2.310130e+04 1.513338e-05
2.848036e+04 7.368038e-06
3.511192e+04 3.563848e-06
4.328761e+04 1.717111e-06
5.336699e+04 8.254951e-07
6.579332e+04 3.963678e-07
8.111308e+04 1.901935e-07
1.000000e+05 9.123090e-08
1.232847e+05 4.375321e-08
1.519911e+05 2.098157e-08
1.873817e+05 1.006111e-08
2.310130e+05 4.824405e-09
2.848036e+05 2.313325e-09
3.511192e+05 1.109244e-09
4.328761e+05 5.318831e-10
5.336699e+05 2.550379e-10
6.579332e+05 1.222906e-10
8.111308e+05 5.863827e-11
1.000000e+06 2.811702e-11
1.232847e+06 1.348209e-11
1.519911e+06 6.464655e-12
1.873817e+06 3.099798e-12
2.310130e+06 1.486351e-12
2.848036e+06 7.127044e-13
3.511192e+06 3.417413e-13
4.328761e+06 1.638647e-13
5.336699e+06 7.857304e-14
6.579332e+06 3.767572e-14
8.111308e+06 1.806548e-14
1.000000e+07 8.662388e-15
