1.000000e-02 2.105823e-02
1.232847e-02 2.202138e-02
1.519911e-02 2.302857e-02
1.873817e-02 2.408183e-02
2.310130e-02 2.518327e-02
2.848036e-02 2.633508e-02
3.511192e-02 2.753957e-02
4.328761e-02 2.879915e-02
5.336699e-02 3.011634e-02
6.579332e-02 3.149377e-02
8.111308e-02 3.293421e-02
1.000000e-01 3.444053e-02
1.232847e-01 3.601574e-02
1.519911e-01 3.766299e-02
1.873817e-01 3.938559e-02
2.310130e-01 4.118697e-02
2.848036e-01 4.307074e-02
3.511192e-01 4.504066e-02
4.328761e-01 4.710063e-02
5.336699e-01 4.925470e-02
6.579332e-01 5.150702e-02
8.111308e-01 5.386176e-02
1.000000e+00 5.632303e-02
1.232847e+00 5.889468e-02
1.519911e+00 6.158011e-02
1.873817e+00 6.438195e-02
2.310130e+00 6.730173e-02
2.848036e+00 7.033939e-02
3.511192e+00 7.349277e-02
4.328761e+00 7.675701e-02
5.336699e+00 8.012393e-02
6.579332e+00 8.358133e-02
8.111308e+00 8.711236e-02
1.000000e+01 9.069493e-02
1.232847e+01 9.430121e-02
1.519911e+01 9.789741e-02
1.873817e+01 1.014437e-01
2.310130e+01 1.048945e-01
2.848036e+01 1.081994e-01
3.511192e+01 1.113038e-01
4.328761e+01 1.141508e-01
5.336699e+01 1.166824e-01
6.579332e+01 1.188417e-01
8.111308e+01 1.205743e-01
1.000000e+02 1.218296e-01
1.232847e+02 1.225611e-01
1.519911e+02 1.227264e-01
1.873817e+02 1.222849e-01
2.310130e+02 1.211957e-01
2.848036e+02 1.194130e-01
3.511192e+02 1.168823e-01
4.328761e+02 1.135364e-01
5.336699e+02 1.092943e-01
6.579332e+02 1.040650e-01
8.111308e+02 9.776023e-02
1.000000e+03 9.031773e-02
1.232847e+03 8.173831e-02
1.519911e+03 7.213074e-02
1.873817e+03 6.175276e-02
2.310130e+03 5.102664e-02
2.848036e+03 4.050580e-02
3.511192e+03 3.078317e-02
4.328761e+03 2.236252e-02
5.336699e+03 1.554351e-02
6.579332e+03 1.037393e-02
8.111308e+03 6.686517e-03
1.000000e+04 4.191441e-03
1.232847e+04 2.573294e-03
1.519911e+04 1.556460e-03
1.873817e+04 9.311937e-04
2.310130e+04 5.521224e-04
2.848036e+04 3.245452e-04
3.511192e+04 1.890539e-04
4.328761e+04 1.091002e-04
5.336699e+04 6.238875e-05
6.579332e+04 3.538566e-05
8.111308e+04 1.993362e-05
1.000000e+05 1.116980e-05
1.232847e+05 6.234793e-06
1.519911e+05 3.470790e-06
1.873817e+05 1.928651e-06
2.310130e+05 1.070472e-06
2.848036e+05 5.937197e-07
3.511192e+05 3.291502e-07
4.328761e+05 1.824276e-07
5.336699e+05 1.010923e-07
6.579332e+05 5.601518e-08
8.111308e+05 3.103631e-08
1.000000e+06 1.719575e-08
1.232847e+06 9.527184e-09
1.519911e+06 5.278418e-09
1.873817e+06 2.924426e-09
2.310130e+06 1.620229e-09
2.848036e+06 8.976585e-10
3.511192e+06 4.973312e-10
4.328761e+06 2.755370e-10
5.336699e+06 1.526561e-10
6.579332e+06 8.457625e-11
8.111308e+06 4.685788e-11
1.000000e+07 2.596072e-11
