1.000000e-02 6.672441e-03
1.232847e-02 7.042520e-03
1.519911e-02 7.433125e-03
1.873817e-02 7.845394e-03
2.310130e-02 8.280529e-03
2.848036e-02 8.739799e-03
3.511192e-02 9.224541e-03
4.328761e-02 9.736169e-03
5.336699e-02 1.027617e-02
6.579332e-02 1.084613e-02
8.111308e-02 1.144770e-02
1.000000e-01 1.208263e-02
1.232847e-01 1.275278e-02
1.519911e-01 1.346009e-02
1.873817e-01 1.420664e-02
2.310130e-01 1.499460e-02
2.848036e-01 1.582625e-02
3.511192e-01 1.670404e-02
4.328761e-01 1.763051e-02
5.336699e-01 1.860836e-02
6.579332e-01 1.964046e-02
8.111308e-01 2.072980e-02
1.000000e+00 2.187958e-02
1.232847e+00 2.309316e-02
1.519911e+00 2.437409e-02
1.873817e+00 2.572615e-02
2.310130e+00 2.715333e-02
2.848036e+00 2.865987e-02
3.511192e+00 3.025027e-02
4.328761e+00 3.192932e-02
5.336699e+00 3.370211e-02
6.579332e+00 3.557406e-02
8.111308e+00 3.755092e-02
1.000000e+01 3.963881e-02
1.232847e+01 4.184418e-02
1.519911e+01 4.417384e-02
1.873817e+01 4.663492e-02
2.310130e+01 4.923476e-02
2.848036e+01 5.198091e-02
3.511192e+01 5.488088e-02
4.328761e+01 5.794204e-02
5.336699e+01 6.117126e-02
6.579332e+01 6.457461e-02
8.111308e+01 6.815686e-02
1.000000e+02 7.192088e-02
1.232847e+02 7.586694e-02
1.519911e+02 7.999181e-02
1.873817e+02 8.428775e-02
2.310130e+02 8.874135e-02
2.848036e+02 9.333222e-02
3.511192e+02 9.803168e-02
4.328761e+02 1.028013e-01
5.336699e+02 1.075918e-01
6.579332e+02 1.123416e-01
8.111308e+02 1.169763e-01
1.000000e+03 1.214083e-01
1.232847e+03 1.255371e-01
1.519911e+03 1.292503e-01
1.873817e+03 1.324253e-01
2.310130e+03 1.349326e-01
2.848036e+03 1.366392e-01
3.511192e+03 1.374129e-01
4.328761e+03 1.371282e-01
5.336699e+03 1.356722e-01
6.579332e+03 1.329509e-01
8.111308e+03 1.288974e-01
1.000000e+04 1.234808e-01
1.232847e+04 1.167165e-01
1.519911e+04 1.086770e-01
1.873817e+04 9.950305e-02
2.310130e+04 8.940999e-02
2.848036e+04 7.868704e-02
3.511192e+04 6.768488e-02
4.328761e+04 5.679011e-02
5.336699e+04 4.638870e-02
6.579332e+04 3.682451e-02
8.111308e+04 2.836192e-02
1.000000e+05 2.116113e-02
1.232847e+05 1.527156e-02
1.519911e+05 1.064326e-02
1.873817e+05 7.151063e-03
2.310130e+05 4.624171e-03
2.848036e+05 2.873943e-03
3.511192e+05 1.715994e-03
4.328761e+05 9.854575e-04
5.336699e+05 5.459961e-04
6.579332e+05 2.932993e-04
8.111308e+05 1.536854e-04
1.000000e+06 7.904135e-05
1.232847e+06 4.012252e-05
1.519911e+06 2.019110e-05
1.873817e+06 1.010587e-05
2.310130e+06 5.041739e-06
2.848036e+06 2.510648e-06
3.511192e+06 1.248983e-06
4.328761e+06 6.210186e-07
5.336699e+06 3.087074e-07
6.579332e+06 1.534423e-07
8.111308e+06 7.626560e-08
1.000000e+07 3.790615e-08
