1.000000e-02 6.974553e-03
1.232847e-02 7.361470e-03
1.519911e-02 7.769852e-03
1.873817e-02 8.200888e-03
2.310130e-02 8.655837e-03
2.848036e-02 9.136024e-03
3.511192e-02 9.642850e-03
4.328761e-02 1.017779e-02
5.336699e-02 1.074241e-02
6.579332e-02 1.133835e-02
8.111308e-02 1.196735e-02
1.000000e-01 1.263125e-02
1.232847e-01 1.333197e-02
1.519911e-01 1.407157e-02
1.873817e-01 1.485220e-02
2.310130e-01 1.567613e-02
2.848036e-01 1.654577e-02
3.511192e-01 1.746366e-02
4.328761e-01 1.843246e-02
5.336699e-01 1.945502e-02
6.579332e-01 2.053430e-02
8.111308e-01 2.167347e-02
1.000000e+00 2.287584e-02
1.232847e+00 2.414495e-02
1.519911e+00 2.548452e-02
1.873817e+00 2.689850e-02
2.310130e+00 2.839106e-02
2.848036e+00 2.996665e-02
3.511192e+00 3.162997e-02
4.328761e+00 3.338603e-02
5.336699e+00 3.524016e-02
6.579332e+00 3.719799e-02
8.111308e+00 3.926551e-02
1.000000e+01 4.144905e-02
1.232847e+01 4.375527e-02
1.519911e+01 4.619111e-02
1.873817e+01 4.876378e-02
2.310130e+01 5.148061e-02
2.848036e+01 5.434898e-02
3.511192e+01 5.737605e-02
4.328761e+01 6.056854e-02
5.336699e+01 6.393239e-02
6.579332e+01 6.747224e-02
8.111308e+01 7.119092e-02
1.000000e+02 7.508868e-02
1.232847e+02 7.916240e-02
1.519911e+02 8.340450e-02
1.873817e+02 8.780188e-02
2.310130e+02 9.233456e-02
2.848036e+02 9.697440e-02
3.511192e+02 1.016837e-01
4.328761e+02 1.064137e-01
5.336699e+02 1.111039e-01
6.579332e+02 1.156807e-01
8.111308e+02 1.200575e-01
1.000000e+03 1.241350e-01
1.232847e+03 1.278020e-01
1.519911e+03 1.309379e-01
1.873817e+03 1.334157e-01
2.310130e+03 1.351059e-01
2.848036e+03 1.358819e-01
3.511192e+03 1.356257e-01
4.328761e+03 1.342351e-01
5.336699e+03 1.316307e-01
6.579332e+03 1.277637e-01
8.111308e+03 1.226227e-01
1.000000e+04 1.162411e-01
1.232847e+04 1.087019e-01
1.519911e+04 1.001420e-01
1.873817e+04 9.075206e-02
2.310130e+04 8.077350e-02
2.848036e+04 7.048901e-02
3.511192e+04 6.020759e-02
4.328761e+04 5.024339e-02
5.336699e+04 4.089028e-02
6.579332e+04 3.239568e-02
8.111308e+04 2.493881e-02
1.000000e+05 1.861802e-02
1.232847e+05 1.345014e-02
1.519911e+05 9.380492e-03
1.873817e+05 6.300205e-03
2.310130e+05 4.065752e-03
2.848036e+05 2.517535e-03
3.511192e+05 1.496010e-03
4.328761e+05 8.551124e-04
5.336699e+05 4.722687e-04
6.579332e+05 2.535438e-04
8.111308e+05 1.331881e-04
1.000000e+06 6.887855e-05
1.232847e+06 3.524562e-05
1.519911e+06 1.791338e-05
1.873817e+06 9.066646e-06
2.310130e+06 4.577833e-06
2.848036e+06 2.308236e-06
3.511192e+06 1.163006e-06
4.328761e+06 5.857620e-07
5.336699e+06 2.949741e-07
6.579332e+06 1.485302e-07
8.111308e+06 7.478848e-08
1.000000e+07 3.765763e-08
