1.000000e-02 8.019897e-03
1.232847e-02 8.474331e-03
1.519911e-02 8.954515e-03
1.873817e-02 9.461908e-03
2.310130e-02 9.998052e-03
2.848036e-02 1.056458e-02
3.511192e-02 1.116320e-02
4.328761e-02 1.179574e-02
5.336699e-02 1.246413e-02
6.579332e-02 1.317039e-02
8.111308e-02 1.391667e-02
1.000000e-01 1.470523e-02
1.232847e-01 1.553848e-02
1.519911e-01 1.641894e-02
1.873817e-01 1.734930e-02
2.310130e-01 1.833237e-02
2.848036e-01 1.937114e-02
3.511192e-01 2.046878e-02
4.328761e-01 2.162861e-02
5.336699e-01 2.285416e-02
6.579332e-01 2.414917e-02
8.111308e-01 2.551757e-02
1.000000e+00 2.696355e-02
1.232847e+00 2.849152e-02
1.519911e+00 3.010616e-02
1.873817e+00 3.181245e-02
2.310130e+00 3.361563e-02
2.848036e+00 3.552128e-02
3.511192e+00 3.753528e-02
4.328761e+00 3.966381e-02
5.336699e+00 4.191334e-02
6.579332e+00 4.429058e-02
8.111308e+00 4.680242e-02
1.000000e+01 4.945575e-02
1.232847e+01 5.225737e-02
1.519911e+01 5.521368e-02
1.873817e+01 5.833038e-02
2.310130e+01 6.161203e-02
2.848036e+01 6.506154e-02
3.511192e+01 6.867947e-02
4.328761e+01 7.246325e-02
5.336699e+01 7.640629e-02
6.579332e+01 8.049693e-02
8.111308e+01 8.471739e-02
1.000000e+02 8.904266e-02
1.232847e+02 9.343959e-02
1.519911e+02 9.786614e-02
1.873817e+02 1.022711e-01
2.310130e+02 1.065942e-01
2.848036e+02 1.107673e-01
3.511192e+02 1.147164e-01
4.328761e+02 1.183640e-01
5.336699e+02 1.216333e-01
6.579332e+02 1.244522e-01
8.111308e+02 1.267576e-01
1.000000e+03 1.284990e-01
1.232847e+03 1.296410e-01
1.519911e+03 1.301628e-01
1.873817e+03 1.300551e-01
2.310130e+03 1.293125e-01
2.848036e+03 1.279221e-01
3.511192e+03 1.258494e-01
4.328761e+03 1.230209e-01
5.336699e+03 1.193095e-01
6.579332e+03 1.145273e-01
8.111308e+03 1.084345e-01
1.000000e+04 1.007784e-01
1.232847e+04 9.137020e-02
1.519911e+04 8.020099e-02
1.873817e+04 6.756711e-02
2.310130e+04 5.414298e-02
2.848036e+04 4.092065e-02
3.511192e+04 2.898025e-02
4.328761e+04 1.916672e-02
5.336699e+04 1.184452e-02
6.579332e+04 6.870243e-03
8.111308e+04 3.769148e-03
1.000000e+05 1.974382e-03
1.232847e+05 9.971819e-04
1.519911e+05 4.899688e-04
1.873817e+05 2.359988e-04
2.310130e+05 1.121045e-04
2.848036e+05 5.275922e-05
3.511192e+05 2.468168e-05
4.328761e+05 1.150389e-05
5.336699e+05 5.350073e-06
6.579332e+05 2.485007e-06
8.111308e+05 1.153433e-06
1.000000e+06 5.351725e-07
1.232847e+06 2.482617e-07
1.519911e+06 1.151547e-07
1.873817e+06 5.341111e-08
2.310130e+06 2.477255e-08
2.848036e+06 1.148959e-08
3.511192e+06 5.328880e-09
4.328761e+06 2.471532e-09
5.336699e+06 1.146294e-09
6.579332e+06 5.316498e-10
8.111308e+06 2.465785e-10
1.000000e+07 1.143628e-10
