1.000000e-02 7.587065e-03
1.232847e-02 7.988467e-03
1.519911e-02 8.411106e-03
1.873817e-02 8.856105e-03
2.310130e-02 9.324647e-03
2.848036e-02 9.817978e-03
3.511192e-02 1.033741e-02
4.328761e-02 1.088432e-02
5.336699e-02 1.146017e-02
6.579332e-02 1.206648e-02
8.111308e-02 1.270487e-02
1.000000e-01 1.337704e-02
1.232847e-01 1.408476e-02
1.519911e-01 1.482993e-02
1.873817e-01 1.561453e-02
2.310130e-01 1.644063e-02
2.848036e-01 1.731044e-02
3.511192e-01 1.822626e-02
4.328761e-01 1.919054e-02
5.336699e-01 2.020582e-02
6.579332e-01 2.127479e-02
8.111308e-01 2.240027e-02
1.000000e+00 2.358518e-02
1.232847e+00 2.483259e-02
1.519911e+00 2.614566e-02
1.873817e+00 2.752763e-02
2.310130e+00 2.898180e-02
2.848036e+00 3.051152e-02
3.511192e+00 3.212010e-02
4.328761e+00 3.381080e-02
5.336699e+00 3.558675e-02
6.579332e+00 3.745090e-02
8.111308e+00 3.940594e-02
1.000000e+01 4.145424e-02
1.232847e+01 4.359774e-02
1.519911e+01 4.583791e-02
1.873817e+01 4.817564e-02
2.310130e+01 5.061119e-02
2.848036e+01 5.314413e-02
3.511192e+01 5.577326e-02
4.328761e+01 5.849664e-02
5.336699e+01 6.131152e-02
6.579332e+01 6.421438e-02
8.111308e+01 6.720100e-02
1.000000e+02 7.026645e-02
1.232847e+02 7.340527e-02
1.519911e+02 7.661148e-02
1.873817e+02 7.987876e-02
2.310130e+02 8.320054e-02
2.848036e+02 8.657005e-02
3.511192e+02 8.998040e-02
4.328761e+02 9.342452e-02
5.336699e+02 9.689495e-02
6.579332e+02 1.003836e-01
8.111308e+02 1.038810e-01
1.000000e+03 1.073757e-01
1.232847e+03 1.108524e-01
1.519911e+03 1.142909e-01
1.873817e+03 1.176627e-01
2.310130e+03 1.209278e-01
2.848036e+03 1.240304e-01
3.511192e+03 1.268928e-01
4.328761e+03 1.294092e-01
5.336699e+03 1.314372e-01
6.579332e+03 1.327915e-01
8.111308e+03 1.332378e-01
1.000000e+04 1.324943e-01
1.232847e+04 1.302429e-01
1.519911e+04 1.261584e-01
1.873817e+04 1.199591e-01
2.310130e+04 1.114801e-01
2.848036e+04 1.007583e-01
3.511192e+04 8.810362e-02
4.328761e+04 7.412396e-02
5.336699e+04 5.967337e-02
6.579332e+04 4.571861e-02
8.111308e+04 3.315625e-02
1.000000e+05 2.264035e-02
1.232847e+05 1.447956e-02
1.519911e+05 8.631116e-03
1.873817e+05 4.778581e-03
2.310130e+05 2.456033e-03
2.848036e+05 1.176721e-03
3.511192e+05 5.304428e-04
4.328761e+05 2.278893e-04
5.336699e+05 9.459801e-05
6.579332e+05 3.839846e-05
8.111308e+05 1.537846e-05
1.000000e+06 6.113039e-06
1.232847e+06 2.420430e-06
1.519911e+06 9.564802e-07
1.873817e+06 3.776180e-07
2.310130e+06 1.490193e-07
2.848036e+06 5.879617e-08
3.511192e+06 2.319636e-08
4.328761e+06 9.151155e-09
5.336699e+06 3.610158e-09
6.579332e+06 1.424211e-09
8.111308e+06 5.618523e-10
1.000000e+07 2.216510e-10
