1.000000e-02 1.543949e-02
1.232847e-02 1.619411e-02
1.519911e-02 1.698562e-02
1.873817e-02 1.781581e-02
2.310130e-02 1.868658e-02
2.848036e-02 1.959991e-02
3.511192e-02 2.055788e-02
4.328761e-02 2.156267e-02
5.336699e-02 2.261657e-02
6.579332e-02 2.372199e-02
8.111308e-02 2.488143e-02
1.000000e-01 2.609754e-02
1.232847e-01 2.737308e-02
1.519911e-01 2.871098e-02
1.873817e-01 3.011426e-02
2.310130e-01 3.158613e-02
2.848036e-01 3.312994e-02
3.511192e-01 3.474920e-02
4.328761e-01 3.644758e-02
5.336699e-01 3.822893e-02
6.579332e-01 4.009723e-02
8.111308e-01 4.205660e-02
1.000000e+00 4.411125e-02
1.232847e+00 4.626542e-02
1.519911e+00 4.852326e-02
1.873817e+00 5.088877e-02
2.310130e+00 5.336557e-02
2.848036e+00 5.595672e-02
3.511192e+00 5.866448e-02
4.328761e+00 6.148996e-02
5.336699e+00 6.443281e-02
6.579332e+00 6.749076e-02
8.111308e+00 7.065913e-02
1.000000e+01 7.393032e-02
1.232847e+01 7.729318e-02
1.519911e+01 8.073241e-02
1.873817e+01 8.422783e-02
2.310130e+01 8.775374e-02
2.848036e+01 9.127820e-02
3.511192e+01 9.476241e-02
4.328761e+01 9.816024e-02
5.336699e+01 1.014179e-01
6.579332e+01 1.044738e-01
8.111308e+01 1.072593e-01
1.000000e+02 1.096990e-01
1.232847e+02 1.117133e-01
1.519911e+02 1.132200e-01
1.873817e+02 1.141389e-01
2.310130e+02 1.143955e-01
2.848036e+02 1.139269e-01
3.511192e+02 1.126886e-01
4.328761e+02 1.106598e-01
5.336699e+02 1.078504e-01
6.579332e+02 1.043041e-01
8.111308e+02 1.001007e-01
1.000000e+03 9.535397e-02
1.232847e+03 9.020642e-02
1.519911e+03 8.482008e-02
1.873817e+03 7.936515e-02
2.310130e+03 7.400746e-02
2.848036e+03 6.889652e-02
3.511192e+03 6.415555e-02
4.328761e+03 5.987414e-02
5.336699e+03 5.610331e-02
6.579332e+03 5.285140e-02
8.111308e+03 5.007907e-02
1.000000e+04 4.769080e-02
1.232847e+04 4.552186e-02
1.519911e+04 4.332316e-02
1.873817e+04 4.075461e-02
2.310130e+04 3.741229e-02
2.848036e+04 3.292845e-02
3.511192e+04 2.717029e-02
4.328761e+04 2.047805e-02
5.336699e+04 1.373339e-02
6.579332e+04 8.028536e-03
8.111308e+04 4.059401e-03
1.000000e+05 1.792230e-03
1.232847e+05 7.083400e-04
1.519911e+05 2.587073e-04
1.873817e+05 8.991352e-05
2.310130e+05 3.038851e-05
2.848036e+05 1.012454e-05
3.511192e+05 3.350383e-06
4.328761e+05 1.105364e-06
5.336699e+05 3.642214e-07
6.579332e+05 1.199511e-07
8.111308e+05 3.949637e-08
1.000000e+06 1.300402e-08
1.232847e+06 4.281407e-09
1.519911e+06 1.409584e-09
1.873817e+06 4.640811e-10
2.310130e+06 1.527905e-10
2.848036e+06 5.030354e-11
3.511192e+06 1.656154e-11
4.328761e+06 5.452591e-12
5.336699e+06 1.795168e-12
6.579332e+06 5.910268e-13
8.111308e+06 1.945850e-13
1.000000e+07 6.406362e-14
