1.000000e-02 1.795394e-02
1.232847e-02 1.887668e-02
1.519911e-02 1.984684e-02
1.873817e-02 2.086686e-02
2.310130e-02 2.193930e-02
2.848036e-02 2.306686e-02
3.511192e-02 2.425238e-02
4.328761e-02 2.549882e-02
5.336699e-02 2.680932e-02
6.579332e-02 2.818718e-02
8.111308e-02 2.963584e-02
1.000000e-01 3.115897e-02
1.232847e-01 3.276037e-02
1.519911e-01 3.444408e-02
1.873817e-01 3.621432e-02
2.310130e-01 3.807554e-02
2.848036e-01 4.003242e-02
3.511192e-01 4.208986e-02
4.328761e-01 4.425303e-02
5.336699e-01 4.652732e-02
6.579332e-01 4.891838e-02
8.111308e-01 5.143205e-02
1.000000e+00 5.407434e-02
1.232847e+00 5.685131e-02
1.519911e+00 5.976898e-02
1.873817e+00 6.283304e-02
2.310130e+00 6.604863e-02
2.848036e+00 6.941988e-02
3.511192e+00 7.294940e-02
4.328761e+00 7.663759e-02
5.336699e+00 8.048173e-02
6.579332e+00 8.447494e-02
8.111308e+00 8.860492e-02
1.000000e+01 9.285240e-02
1.232847e+01 9.718956e-02
1.519911e+01 1.015782e-01
1.873817e+01 1.059680e-01
2.310130e+01 1.102949e-01
2.848036e+01 1.144799e-01
3.511192e+01 1.184283e-01
4.328761e+01 1.220305e-01
5.336699e+01 1.251634e-01
6.579332e+01 1.276943e-01
8.111308e+01 1.294863e-01
1.000000e+02 1.304054e-01
1.232847e+02 1.303300e-01
1.519911e+02 1.291608e-01
1.873817e+02 1.268314e-01
2.310130e+02 1.233169e-01
2.848036e+02 1.186408e-01
3.511192e+02 1.128775e-01
4.328761e+02 1.061504e-01
5.336699e+02 9.862486e-02
6.579332e+02 9.049786e-02
8.111308e+02 8.198442e-02
1.000000e+03 7.330394e-02
1.232847e+03 6.466738e-02
1.519911e+03 5.626672e-02
1.873817e+03 4.826745e-02
2.310130e+03 4.080391e-02
2.848036e+03 3.397700e-02
3.511192e+03 2.785381e-02
4.328761e+03 2.246860e-02
5.336699e+03 1.782508e-02
6.579332e+03 1.389990e-02
8.111308e+03 1.064741e-02
1.000000e+04 8.005486e-03
1.232847e+04 5.901727e-03
1.519911e+04 4.259607e-03
1.873817e+04 3.003722e-03
2.310130e+04 2.063749e-03
2.848036e+04 1.376853e-03
3.511192e+04 8.886070e-04
4.328761e+04 5.527886e-04
5.336699e+04 3.306153e-04
6.579332e+04 1.899986e-04
8.111308e+04 1.051282e-04
1.000000e+05 5.625957e-05
1.232847e+05 2.930011e-05
1.519911e+05 1.494937e-05
1.873817e+05 7.517718e-06
2.310130e+05 3.744326e-06
2.848036e+05 1.853663e-06
3.511192e+05 9.143284e-07
4.328761e+05 4.500413e-07
5.336699e+05 2.212501e-07
6.579332e+05 1.086999e-07
8.111308e+05 5.338531e-08
1.000000e+06 2.621399e-08
1.232847e+06 1.287070e-08
1.519911e+06 6.319021e-09
1.873817e+06 3.102317e-09
2.310130e+06 1.523060e-09
2.848036e+06 7.477309e-10
3.511192e+06 3.670897e-10
4.328761e+06 1.802181e-10
5.336699e+06 8.847579e-11
6.579332e+06 4.343605e-11
8.111308e+06 2.132437e-11
1.000000e+07 1.046892e-11
