1.000000e-02 7.466637e-03
1.232847e-02 7.862708e-03
1.519911e-02 8.279788e-03
1.873817e-02 8.718992e-03
2.310130e-02 9.181495e-03
2.848036e-02 9.668531e-03
3.511192e-02 1.018140e-02
4.328761e-02 1.072148e-02
5.336699e-02 1.129020e-02
6.579332e-02 1.188910e-02
8.111308e-02 1.251976e-02
1.000000e-01 1.318387e-02
1.232847e-01 1.388322e-02
1.519911e-01 1.461966e-02
1.873817e-01 1.539516e-02
2.310130e-01 1.621181e-02
2.848036e-01 1.707177e-02
3.511192e-01 1.797735e-02
4.328761e-01 1.893096e-02
5.336699e-01 1.993517e-02
6.579332e-01 2.099264e-02
8.111308e-01 2.210622e-02
1.000000e+00 2.327890e-02
1.232847e+00 2.451382e-02
1.519911e+00 2.581433e-02
1.873817e+00 2.718396e-02
2.310130e+00 2.862646e-02
2.848036e+00 3.014584e-02
3.511192e+00 3.174637e-02
4.328761e+00 3.343262e-02
5.336699e+00 3.520950e-02
6.579332e+00 3.708231e-02
8.111308e+00 3.905677e-02
1.000000e+01 4.113904e-02
1.232847e+01 4.333581e-02
1.519911e+01 4.565430e-02
1.873817e+01 4.810227e-02
2.310130e+01 5.068804e-02
2.848036e+01 5.342046e-02
3.511192e+01 5.630885e-02
4.328761e+01 5.936286e-02
5.336699e+01 6.259229e-02
6.579332e+01 6.600682e-02
8.111308e+01 6.961561e-02
1.000000e+02 7.342679e-02
1.232847e+02 7.744674e-02
1.519911e+02 8.167924e-02
1.873817e+02 8.612436e-02
2.310130e+02 9.077710e-02
2.848036e+02 9.562584e-02
3.511192e+02 1.006505e-01
4.328761e+02 1.058203e-01
5.336699e+02 1.110917e-01
6.579332e+02 1.164059e-01
8.111308e+02 1.216864e-01
1.000000e+03 1.268368e-01
1.232847e+03 1.317389e-01
1.519911e+03 1.362515e-01
1.873817e+03 1.402097e-01
2.310130e+03 1.434264e-01
2.848036e+03 1.456945e-01
3.511192e+03 1.467929e-01
4.328761e+03 1.464949e-01
5.336699e+03 1.445814e-01
6.579332e+03 1.408589e-01
8.111308e+03 1.351835e-01
1.000000e+04 1.274904e-01
1.232847e+04 1.178261e-01
1.519911e+04 1.063793e-01
1.873817e+04 9.350256e-02
2.310130e+04 7.971179e-02
2.848036e+04 6.565492e-02
3.511192e+04 5.204313e-02
4.328761e+04 3.955238e-02
5.336699e+04 2.871819e-02
6.579332e+04 1.985582e-02
8.111308e+04 1.303237e-02
1.000000e+05 8.096555e-03
1.232847e+05 4.749167e-03
1.519911e+05 2.626021e-03
1.873817e+05 1.369403e-03
2.310130e+05 6.758133e-04
2.848036e+05 3.178137e-04
3.511192e+05 1.437683e-04
4.328761e+05 6.320258e-05
5.336699e+05 2.725205e-05
6.579332e+05 1.160900e-05
8.111308e+05 4.910251e-06
1.000000e+06 2.068744e-06
1.232847e+06 8.697848e-07
1.519911e+06 3.653118e-07
1.873817e+06 1.533538e-07
2.310130e+06 6.436075e-08
2.848036e+06 2.700845e-08
3.511192e+06 1.133331e-08
4.328761e+06 4.755595e-09
5.336699e+06 1.995489e-09
6.579332e+06 8.373215e-10
8.111308e+06 3.513459e-10
1.000000e+07 1.474271e-10
