1.000000e-02 8.743990e-03
1.232847e-02 9.219600e-03
1.519911e-02 9.721080e-03
1.873817e-02 1.024984e-02
2.310130e-02 1.080735e-02
2.848036e-02 1.139520e-02
3.511192e-02 1.201501e-02
4.328761e-02 1.266854e-02
5.336699e-02 1.335762e-02
6.579332e-02 1.408418e-02
8.111308e-02 1.485026e-02
1.000000e-01 1.565800e-02
1.232847e-01 1.650969e-02
1.519911e-01 1.740770e-02
1.873817e-01 1.835455e-02
2.310130e-01 1.935291e-02
2.848036e-01 2.040556e-02
3.511192e-01 2.151548e-02
4.328761e-01 2.268577e-02
5.336699e-01 2.391972e-02
6.579332e-01 2.522081e-02
8.111308e-01 2.659269e-02
1.000000e+00 2.803926e-02
1.232847e+00 2.956462e-02
1.519911e+00 3.117315e-02
1.873817e+00 3.286950e-02
2.310130e+00 3.465862e-02
2.848036e+00 3.654582e-02
3.511192e+00 3.853678e-02
4.328761e+00 4.063759e-02
5.336699e+00 4.285476e-02
6.579332e+00 4.519525e-02
8.111308e+00 4.766648e-02
1.000000e+01 5.027627e-02
1.232847e+01 5.303281e-02
1.519911e+01 5.594454e-02
1.873817e+01 5.901998e-02
2.310130e+01 6.226743e-02
2.848036e+01 6.569467e-02
3.511192e+01 6.930841e-02
4.328761e+01 7.311365e-02
5.336699e+01 7.711283e-02
6.579332e+01 8.130479e-02
8.111308e+01 8.568352e-02
1.000000e+02 9.023658e-02
1.232847e+02 9.494343e-02
1.519911e+02 9.977353e-02
1.873817e+02 1.046843e-01
2.310130e+02 1.096192e-01
2.848036e+02 1.145059e-01
3.511192e+02 1.192552e-01
4.328761e+02 1.237601e-01
5.336699e+02 1.278969e-01
6.579332e+02 1.315268e-01
8.111308e+02 1.345001e-01
1.000000e+03 1.366612e-01
1.232847e+03 1.378568e-01
1.519911e+03 1.379439e-01
1.873817e+03 1.368006e-01
2.310130e+03 1.343360e-01
2.848036e+03 1.304996e-01
3.511192e+03 1.252897e-01
4.328761e+03 1.187588e-01
5.336699e+03 1.110160e-01
6.579332e+03 1.022262e-01
8.111308e+03 9.260514e-02
1.000000e+04 8.241175e-02
1.232847e+04 7.193718e-02
1.519911e+04 6.149055e-02
1.873817e+04 5.138155e-02
2.310130e+04 4.189980e-02
2.848036e+04 3.329220e-02
3.511192e+04 2.574134e-02
4.328761e+04 1.934956e-02
5.336699e+04 1.413346e-02
6.579332e+04 1.003104e-02
8.111308e+04 6.920130e-03
1.000000e+05 4.643192e-03
1.232847e+05 3.032208e-03
1.519911e+05 1.928533e-03
1.873817e+05 1.195248e-03
2.310130e+05 7.222135e-04
2.848036e+05 4.257225e-04
3.511192e+05 2.450811e-04
4.328761e+05 1.380359e-04
5.336699e+05 7.625985e-05
6.579332e+05 4.145862e-05
8.111308e+05 2.225607e-05
1.000000e+06 1.183649e-05
1.232847e+06 6.253980e-06
1.519911e+06 3.290044e-06
1.873817e+06 1.726033e-06
2.310130e+06 9.040014e-07
2.848036e+06 4.730055e-07
3.511192e+06 2.473594e-07
4.328761e+06 1.293204e-07
5.336699e+06 6.759989e-08
6.579332e+06 3.533451e-08
8.111308e+06 1.846900e-08
1.000000e+07 9.653534e-09
