1.000000e-02 8.342950e-03
1.232847e-02 8.798240e-03
1.519911e-02 9.278376e-03
1.873817e-02 9.784714e-03
2.310130e-02 1.031868e-02
2.848036e-02 1.088179e-02
3.511192e-02 1.147563e-02
4.328761e-02 1.210188e-02
5.336699e-02 1.276230e-02
6.579332e-02 1.345876e-02
8.111308e-02 1.419323e-02
1.000000e-01 1.496778e-02
1.232847e-01 1.578460e-02
1.519911e-01 1.664599e-02
1.873817e-01 1.755440e-02
2.310130e-01 1.851237e-02
2.848036e-01 1.952263e-02
3.511192e-01 2.058801e-02
4.328761e-01 2.171154e-02
5.336699e-01 2.289638e-02
6.579332e-01 2.414589e-02
8.111308e-01 2.546361e-02
1.000000e+00 2.685327e-02
1.232847e+00 2.831882e-02
1.519911e+00 2.986447e-02
1.873817e+00 3.149463e-02
2.310130e+00 3.321403e-02
2.848036e+00 3.502767e-02
3.511192e+00 3.694087e-02
4.328761e+00 3.895927e-02
5.336699e+00 4.108888e-02
6.579332e+00 4.333603e-02
8.111308e+00 4.570743e-02
1.000000e+01 4.821005e-02
1.232847e+01 5.085113e-02
1.519911e+01 5.363806e-02
1.873817e+01 5.657821e-02
2.310130e+01 5.967874e-02
2.848036e+01 6.294627e-02
3.511192e+01 6.638648e-02
4.328761e+01 7.000363e-02
5.336699e+01 7.379983e-02
6.579332e+01 7.777429e-02
8.111308e+01 8.192225e-02
1.000000e+02 8.623389e-02
1.232847e+02 9.069294e-02
1.519911e+02 9.527524e-02
1.873817e+02 9.994711e-02
2.310130e+02 1.046638e-01
2.848036e+02 1.093682e-01
3.511192e+02 1.139892e-01
4.328761e+02 1.184415e-01
5.336699e+02 1.226254e-01
6.579332e+02 1.264279e-01
8.111308e+02 1.297248e-01
1.000000e+03 1.323843e-01
1.232847e+03 1.342719e-01
1.519911e+03 1.352562e-01
1.873817e+03 1.352168e-01
2.310130e+03 1.340508e-01
2.848036e+03 1.316814e-01
3.511192e+03 1.280645e-01
4.328761e+03 1.231942e-01
5.336699e+03 1.171076e-01
6.579332e+03 1.098871e-01
8.111308e+03 1.016620e-01
1.000000e+04 9.260771e-02
1.232847e+04 8.294329e-02
1.519911e+04 7.292518e-02
1.873817e+04 6.283676e-02
2.310130e+04 5.297254e-02
2.848036e+04 4.361742e-02
3.511192e+04 3.502320e-02
4.328761e+04 2.738590e-02
5.336699e+04 2.082856e-02
6.579332e+04 1.539370e-02
8.111308e+04 1.104741e-02
1.000000e+05 7.694048e-03
1.232847e+05 5.197496e-03
1.519911e+05 3.403724e-03
1.873817e+05 2.159973e-03
2.310130e+05 1.328068e-03
2.848036e+05 7.915868e-04
3.511192e+05 4.580951e-04
4.328761e+05 2.581041e-04
5.336699e+05 1.421313e-04
6.579332e+05 7.683913e-05
8.111308e+05 4.096587e-05
1.000000e+06 2.162441e-05
1.232847e+06 1.133827e-05
1.519911e+06 5.919275e-06
1.873817e+06 3.081979e-06
2.310130e+06 1.602150e-06
2.848036e+06 8.321184e-07
3.511192e+06 4.319698e-07
4.328761e+06 2.241873e-07
5.336699e+06 1.163364e-07
6.579332e+06 6.036677e-08
8.111308e+06 3.132367e-08
1.000000e+07 1.625346e-08
