1.000000e-02 1.038416e-02
1.232847e-02 1.088971e-02
1.519911e-02 1.141988e-02
1.873817e-02 1.197585e-02
2.310130e-02 1.255889e-02
2.848036e-02 1.317032e-02
3.511192e-02 1.381151e-02
4.328761e-02 1.448392e-02
5.336699e-02 1.518906e-02
6.579332e-02 1.592854e-02
8.111308e-02 1.670402e-02
1.000000e-01 1.751725e-02
1.232847e-01 1.837007e-02
1.519911e-01 1.926441e-02
1.873817e-01 2.020229e-02
2.310130e-01 2.118583e-02
2.848036e-01 2.221726e-02
3.511192e-01 2.329890e-02
4.328761e-01 2.443321e-02
5.336699e-01 2.562275e-02
6.579332e-01 2.687022e-02
8.111308e-01 2.817847e-02
1.000000e+00 2.955051e-02
1.232847e+00 3.098953e-02
1.519911e+00 3.249894e-02
1.873817e+00 3.408240e-02
2.310130e+00 3.574388e-02
2.848036e+00 3.748770e-02
3.511192e+00 3.931862e-02
4.328761e+00 4.124195e-02
5.336699e+00 4.326360e-02
6.579332e+00 4.539022e-02
8.111308e+00 4.762934e-02
1.000000e+01 4.998945e-02
1.232847e+01 5.248016e-02
1.519911e+01 5.511228e-02
1.873817e+01 5.789796e-02
2.310130e+01 6.085065e-02
2.848036e+01 6.398513e-02
3.511192e+01 6.731737e-02
4.328761e+01 7.086429e-02
5.336699e+01 7.464328e-02
6.579332e+01 7.867151e-02
8.111308e+01 8.296498e-02
1.000000e+02 8.753703e-02
1.232847e+02 9.239650e-02
1.519911e+02 9.754521e-02
1.873817e+02 1.029748e-01
2.310130e+02 1.086629e-01
2.848036e+02 1.145684e-01
3.511192e+02 1.206265e-01
4.328761e+02 1.267430e-01
5.336699e+02 1.327890e-01
6.579332e+02 1.385963e-01
8.111308e+02 1.439545e-01
1.000000e+03 1.486109e-01
1.232847e+03 1.522747e-01
1.519911e+03 1.546255e-01
1.873817e+03 1.553295e-01
2.310130e+03 1.540609e-01
2.848036e+03 1.505316e-01
3.511192e+03 1.445264e-01
4.328761e+03 1.359428e-01
5.336699e+03 1.248315e-01
6.579332e+03 1.114319e-01
8.111308e+03 9.619689e-02
1.000000e+04 7.979876e-02
1.232847e+04 6.310678e-02
1.519911e+04 4.712222e-02
1.873817e+04 3.285445e-02
2.310130e+04 2.113503e-02
2.848036e+04 1.240952e-02
3.511192e+04 6.606153e-03
4.328761e+04 3.191102e-03
5.336699e+04 1.412769e-03
6.579332e+04 5.832562e-04
8.111308e+04 2.290672e-04
1.000000e+05 8.712521e-05
1.232847e+05 3.252330e-05
1.519911e+05 1.201899e-05
1.873817e+05 4.419162e-06
2.310130e+05 1.620937e-06
2.848036e+05 5.939071e-07
3.511192e+05 2.175025e-07
4.328761e+05 7.963846e-08
5.336699e+05 2.915718e-08
6.579332e+05 1.067465e-08
8.111308e+05 3.908016e-09
1.000000e+06 1.430727e-09
1.232847e+06 5.237888e-10
1.519911e+06 1.917588e-10
1.873817e+06 7.020279e-11
2.310130e+06 2.570120e-11
2.848036e+06 9.409191e-12
3.511192e+06 3.444699e-12
4.328761e+06 1.261102e-12
5.336699e+06 4.616886e-13
6.579332e+06 1.690239e-13
8.111308e+06 6.187954e-14
1.000000e+07 2.265406e-14
