1.000000e-02 2.127855e-02
1.232847e-02 2.224158e-02
1.519911e-02 2.324819e-02
1.873817e-02 2.430036e-02
2.310130e-02 2.540015e-02
2.848036e-02 2.654971e-02
3.511192e-02 2.775130e-02
4.328761e-02 2.900727e-02
5.336699e-02 3.032008e-02
6.579332e-02 3.169231e-02
8.111308e-02 3.312665e-02
1.000000e-01 3.462590e-02
1.232847e-01 3.619300e-02
1.519911e-01 3.783103e-02
1.873817e-01 3.954319e-02
2.310130e-01 4.133283e-02
2.848036e-01 4.320348e-02
3.511192e-01 4.515878e-02
4.328761e-01 4.720255e-02
5.336699e-01 4.933876e-02
6.579332e-01 5.157152e-02
8.111308e-01 5.390505e-02
1.000000e+00 5.634359e-02
1.232847e+00 5.889140e-02
1.519911e+00 6.155256e-02
1.873817e+00 6.433082e-02
2.310130e+00 6.722942e-02
2.848036e+00 7.025072e-02
3.511192e+00 7.339590e-02
4.328761e+00 7.666445e-02
5.336699e+00 8.005362e-02
6.579332e+00 8.355772e-02
8.111308e+00 8.716732e-02
1.000000e+01 9.086832e-02
1.232847e+01 9.464089e-02
1.519911e+01 9.845830e-02
1.873817e+01 1.022857e-01
2.310130e+01 1.060787e-01
2.848036e+01 1.097826e-01
3.511192e+01 1.133311e-01
4.328761e+01 1.166458e-01
5.336699e+01 1.196363e-01
6.579332e+01 1.222010e-01
8.111308e+01 1.242295e-01
1.000000e+02 1.256052e-01
1.232847e+02 1.262111e-01
1.519911e+02 1.259354e-01
1.873817e+02 1.246796e-01
2.310130e+02 1.223672e-01
2.848036e+02 1.189524e-01
3.511192e+02 1.144281e-01
4.328761e+02 1.088326e-01
5.336699e+02 1.022525e-01
6.579332e+02 9.482177e-02
8.111308e+02 8.671698e-02
1.000000e+03 7.814789e-02
1.232847e+03 6.934488e-02
1.519911e+03 6.054430e-02
1.873817e+03 5.197317e-02
2.310130e+03 4.383488e-02
2.848036e+03 3.629724e-02
3.511192e+03 2.948426e-02
4.328761e+03 2.347256e-02
5.336699e+03 1.829244e-02
6.579332e+03 1.393326e-02
8.111308e+03 1.035170e-02
1.000000e+04 7.481290e-03
1.232847e+04 5.241730e-03
1.519911e+04 3.546332e-03
1.873817e+04 2.307181e-03
2.310130e+04 1.438181e-03
2.848036e+04 8.572194e-04
3.511192e+04 4.888129e-04
4.328761e+04 2.676007e-04
5.336699e+04 1.414963e-04
6.579332e+04 7.279743e-05
8.111308e+04 3.671047e-05
1.000000e+05 1.826042e-05
1.232847e+05 9.002996e-06
1.519911e+05 4.414689e-06
1.873817e+05 2.157843e-06
2.310130e+05 1.052800e-06
2.848036e+05 5.131359e-07
3.511192e+05 2.499663e-07
4.328761e+05 1.217320e-07
5.336699e+05 5.927371e-08
6.579332e+05 2.885929e-08
8.111308e+05 1.405050e-08
1.000000e+06 6.840526e-09
1.232847e+06 3.330295e-09
1.519911e+06 1.621339e-09
1.873817e+06 7.893392e-10
2.310130e+06 3.842847e-10
2.848036e+06 1.870864e-10
3.511192e+06 9.108174e-11
4.328761e+06 4.434251e-11
5.336699e+06 2.158785e-11
6.579332e+06 1.050989e-11
8.111308e+06 5.116668e-12
1.000000e+07 2.491014e-12
