1.000000e-02 1.938500e-03
1.232847e-02 2.093533e-03
1.519911e-02 2.260964e-03
1.873817e-02 2.441787e-03
2.310130e-02 2.637070e-03
2.848036e-02 2.847972e-03
3.511192e-02 3.075740e-03
4.328761e-02 3.321725e-03
5.336699e-02 3.587382e-03
6.579332e-02 3.874285e-03
8.111308e-02 4.184134e-03
1.000000e-01 4.518763e-03
1.232847e-01 4.880154e-03
1.519911e-01 5.270448e-03
1.873817e-01 5.691956e-03
2.310130e-01 6.147174e-03
2.848036e-01 6.638798e-03
3.511192e-01 7.169741e-03
4.328761e-01 7.743147e-03
5.336699e-01 8.362414e-03
6.579332e-01 9.031211e-03
8.111308e-01 9.753506e-03
1.000000e+00 1.053359e-02
1.232847e+00 1.137610e-02
1.519911e+00 1.228605e-02
1.873817e+00 1.326890e-02
2.310130e+00 1.433053e-02
2.848036e+00 1.547732e-02
3.511192e+00 1.671619e-02
4.328761e+00 1.805462e-02
5.336699e+00 1.950066e-02
6.579332e+00 2.106297e-02
8.111308e+00 2.275076e-02
1.000000e+01 2.457376e-02
1.232847e+01 2.654206e-02
1.519911e+01 2.866593e-02
1.873817e+01 3.095545e-02
2.310130e+01 3.342008e-02
2.848036e+01 3.606793e-02
3.511192e+01 3.890492e-02
4.328761e+01 4.193354e-02
5.336699e+01 4.515144e-02
6.579332e+01 4.854966e-02
8.111308e+01 5.211065e-02
1.000000e+02 5.580617e-02
1.232847e+02 5.959534e-02
1.519911e+02 6.342309e-02
1.873817e+02 6.721953e-02
2.310130e+02 7.090077e-02
2.848036e+02 7.437182e-02
3.511192e+02 7.753188e-02
4.328761e+02 8.028239e-02
5.336699e+02 8.253741e-02
6.579332e+02 8.423553e-02
8.111308e+02 8.535180e-02
1.000000e+03 8.590795e-02
1.232847e+03 8.597922e-02
1.519911e+03 8.569682e-02
1.873817e+03 8.524647e-02
2.310130e+03 8.486452e-02
2.848036e+03 8.483511e-02
3.511192e+03 8.549219e-02
4.328761e+03 8.723116e-02
5.336699e+03 9.053469e-02
6.579332e+03 9.601681e-02
8.111308e+03 1.044868e-01
1.000000e+04 1.170253e-01
1.232847e+04 1.350340e-01
1.519911e+04 1.601377e-01
1.873817e+04 1.936099e-01
2.310130e+04 2.346224e-01
2.848036e+04 2.763901e-01
3.511192e+04 3.010510e-01
4.328761e+04 2.816498e-01
5.336699e+04 2.065381e-01
6.579332e+04 1.096087e-01
8.111308e+04 4.134294e-02
1.000000e+05 1.182452e-02
1.232847e+05 2.843163e-03
1.519911e+05 6.261834e-04
1.873817e+05 1.328421e-04
2.310130e+05 2.779076e-05
2.848036e+05 5.786714e-06
3.511192e+05 1.203205e-06
4.328761e+05 2.500742e-07
5.336699e+05 5.196970e-08
6.579332e+05 1.079988e-08
8.111308e+05 2.244321e-09
1.000000e+06 4.663910e-10
1.232847e+06 9.692039e-11
1.519911e+06 2.014096e-11
1.873817e+06 4.185478e-12
2.310130e+06 8.697811e-13
2.848036e+06 1.807486e-13
3.511192e+06 3.756123e-14
4.328761e+06 7.805573e-15
5.336699e+06 1.622071e-15
6.579332e+06 3.370813e-16
8.111308e+06 7.004863e-17
1.000000e+07 1.455675e-17
