1.000000e-02 1.484530e-02
1.232847e-02 1.561838e-02
1.519911e-02 1.643170e-02
1.873817e-02 1.728739e-02
2.310130e-02 1.818763e-02
2.848036e-02 1.913475e-02
3.511192e-02 2.013120e-02
4.328761e-02 2.117953e-02
5.336699e-02 2.228246e-02
6.579332e-02 2.344282e-02
8.111308e-02 2.466361e-02
1.000000e-01 2.594797e-02
1.232847e-01 2.729921e-02
1.519911e-01 2.872082e-02
1.873817e-01 3.021646e-02
2.310130e-01 3.178999e-02
2.848036e-01 3.344545e-02
3.511192e-01 3.518710e-02
4.328761e-01 3.701938e-02
5.336699e-01 3.894692e-02
6.579332e-01 4.097444e-02
8.111308e-01 4.310670e-02
1.000000e+00 4.534830e-02
1.232847e+00 4.770344e-02
1.519911e+00 5.017562e-02
1.873817e+00 5.276711e-02
2.310130e+00 5.547843e-02
2.848036e+00 5.830760e-02
3.511192e+00 6.124933e-02
4.328761e+00 6.429400e-02
5.336699e+00 6.742672e-02
6.579332e+00 7.062627e-02
8.111308e+00 7.386413e-02
1.000000e+01 7.710381e-02
1.232847e+01 8.030042e-02
1.519911e+01 8.340086e-02
1.873817e+01 8.634465e-02
2.310130e+01 8.906562e-02
2.848036e+01 9.149446e-02
3.511192e+01 9.356227e-02
4.328761e+01 9.520468e-02
5.336699e+01 9.636653e-02
6.579332e+01 9.700646e-02
8.111308e+01 9.710096e-02
1.000000e+02 9.664731e-02
1.232847e+02 9.566503e-02
1.519911e+02 9.419545e-02
1.873817e+02 9.229948e-02
2.310130e+02 9.005383e-02
2.848036e+02 8.754605e-02
3.511192e+02 8.486914e-02
4.328761e+02 8.211617e-02
5.336699e+02 7.937567e-02
6.579332e+02 7.672786e-02
8.111308e+02 7.424220e-02
1.000000e+03 7.197587e-02
1.232847e+03 6.997322e-02
1.519911e+03 6.826582e-02
1.873817e+03 6.687273e-02
2.310130e+03 6.580059e-02
2.848036e+03 6.504334e-02
3.511192e+03 6.458122e-02
4.328761e+03 6.437896e-02
5.336699e+03 6.438299e-02
6.579332e+03 6.451813e-02
8.111308e+03 6.468398e-02
1.000000e+04 6.475226e-02
1.232847e+04 6.456654e-02
1.519911e+04 6.394657e-02
1.873817e+04 6.269977e-02
2.310130e+04 6.064180e-02
2.848036e+04 5.762626e-02
3.511192e+04 5.358029e-02
4.328761e+04 4.853801e-02
5.336699e+04 4.266033e-02
6.579332e+04 3.623014e-02
8.111308e+04 2.961763e-02
1.000000e+05 2.322117e-02
1.232847e+05 1.739962e-02
1.519911e+05 1.241585e-02
1.873817e+05 8.406440e-03
2.310130e+05 5.381396e-03
2.848036e+05 3.247559e-03
3.511192e+05 1.845333e-03
4.328761e+05 9.890195e-04
5.336699e+05 5.026860e-04
6.579332e+05 2.443982e-04
8.111308e+05 1.148331e-04
1.000000e+06 5.266757e-05
1.232847e+06 2.377626e-05
1.519911e+06 1.063003e-05
1.873817e+06 4.726037e-06
2.310130e+06 2.094743e-06
2.848036e+06 9.269814e-07
3.511192e+06 4.098891e-07
4.328761e+06 1.811753e-07
5.336699e+06 8.006828e-08
6.579332e+06 3.538296e-08
8.111308e+06 1.563577e-08
1.000000e+07 6.909441e-09
