1.000000e-02 7.058067e-03
1.232847e-02 7.447744e-03
1.519911e-02 7.858936e-03
1.873817e-02 8.292829e-03
2.310130e-02 8.750678e-03
2.848036e-02 9.233805e-03
3.511192e-02 9.743606e-03
4.328761e-02 1.028155e-02
5.336699e-02 1.084920e-02
6.579332e-02 1.144819e-02
8.111308e-02 1.208024e-02
1.000000e-01 1.274720e-02
1.232847e-01 1.345097e-02
1.519911e-01 1.419360e-02
1.873817e-01 1.497723e-02
2.310130e-01 1.580413e-02
2.848036e-01 1.667668e-02
3.511192e-01 1.759740e-02
4.328761e-01 1.856896e-02
5.336699e-01 1.959416e-02
6.579332e-01 2.067596e-02
8.111308e-01 2.181748e-02
1.000000e+00 2.302203e-02
1.232847e+00 2.429309e-02
1.519911e+00 2.563433e-02
1.873817e+00 2.704963e-02
2.310130e+00 2.854307e-02
2.848036e+00 3.011898e-02
3.511192e+00 3.178192e-02
4.328761e+00 3.353667e-02
5.336699e+00 3.538828e-02
6.579332e+00 3.734207e-02
8.111308e+00 3.940359e-02
1.000000e+01 4.157862e-02
1.232847e+01 4.387319e-02
1.519911e+01 4.629346e-02
1.873817e+01 4.884573e-02
2.310130e+01 5.153628e-02
2.848036e+01 5.437130e-02
3.511192e+01 5.735665e-02
4.328761e+01 6.049766e-02
5.336699e+01 6.379881e-02
6.579332e+01 6.726335e-02
8.111308e+01 7.089282e-02
1.000000e+02 7.468648e-02
1.232847e+02 7.864061e-02
1.519911e+02 8.274777e-02
1.873817e+02 8.699581e-02
2.310130e+02 9.136698e-02
2.848036e+02 9.583680e-02
3.511192e+02 1.003730e-01
4.328761e+02 1.049345e-01
5.336699e+02 1.094704e-01
6.579332e+02 1.139191e-01
8.111308e+02 1.182079e-01
1.000000e+03 1.222530e-01
1.232847e+03 1.259592e-01
1.519911e+03 1.292211e-01
1.873817e+03 1.319243e-01
2.310130e+03 1.339472e-01
2.848036e+03 1.351635e-01
3.511192e+03 1.354455e-01
4.328761e+03 1.346687e-01
5.336699e+03 1.327173e-01
6.579332e+03 1.294929e-01
8.111308e+03 1.249246e-01
1.000000e+04 1.189822e-01
1.232847e+04 1.116914e-01
1.519911e+04 1.031484e-01
1.873817e+04 9.353210e-02
2.310130e+04 8.310818e-02
2.848036e+04 7.222112e-02
3.511192e+04 6.127055e-02
4.328761e+04 5.067218e-02
5.336699e+04 4.080965e-02
6.579332e+04 3.198794e-02
8.111308e+04 2.440066e-02
1.000000e+05 1.811919e-02
1.232847e+05 1.310457e-02
1.519911e+05 9.235930e-03
1.873817e+05 6.345276e-03
2.310130e+05 4.249391e-03
2.848036e+05 2.773157e-03
3.511192e+05 1.762929e-03
4.328761e+05 1.091704e-03
5.336699e+05 6.590805e-04
6.579332e+05 3.886592e-04
8.111308e+05 2.245394e-04
1.000000e+06 1.275577e-04
1.232847e+06 7.152890e-05
1.519911e+06 3.973331e-05
1.873817e+06 2.192826e-05
2.310130e+06 1.205059e-05
2.848036e+06 6.604891e-06
3.511192e+06 3.614497e-06
4.328761e+06 1.976317e-06
5.336699e+06 1.080129e-06
6.579332e+06 5.902140e-07
8.111308e+06 3.224882e-07
1.000000e+07 1.762027e-07
