1.000000e-02 4.641941e-03
1.232847e-02 4.910056e-03
1.519911e-02 5.193656e-03
1.873817e-02 5.493637e-03
2.310130e-02 5.810945e-03
2.848036e-02 6.146580e-03
3.511192e-02 6.501601e-03
4.328761e-02 6.877128e-03
5.336699e-02 7.274345e-03
6.579332e-02 7.694505e-03
8.111308e-02 8.138933e-03
1.000000e-01 8.609031e-03
1.232847e-01 9.106281e-03
1.519911e-01 9.632251e-03
1.873817e-01 1.018860e-02
2.310130e-01 1.077709e-02
2.848036e-01 1.139956e-02
3.511192e-01 1.205799e-02
4.328761e-01 1.275445e-02
5.336699e-01 1.349113e-02
6.579332e-01 1.427036e-02
8.111308e-01 1.509458e-02
1.000000e+00 1.596639e-02
1.232847e+00 1.688851e-02
1.519911e+00 1.786381e-02
1.873817e+00 1.889533e-02
2.310130e+00 1.998622e-02
2.848036e+00 2.113982e-02
3.511192e+00 2.235959e-02
4.328761e+00 2.364914e-02
5.336699e+00 2.501223e-02
6.579332e+00 2.645274e-02
8.111308e+00 2.797468e-02
1.000000e+01 2.958214e-02
1.232847e+01 3.127932e-02
1.519911e+01 3.307044e-02
1.873817e+01 3.495978e-02
2.310130e+01 3.695156e-02
2.848036e+01 3.904997e-02
3.511192e+01 4.125906e-02
4.328761e+01 4.358266e-02
5.336699e+01 4.602438e-02
6.579332e+01 4.858744e-02
8.111308e+01 5.127464e-02
1.000000e+02 5.408828e-02
1.232847e+02 5.703005e-02
1.519911e+02 6.010105e-02
1.873817e+02 6.330175e-02
2.310130e+02 6.663204e-02
2.848036e+02 7.009143e-02
3.511192e+02 7.367926e-02
4.328761e+02 7.739511e-02
5.336699e+02 8.123935e-02
6.579332e+02 8.521388e-02
8.111308e+02 8.932299e-02
1.000000e+03 9.357444e-02
1.232847e+03 9.798057e-02
1.519911e+03 1.025593e-01
1.873817e+03 1.073351e-01
2.310130e+03 1.123390e-01
2.848036e+03 1.176076e-01
3.511192e+03 1.231807e-01
4.328761e+03 1.290948e-01
5.336699e+03 1.353731e-01
6.579332e+03 1.420071e-01
8.111308e+03 1.489289e-01
1.000000e+04 1.559682e-01
1.232847e+04 1.627915e-01
1.519911e+04 1.688239e-01
1.873817e+04 1.731653e-01
2.310130e+04 1.745351e-01
2.848036e+04 1.713212e-01
3.511192e+04 1.618478e-01
4.328761e+04 1.449671e-01
5.336699e+04 1.209191e-01
6.579332e+04 9.204924e-02
8.111308e+04 6.264703e-02
1.000000e+05 3.744250e-02
1.232847e+05 1.944477e-02
1.519911e+05 8.788954e-03
1.873817e+05 3.514456e-03
2.310130e+05 1.277929e-03
2.848036e+05 4.356160e-04
3.511192e+05 1.428403e-04
4.328761e+05 4.586907e-05
5.336699e+05 1.457918e-05
6.579332e+05 4.612360e-06
8.111308e+05 1.456306e-06
1.000000e+06 4.594470e-07
1.232847e+06 1.449053e-07
1.519911e+06 4.569659e-08
1.873817e+06 1.441004e-08
2.310130e+06 4.544023e-09
2.848036e+06 1.432892e-09
3.511192e+06 4.518413e-10
4.328761e+06 1.424813e-10
5.336699e+06 4.492934e-11
6.579332e+06 1.416779e-11
8.111308e+06 4.467597e-12
1.000000e+07 1.408789e-12
