1.000000e-02 7.407623e-03
1.232847e-02 7.809641e-03
1.519911e-02 8.233477e-03
1.873817e-02 8.680315e-03
2.310130e-02 9.151404e-03
2.848036e-02 9.648058e-03
3.511192e-02 1.017167e-02
4.328761e-02 1.072369e-02
5.336699e-02 1.130568e-02
6.579332e-02 1.191925e-02
8.111308e-02 1.256611e-02
1.000000e-01 1.324809e-02
1.232847e-01 1.396707e-02
1.519911e-01 1.472508e-02
1.873817e-01 1.552422e-02
2.310130e-01 1.636673e-02
2.848036e-01 1.725497e-02
3.511192e-01 1.819141e-02
4.328761e-01 1.917868e-02
5.336699e-01 2.021953e-02
6.579332e-01 2.131686e-02
8.111308e-01 2.247376e-02
1.000000e+00 2.369346e-02
1.232847e+00 2.497939e-02
1.519911e+00 2.633516e-02
1.873817e+00 2.776460e-02
2.310130e+00 2.927177e-02
2.848036e+00 3.086097e-02
3.511192e+00 3.253677e-02
4.328761e+00 3.430402e-02
5.336699e+00 3.616790e-02
6.579332e+00 3.813390e-02
8.111308e+00 4.020786e-02
1.000000e+01 4.239599e-02
1.232847e+01 4.470484e-02
1.519911e+01 4.714130e-02
1.873817e+01 4.971259e-02
2.310130e+01 5.242613e-02
2.848036e+01 5.528948e-02
3.511192e+01 5.831016e-02
4.328761e+01 6.149545e-02
5.336699e+01 6.485203e-02
6.579332e+01 6.838567e-02
8.111308e+01 7.210062e-02
1.000000e+02 7.599904e-02
1.232847e+02 8.008016e-02
1.519911e+02 8.433940e-02
1.873817e+02 8.876718e-02
2.310130e+02 9.334770e-02
2.848036e+02 9.805752e-02
3.511192e+02 1.028640e-01
4.328761e+02 1.077240e-01
5.336699e+02 1.125818e-01
6.579332e+02 1.173684e-01
8.111308e+02 1.220001e-01
1.000000e+03 1.263780e-01
1.232847e+03 1.303879e-01
1.519911e+03 1.339009e-01
1.873817e+03 1.367753e-01
2.310130e+03 1.388587e-01
2.848036e+03 1.399920e-01
3.511192e+03 1.400138e-01
4.328761e+03 1.387674e-01
5.336699e+03 1.361098e-01
6.579332e+03 1.319233e-01
8.111308e+03 1.261322e-01
1.000000e+04 1.187237e-01
1.232847e+04 1.097705e-01
1.519911e+04 9.945351e-02
1.873817e+04 8.807365e-02
2.310130e+04 7.604719e-02
2.848036e+04 6.387545e-02
3.511192e+04 5.209003e-02
4.328761e+04 4.118299e-02
5.336699e+04 3.153925e-02
6.579332e+04 2.339058e-02
8.111308e+04 1.680310e-02
1.000000e+05 1.169864e-02
1.232847e+05 7.898550e-03
1.519911e+05 5.174002e-03
1.873817e+05 3.288948e-03
2.310130e+05 2.028810e-03
2.848036e+05 1.214615e-03
3.511192e+05 7.062733e-04
4.328761e+05 3.996008e-04
5.336699e+05 2.206542e-04
6.579332e+05 1.193893e-04
8.111308e+05 6.357722e-05
1.000000e+06 3.346204e-05
1.232847e+06 1.746940e-05
1.519911e+06 9.071648e-06
1.873817e+06 4.695068e-06
2.310130e+06 2.425082e-06
2.848036e+06 1.251154e-06
3.511192e+06 6.450898e-07
4.328761e+06 3.324965e-07
5.336699e+06 1.713505e-07
6.579332e+06 8.829872e-08
8.111308e+06 4.550024e-08
1.000000e+07 2.344613e-08
