1.000000e-02 9.587219e-03
1.232847e-02 1.024173e-02
1.519911e-02 1.094092e-02
1.873817e-02 1.168784e-02
2.310130e-02 1.248576e-02
2.848036e-02 1.333815e-02
3.511192e-02 1.424873e-02
4.328761e-02 1.522147e-02
5.336699e-02 1.626063e-02
6.579332e-02 1.737072e-02
8.111308e-02 1.855660e-02
1.000000e-01 1.982344e-02
1.232847e-01 2.117676e-02
1.519911e-01 2.262248e-02
1.873817e-01 2.416689e-02
2.310130e-01 2.581673e-02
2.848036e-01 2.757922e-02
3.511192e-01 2.946203e-02
4.328761e-01 3.147343e-02
5.336699e-01 3.362224e-02
6.579332e-01 3.591798e-02
8.111308e-01 3.837097e-02
1.000000e+00 4.099246e-02
1.232847e+00 4.379483e-02
1.519911e+00 4.679182e-02
1.873817e+00 4.999881e-02
2.310130e+00 5.343306e-02
2.848036e+00 5.711400e-02
3.511192e+00 6.106336e-02
4.328761e+00 6.530508e-02
5.336699e+00 6.986497e-02
6.579332e+00 7.476982e-02
8.111308e+00 8.004568e-02
1.000000e+01 8.571520e-02
1.232847e+01 9.179342e-02
1.519911e+01 9.828184e-02
1.873817e+01 1.051602e-01
2.310130e+01 1.123757e-01
2.848036e+01 1.198306e-01
3.511192e+01 1.273672e-01
4.328761e+01 1.347544e-01
5.336699e+01 1.416774e-01
6.579332e+01 1.477370e-01
8.111308e+01 1.524636e-01
1.000000e+02 1.553530e-01
1.232847e+02 1.559256e-01
1.519911e+02 1.538060e-01
1.873817e+02 1.488078e-01
2.310130e+02 1.410019e-01
2.848036e+02 1.307436e-01
3.511192e+02 1.186397e-01
4.328761e+02 1.054596e-01
5.336699e+02 9.201230e-02
6.579332e+02 7.902394e-02
8.111308e+02 6.704991e-02
1.000000e+03 5.643680e-02
1.232847e+03 4.733195e-02
1.519911e+03 3.972437e-02
1.873817e+03 3.349741e-02
2.310130e+03 2.847790e-02
2.848036e+03 2.447357e-02
3.511192e+03 2.129710e-02
4.328761e+03 1.877857e-02
5.336699e+03 1.676988e-02
6.579332e+03 1.514433e-02
8.111308e+03 1.379416e-02
1.000000e+04 1.262797e-02
1.232847e+04 1.156915e-02
1.519911e+04 1.055610e-02
1.873817e+04 9.543966e-03
2.310130e+04 8.507065e-03
2.848036e+04 7.440355e-03
3.511192e+04 6.358361e-03
4.328761e+04 5.290605e-03
5.336699e+04 4.274094e-03
6.579332e+04 3.344820e-03
8.111308e+04 2.530702e-03
1.000000e+05 1.847682e-03
1.232847e+05 1.299214e-03
1.519911e+05 8.781610e-04
1.873817e+05 5.697649e-04
2.310130e+05 3.547720e-04
2.848036e+05 2.123441e-04
3.511192e+05 1.226265e-04
4.328761e+05 6.869804e-05
5.336699e+05 3.757124e-05
6.579332e+05 2.018383e-05
8.111308e+05 1.070813e-05
1.000000e+06 5.633874e-06
1.232847e+06 2.948508e-06
1.519911e+06 1.538130e-06
1.873817e+06 8.008569e-07
2.310130e+06 4.165275e-07
2.848036e+06 2.165064e-07
3.511192e+06 1.125016e-07
4.328761e+06 5.844886e-08
5.336699e+06 3.036407e-08
6.579332e+06 1.577357e-08
8.111308e+06 8.193984e-09
1.000000e+07 4.256568e-09
