1.000000e-02 6.897009e-03
1.232847e-02 7.279546e-03
1.519911e-02 7.683301e-03
1.873817e-02 8.109449e-03
2.310130e-02 8.559233e-03
2.848036e-02 9.033964e-03
3.511192e-02 9.535026e-03
4.328761e-02 1.006388e-02
5.336699e-02 1.062206e-02
6.579332e-02 1.121121e-02
8.111308e-02 1.183303e-02
1.000000e-01 1.248934e-02
1.232847e-01 1.318205e-02
1.519911e-01 1.391318e-02
1.873817e-01 1.468487e-02
2.310130e-01 1.549935e-02
2.848036e-01 1.635901e-02
3.511192e-01 1.726635e-02
4.328761e-01 1.822402e-02
5.336699e-01 1.923480e-02
6.579332e-01 2.030165e-02
8.111308e-01 2.142769e-02
1.000000e+00 2.261620e-02
1.232847e+00 2.387066e-02
1.519911e+00 2.519478e-02
1.873817e+00 2.659246e-02
2.310130e+00 2.806785e-02
2.848036e+00 2.962536e-02
3.511192e+00 3.126968e-02
4.328761e+00 3.300583e-02
5.336699e+00 3.483914e-02
6.579332e+00 3.677528e-02
8.111308e+00 3.882031e-02
1.000000e+01 4.098065e-02
1.232847e+01 4.326311e-02
1.519911e+01 4.567485e-02
1.873817e+01 4.822334e-02
2.310130e+01 5.091626e-02
2.848036e+01 5.376142e-02
3.511192e+01 5.676657e-02
4.328761e+01 5.993913e-02
5.336699e+01 6.328586e-02
6.579332e+01 6.681245e-02
8.111308e+01 7.052292e-02
1.000000e+02 7.441894e-02
1.232847e+02 7.849898e-02
1.519911e+02 8.275727e-02
1.873817e+02 8.718265e-02
2.310130e+02 9.175720e-02
2.848036e+02 9.645484e-02
3.511192e+02 1.012398e-01
4.328761e+02 1.060653e-01
5.336699e+02 1.108719e-01
6.579332e+02 1.155871e-01
8.111308e+02 1.201241e-01
1.000000e+03 1.243824e-01
1.232847e+03 1.282487e-01
1.519911e+03 1.315985e-01
1.873817e+03 1.342996e-01
2.310130e+03 1.362154e-01
2.848036e+03 1.372108e-01
3.511192e+03 1.371580e-01
4.328761e+03 1.359440e-01
5.336699e+03 1.334779e-01
6.579332e+03 1.296993e-01
8.111308e+03 1.245863e-01
1.000000e+04 1.181635e-01
1.232847e+04 1.105084e-01
1.519911e+04 1.017569e-01
1.873817e+04 9.210568e-02
2.310130e+04 8.180944e-02
2.848036e+04 7.117277e-02
3.511192e+04 6.053345e-02
4.328761e+04 5.023815e-02
5.336699e+04 4.061188e-02
6.579332e+04 3.192600e-02
8.111308e+04 2.437102e-02
1.000000e+05 1.804121e-02
1.232847e+05 1.293463e-02
1.519911e+05 8.968288e-03
1.873817e+05 6.003054e-03
2.310130e+05 3.871113e-03
2.848036e+05 2.399621e-03
3.511192e+05 1.427327e-03
4.328761e+05 8.142387e-04
5.336699e+05 4.461604e-04
6.579332e+05 2.357425e-04
8.111308e+05 1.208210e-04
1.000000e+06 6.047307e-05
1.232847e+06 2.975537e-05
1.519911e+06 1.447354e-05
1.873817e+06 6.989134e-06
2.310130e+06 3.360318e-06
2.848036e+06 1.611623e-06
3.511192e+06 7.719119e-07
4.328761e+06 3.694695e-07
5.336699e+06 1.767877e-07
6.579332e+06 8.458015e-08
8.111308e+06 4.046377e-08
1.000000e+07 1.935803e-08
