1.000000e-02 5.211315e-03
1.232847e-02 5.511097e-03
1.519911e-02 5.828124e-03
1.873817e-02 6.163388e-03
2.310130e-02 6.517938e-03
2.848036e-02 6.892884e-03
3.511192e-02 7.289399e-03
4.328761e-02 7.708723e-03
5.336699e-02 8.152169e-03
6.579332e-02 8.621124e-03
8.111308e-02 9.117056e-03
1.000000e-01 9.641516e-03
1.232847e-01 1.019615e-02
1.519911e-01 1.078268e-02
1.873817e-01 1.140296e-02
2.310130e-01 1.205891e-02
2.848036e-01 1.275261e-02
3.511192e-01 1.348620e-02
4.328761e-01 1.426200e-02
5.336699e-01 1.508242e-02
6.579332e-01 1.595003e-02
8.111308e-01 1.686755e-02
1.000000e+00 1.783784e-02
1.232847e+00 1.886391e-02
1.519911e+00 1.994897e-02
1.873817e+00 2.109637e-02
2.310130e+00 2.230967e-02
2.848036e+00 2.359257e-02
3.511192e+00 2.494900e-02
4.328761e+00 2.638305e-02
5.336699e+00 2.789901e-02
6.579332e+00 2.950134e-02
8.111308e+00 3.119467e-02
1.000000e+01 3.298380e-02
1.232847e+01 3.487364e-02
1.519911e+01 3.686917e-02
1.873817e+01 3.897544e-02
2.310130e+01 4.119745e-02
2.848036e+01 4.354007e-02
3.511192e+01 4.600795e-02
4.328761e+01 4.860533e-02
5.336699e+01 5.133594e-02
6.579332e+01 5.420278e-02
8.111308e+01 5.720791e-02
1.000000e+02 6.035224e-02
1.232847e+02 6.363528e-02
1.519911e+02 6.705501e-02
1.873817e+02 7.060766e-02
2.310130e+02 7.428768e-02
2.848036e+02 7.808777e-02
3.511192e+02 8.199911e-02
4.328761e+02 8.601174e-02
5.336699e+02 9.011523e-02
6.579332e+02 9.429954e-02
8.111308e+02 9.855614e-02
1.000000e+03 1.028793e-01
1.232847e+03 1.072674e-01
1.519911e+03 1.117239e-01
1.873817e+03 1.162583e-01
2.310130e+03 1.208850e-01
2.848036e+03 1.256215e-01
3.511192e+03 1.304832e-01
4.328761e+03 1.354738e-01
5.336699e+03 1.405703e-01
6.579332e+03 1.456988e-01
8.111308e+03 1.506997e-01
1.000000e+04 1.552789e-01
1.232847e+04 1.589483e-01
1.519911e+04 1.609643e-01
1.873817e+04 1.602940e-01
2.310130e+04 1.556680e-01
2.848036e+04 1.458046e-01
3.511192e+04 1.298797e-01
4.328761e+04 1.081904e-01
5.336699e+04 8.269785e-02
6.579332e+04 5.689317e-02
8.111308e+04 3.463719e-02
1.000000e+05 1.846730e-02
1.232847e+05 8.626244e-03
1.519911e+05 3.578678e-03
1.873817e+05 1.351171e-03
2.310130e+05 4.776039e-04
2.848036e+05 1.620553e-04
3.511192e+05 5.374806e-05
4.328761e+05 1.762128e-05
5.336699e+05 5.745826e-06
6.579332e+05 1.869089e-06
8.111308e+05 6.074005e-07
1.000000e+06 1.973097e-07
1.232847e+06 6.408490e-08
1.519911e+06 2.081318e-08
1.873817e+06 6.759466e-09
2.310130e+06 2.195245e-09
2.848036e+06 7.129395e-10
3.511192e+06 2.315378e-10
4.328761e+06 7.519535e-11
5.336699e+06 2.442081e-11
6.579332e+06 7.931021e-12
8.111308e+06 2.575717e-12
1.000000e+07 8.365024e-13
