1.000000e-02 3.210879e-02
1.232847e-02 3.349952e-02
1.519911e-02 3.495050e-02
1.873817e-02 3.646432e-02
2.310130e-02 3.804371e-02
2.848036e-02 3.969150e-02
3.511192e-02 4.141067e-02
4.328761e-02 4.320430e-02
5.336699e-02 4.507562e-02
6.579332e-02 4.702800e-02
8.111308e-02 4.906493e-02
1.000000e-01 5.119010e-02
1.232847e-01 5.340731e-02
1.519911e-01 5.572055e-02
1.873817e-01 5.813399e-02
2.310130e-01 6.065196e-02
2.848036e-01 6.327898e-02
3.511192e-01 6.601972e-02
4.328761e-01 6.887900e-02
5.336699e-01 7.186165e-02
6.579332e-01 7.497236e-02
8.111308e-01 7.821536e-02
1.000000e+00 8.159392e-02
1.232847e+00 8.510966e-02
1.519911e+00 8.876156e-02
1.873817e+00 9.254464e-02
2.310130e+00 9.644837e-02
2.848036e+00 1.004547e-01
3.511192e+00 1.045356e-01
4.328761e+00 1.086509e-01
5.336699e+00 1.127454e-01
6.579332e+00 1.167465e-01
8.111308e+00 1.205622e-01
1.000000e+01 1.240801e-01
1.232847e+01 1.271675e-01
1.519911e+01 1.296744e-01
1.873817e+01 1.314378e-01
2.310130e+01 1.322903e-01
2.848036e+01 1.320709e-01
3.511192e+01 1.306387e-01
4.328761e+01 1.278882e-01
5.336699e+01 1.237644e-01
6.579332e+01 1.182757e-01
8.111308e+01 1.115021e-01
1.000000e+02 1.035964e-01
1.232847e+02 9.477811e-02
1.519911e+02 8.531946e-02
1.873817e+02 7.552466e-02
2.310130e+02 6.570599e-02
2.848036e+02 5.615916e-02
3.511192e+02 4.714176e-02
4.328761e+02 3.885726e-02
5.336699e+02 3.144608e-02
6.579332e+02 2.498416e-02
8.111308e+02 1.948772e-02
1.000000e+03 1.492297e-02
1.232847e+03 1.121829e-02
1.519911e+03 8.277406e-03
1.873817e+03 5.991806e-03
2.310130e+03 4.251270e-03
2.848036e+03 2.951880e-03
3.511192e+03 2.001146e-03
4.328761e+03 1.320391e-03
5.336699e+03 8.448732e-04
6.579332e+03 5.224104e-04
8.111308e+03 3.113661e-04
1.000000e+04 1.787884e-04
1.232847e+04 9.910504e-05
1.519911e+04 5.326649e-05
1.873817e+04 2.792382e-05
2.310130e+04 1.436675e-05
2.848036e+04 7.295098e-06
3.511192e+04 3.672176e-06
4.328761e+04 1.838386e-06
5.336699e+04 9.173054e-07
6.579332e+04 4.568301e-07
8.111308e+04 2.272594e-07
1.000000e+05 1.129867e-07
1.232847e+05 5.615537e-08
1.519911e+05 2.790484e-08
1.873817e+05 1.386526e-08
2.310130e+05 6.888992e-09
2.848036e+05 3.422730e-09
3.511192e+05 1.700530e-09
4.328761e+05 8.448760e-10
5.336699e+05 4.197593e-10
6.579332e+05 2.085484e-10
8.111308e+05 1.036127e-10
1.000000e+06 5.147772e-11
1.232847e+06 2.557557e-11
1.519911e+06 1.270665e-11
1.873817e+06 6.313019e-12
2.310130e+06 3.136484e-12
2.848036e+06 1.558292e-12
3.511192e+06 7.742030e-13
4.328761e+06 3.846456e-13
5.336699e+06 1.911026e-13
6.579332e+06 9.494510e-14
8.111308e+06 4.717137e-14
1.000000e+07 2.343605e-14
