1.000000e-02 5.124793e-02
1.232847e-02 5.224610e-02
1.519911e-02 5.326370e-02
1.873817e-02 5.430112e-02
2.310130e-02 5.535875e-02
2.848036e-02 5.643698e-02
3.511192e-02 5.753621e-02
4.328761e-02 5.865685e-02
5.336699e-02 5.979932e-02
6.579332e-02 6.096404e-02
8.111308e-02 6.215144e-02
1.000000e-01 6.336197e-02
1.232847e-01 6.459608e-02
1.519911e-01 6.585423e-02
1.873817e-01 6.713687e-02
2.310130e-01 6.844450e-02
2.848036e-01 6.977754e-02
3.511192e-01 7.113641e-02
4.328761e-01 7.252133e-02
5.336699e-01 7.393219e-02
6.579332e-01 7.536824e-02
8.111308e-01 7.682766e-02
1.000000e+00 7.830702e-02
1.232847e+00 7.980061e-02
1.519911e+00 8.129972e-02
1.873817e+00 8.279197e-02
2.310130e+00 8.426072e-02
2.848036e+00 8.568465e-02
3.511192e+00 8.703778e-02
4.328761e+00 8.828980e-02
5.336699e+00 8.940701e-02
6.579332e+00 9.035375e-02
8.111308e+00 9.109438e-02
1.000000e+01 9.159578e-02
1.232847e+01 9.182998e-02
1.519911e+01 9.177688e-02
1.873817e+01 9.142665e-02
2.310130e+01 9.078146e-02
2.848036e+01 8.985639e-02
3.511192e+01 8.867923e-02
4.328761e+01 8.728920e-02
5.336699e+01 8.573477e-02
6.579332e+01 8.407072e-02
8.111308e+01 8.235488e-02
1.000000e+02 8.064470e-02
1.232847e+02 7.899422e-02
1.519911e+02 7.745133e-02
1.873817e+02 7.605558e-02
2.310130e+02 7.483642e-02
2.848036e+02 7.381190e-02
3.511192e+02 7.298743e-02
4.328761e+02 7.235473e-02
5.336699e+02 7.189070e-02
6.579332e+02 7.155639e-02
8.111308e+02 7.129606e-02
1.000000e+03 7.103677e-02
1.232847e+03 7.068896e-02
1.519911e+03 7.014863e-02
1.873817e+03 6.930184e-02
2.310130e+03 6.803181e-02
2.848036e+03 6.622900e-02
3.511192e+03 6.380324e-02
4.328761e+03 6.069687e-02
5.336699e+03 5.689667e-02
6.579332e+03 5.244223e-02
8.111308e+03 4.742868e-02
1.000000e+04 4.200220e-02
1.232847e+04 3.634847e-02
1.519911e+04 3.067533e-02
1.873817e+04 2.519208e-02
2.310130e+04 2.008860e-02
2.848036e+04 1.551723e-02
3.511192e+04 1.158026e-02
4.328761e+04 8.324773e-03
5.336699e+04 5.745194e-03
6.579332e+04 3.792128e-03
8.111308e+04 2.384779e-03
1.000000e+05 1.424351e-03
1.232847e+05 8.067636e-04
1.519911e+05 4.339283e-04
1.873817e+05 2.226788e-04
2.310130e+05 1.098552e-04
2.848036e+05 5.257186e-05
3.511192e+05 2.461955e-05
4.328761e+05 1.136532e-05
5.336699e+05 5.200188e-06
6.579332e+05 2.366935e-06
8.111308e+05 1.074189e-06
1.000000e+06 4.867299e-07
1.232847e+06 2.203621e-07
1.519911e+06 9.972489e-08
1.873817e+06 4.512113e-08
2.310130e+06 2.041327e-08
2.848036e+06 9.234732e-09
3.511192e+06 4.177596e-09
4.328761e+06 1.889837e-09
5.336699e+06 8.549098e-10
6.579332e+06 3.867369e-10
8.111308e+06 1.749487e-10
1.000000e+07 7.914179e-11
