1.000000e-02 6.922642e-03
1.232847e-02 7.318140e-03
1.519911e-02 7.736234e-03
1.873817e-02 8.178213e-03
2.310130e-02 8.645444e-03
2.848036e-02 9.139367e-03
3.511192e-02 9.661509e-03
4.328761e-02 1.021348e-02
5.336699e-02 1.079699e-02
6.579332e-02 1.141383e-02
8.111308e-02 1.206592e-02
1.000000e-01 1.275526e-02
1.232847e-01 1.348398e-02
1.519911e-01 1.425433e-02
1.873817e-01 1.506870e-02
2.310130e-01 1.592959e-02
2.848036e-01 1.683967e-02
3.511192e-01 1.780174e-02
4.328761e-01 1.881877e-02
5.336699e-01 1.989390e-02
6.579332e-01 2.103046e-02
8.111308e-01 2.223195e-02
1.000000e+00 2.350207e-02
1.232847e+00 2.484473e-02
1.519911e+00 2.626407e-02
1.873817e+00 2.776443e-02
2.310130e+00 2.935038e-02
2.848036e+00 3.102675e-02
3.511192e+00 3.279855e-02
4.328761e+00 3.467103e-02
5.336699e+00 3.664965e-02
6.579332e+00 3.874001e-02
8.111308e+00 4.094783e-02
1.000000e+01 4.327891e-02
1.232847e+01 4.573895e-02
1.519911e+01 4.833351e-02
1.873817e+01 5.106780e-02
2.310130e+01 5.394645e-02
2.848036e+01 5.697329e-02
3.511192e+01 6.015095e-02
4.328761e+01 6.348050e-02
5.336699e+01 6.696094e-02
6.579332e+01 7.058865e-02
8.111308e+01 7.435677e-02
1.000000e+02 7.825447e-02
1.232847e+02 8.226619e-02
1.519911e+02 8.637093e-02
1.873817e+02 9.054143e-02
2.310130e+02 9.474356e-02
2.848036e+02 9.893576e-02
3.511192e+02 1.030688e-01
4.328761e+02 1.070856e-01
5.336699e+02 1.109219e-01
6.579332e+02 1.145068e-01
8.111308e+02 1.177643e-01
1.000000e+03 1.206150e-01
1.232847e+03 1.229781e-01
1.519911e+03 1.247743e-01
1.873817e+03 1.259282e-01
2.310130e+03 1.263712e-01
2.848036e+03 1.260441e-01
3.511192e+03 1.248991e-01
4.328761e+03 1.229028e-01
5.336699e+03 1.200369e-01
6.579332e+03 1.163007e-01
8.111308e+03 1.117118e-01
1.000000e+04 1.063077e-01
1.232847e+04 1.001469e-01
1.519911e+04 9.331052e-02
1.873817e+04 8.590301e-02
2.310130e+04 7.805266e-02
2.848036e+04 6.991043e-02
3.511192e+04 6.164657e-02
4.328761e+04 5.344435e-02
5.336699e+04 4.549070e-02
6.579332e+04 3.796426e-02
8.111308e+04 3.102206e-02
1.000000e+05 2.478712e-02
1.232847e+05 1.933946e-02
1.519911e+05 1.471250e-02
1.873817e+05 1.089540e-02
2.310130e+05 7.840215e-03
2.848036e+05 5.471692e-03
3.511192e+05 3.697353e-03
4.328761e+05 2.416483e-03
5.336699e+05 1.527767e-03
6.579332e+05 9.359348e-04
8.111308e+05 5.574108e-04
1.000000e+06 3.241842e-04
1.232847e+06 1.850396e-04
1.519911e+06 1.041571e-04
1.873817e+06 5.805922e-05
2.310130e+06 3.215411e-05
2.848036e+06 1.773486e-05
3.511192e+06 9.758020e-06
4.328761e+06 5.361735e-06
5.336699e+06 2.944057e-06
6.579332e+06 1.616035e-06
8.111308e+06 8.869671e-07
1.000000e+07 4.868052e-07
