1.000000e-02 1.143073e-02
1.232847e-02 1.204272e-02
1.519911e-02 1.268747e-02
1.873817e-02 1.336675e-02
2.310130e-02 1.408239e-02
2.848036e-02 1.483635e-02
3.511192e-02 1.563067e-02
4.328761e-02 1.646752e-02
5.336699e-02 1.734918e-02
6.579332e-02 1.827804e-02
8.111308e-02 1.925663e-02
1.000000e-01 2.028761e-02
1.232847e-01 2.137379e-02
1.519911e-01 2.251812e-02
1.873817e-01 2.372372e-02
2.310130e-01 2.499387e-02
2.848036e-01 2.633202e-02
3.511192e-01 2.774181e-02
4.328761e-01 2.922709e-02
5.336699e-01 3.079189e-02
6.579332e-01 3.244050e-02
8.111308e-01 3.417743e-02
1.000000e+00 3.600744e-02
1.232847e+00 3.793561e-02
1.519911e+00 3.996731e-02
1.873817e+00 4.210824e-02
2.310130e+00 4.436448e-02
2.848036e+00 4.674250e-02
3.511192e+00 4.924913e-02
4.328761e+00 5.189158e-02
5.336699e+00 5.467740e-02
6.579332e+00 5.761435e-02
8.111308e+00 6.071024e-02
1.000000e+01 6.397274e-02
1.232847e+01 6.740893e-02
1.519911e+01 7.102487e-02
1.873817e+01 7.482492e-02
2.310130e+01 7.881082e-02
2.848036e+01 8.298060e-02
3.511192e+01 8.732720e-02
4.328761e+01 9.183677e-02
5.336699e+01 9.648676e-02
6.579332e+01 1.012437e-01
8.111308e+01 1.060610e-01
1.000000e+02 1.108765e-01
1.232847e+02 1.156103e-01
1.519911e+02 1.201638e-01
1.873817e+02 1.244188e-01
2.310130e+02 1.282385e-01
2.848036e+02 1.314711e-01
3.511192e+02 1.339545e-01
4.328761e+02 1.355248e-01
5.336699e+02 1.360263e-01
6.579332e+02 1.353241e-01
8.111308e+02 1.333164e-01
1.000000e+03 1.299470e-01
1.232847e+03 1.252143e-01
1.519911e+03 1.191775e-01
1.873817e+03 1.119569e-01
2.310130e+03 1.037296e-01
2.848036e+03 9.472035e-02
3.511192e+03 8.518843e-02
4.328761e+03 7.541163e-02
5.336699e+03 6.566913e-02
6.579332e+03 5.622412e-02
8.111308e+03 4.730778e-02
1.000000e+04 3.910599e-02
1.232847e+04 3.175021e-02
1.519911e+04 2.531390e-02
1.873817e+04 1.981489e-02
2.310130e+04 1.522314e-02
2.848036e+04 1.147212e-02
3.511192e+04 8.471857e-03
4.328761e+04 6.121273e-03
5.336699e+04 4.318199e-03
6.579332e+04 2.966230e-03
8.111308e+04 1.978308e-03
1.000000e+05 1.277778e-03
1.232847e+05 7.980417e-04
1.519911e+05 4.820416e-04
1.873817e+05 2.822236e-04
2.310130e+05 1.608013e-04
2.848036e+05 8.961381e-05
3.511192e+05 4.910625e-05
4.328761e+05 2.658511e-05
5.336699e+05 1.427424e-05
6.579332e+05 7.623036e-06
8.111308e+05 4.057269e-06
1.000000e+06 2.154994e-06
1.232847e+06 1.143219e-06
1.519911e+06 6.060487e-07
1.873817e+06 3.211536e-07
2.310130e+06 1.701463e-07
2.848036e+06 9.013229e-08
3.511192e+06 4.774319e-08
4.328761e+06 2.528884e-08
5.336699e+06 1.339491e-08
6.579332e+06 7.094932e-09
8.111308e+06 3.757991e-09
1.000000e+07 1.990504e-09
