1.000000e-02 2.097667e-02
1.232847e-02 2.193470e-02
1.519911e-02 2.293650e-02
1.873817e-02 2.398404e-02
2.310130e-02 2.507943e-02
2.848036e-02 2.622485e-02
3.511192e-02 2.742258e-02
4.328761e-02 2.867501e-02
5.336699e-02 2.998464e-02
6.579332e-02 3.135409e-02
8.111308e-02 3.278608e-02
1.000000e-01 3.428347e-02
1.232847e-01 3.584925e-02
1.519911e-01 3.748655e-02
1.873817e-01 3.919862e-02
2.310130e-01 4.098888e-02
2.848036e-01 4.286090e-02
3.511192e-01 4.481841e-02
4.328761e-01 4.686528e-02
5.336699e-01 4.900552e-02
6.579332e-01 5.124325e-02
8.111308e-01 5.358263e-02
1.000000e+00 5.602775e-02
1.232847e+00 5.858252e-02
1.519911e+00 6.125042e-02
1.873817e+00 6.403432e-02
2.310130e+00 6.693611e-02
2.848036e+00 6.995639e-02
3.511192e+00 7.309399e-02
4.328761e+00 7.634558e-02
5.336699e+00 7.970514e-02
6.579332e+00 8.316350e-02
8.111308e+00 8.670786e-02
1.000000e+01 9.032131e-02
1.232847e+01 9.398253e-02
1.519911e+01 9.766537e-02
1.873817e+01 1.013387e-01
2.310130e+01 1.049661e-01
2.848036e+01 1.085060e-01
3.511192e+01 1.119115e-01
4.328761e+01 1.151302e-01
5.336699e+01 1.181045e-01
6.579332e+01 1.207716e-01
8.111308e+01 1.230638e-01
1.000000e+02 1.249091e-01
1.232847e+02 1.262322e-01
1.519911e+02 1.269562e-01
1.873817e+02 1.270051e-01
2.310130e+02 1.263074e-01
2.848036e+02 1.247989e-01
3.511192e+02 1.224258e-01
4.328761e+02 1.191442e-01
5.336699e+02 1.149140e-01
6.579332e+02 1.096859e-01
8.111308e+02 1.033778e-01
1.000000e+03 9.584876e-02
1.232847e+03 8.688213e-02
1.519911e+03 7.621642e-02
1.873817e+03 6.368219e-02
2.310130e+03 4.950148e-02
2.848036e+03 3.467940e-02
3.511192e+03 2.110213e-02
4.328761e+03 1.079187e-02
5.336699e+03 4.574876e-03
6.579332e+03 1.634101e-03
8.111308e+03 5.124863e-04
1.000000e+04 1.479525e-04
1.232847e+04 4.082731e-05
1.519911e+04 1.102510e-05
1.873817e+04 2.949624e-06
2.310130e+04 7.862365e-07
2.848036e+04 2.092922e-07
3.511192e+04 5.568645e-08
4.328761e+04 1.481423e-08
5.336699e+04 3.940828e-09
6.579332e+04 1.048309e-09
8.111308e+04 2.788618e-10
1.000000e+05 7.418026e-11
1.232847e+05 1.973274e-11
1.519911e+05 5.249120e-12
1.873817e+05 1.396322e-12
2.310130e+05 3.714366e-13
2.848036e+05 9.880608e-14
3.511192e+05 2.628347e-14
4.328761e+05 6.991684e-15
5.336699e+05 1.859863e-15
6.579332e+05 4.947433e-16
8.111308e+05 1.316070e-16
1.000000e+06 3.500886e-17
1.232847e+06 9.312731e-18
1.519911e+06 2.477286e-18
1.873817e+06 6.589844e-19
2.310130e+06 1.752969e-19
2.848036e+06 4.663084e-20
3.511192e+06 1.240430e-20
4.328761e+06 3.299676e-21
5.336699e+06 8.777491e-22
6.579332e+06 2.334906e-22
8.111308e+06 6.211100e-23
1.000000e+07 1.652219e-23
