1.000000e-02 7.164556e-02
1.232847e-02 7.287660e-02
1.519911e-02 7.412878e-02
1.873817e-02 7.540248e-02
2.310130e-02 7.669806e-02
2.848036e-02 7.801591e-02
3.511192e-02 7.935639e-02
4.328761e-02 8.071991e-02
5.336699e-02 8.210686e-02
6.579332e-02 8.351764e-02
8.111308e-02 8.495266e-02
1.000000e-01 8.641234e-02
1.232847e-01 8.789710e-02
1.519911e-01 8.940737e-02
1.873817e-01 9.094358e-02
2.310130e-01 9.250618e-02
2.848036e-01 9.409555e-02
3.511192e-01 9.571199e-02
4.328761e-01 9.735550e-02
5.336699e-01 9.902548e-02
6.579332e-01 1.007202e-01
8.111308e-01 1.024361e-01
1.000000e+00 1.041665e-01
1.232847e+00 1.059007e-01
1.519911e+00 1.076221e-01
1.873817e+00 1.093069e-01
2.310130e+00 1.109226e-01
2.848036e+00 1.124267e-01
3.511192e+00 1.137657e-01
4.328761e+00 1.148756e-01
5.336699e+00 1.156824e-01
6.579332e+00 1.161046e-01
8.111308e+00 1.160564e-01
1.000000e+01 1.154524e-01
1.232847e+01 1.142137e-01
1.519911e+01 1.122746e-01
1.873817e+01 1.095893e-01
2.310130e+01 1.061382e-01
2.848036e+01 1.019327e-01
3.511192e+01 9.701783e-02
4.328761e+01 9.147183e-02
5.336699e+01 8.540267e-02
6.579332e+01 7.894170e-02
8.111308e+01 7.223507e-02
1.000000e+02 6.543400e-02
1.232847e+02 5.868509e-02
1.519911e+02 5.212178e-02
1.873817e+02 4.585779e-02
2.310130e+02 3.998304e-02
2.848036e+02 3.456203e-02
3.511192e+02 2.963440e-02
4.328761e+02 2.521720e-02
5.336699e+02 2.130828e-02
6.579332e+02 1.789014e-02
8.111308e+02 1.493393e-02
1.000000e+03 1.240311e-02
1.232847e+03 1.025668e-02
1.519911e+03 8.451820e-03
1.873817e+03 6.945992e-03
2.310130e+03 5.698430e-03
2.848036e+03 4.671202e-03
3.511192e+03 3.829849e-03
4.328761e+03 3.143706e-03
5.336699e+03 2.585964e-03
6.579332e+03 2.133550e-03
8.111308e+03 1.766876e-03
1.000000e+04 1.469511e-03
1.232847e+04 1.227814e-03
1.519911e+04 1.030556e-03
1.873817e+04 8.685663e-04
2.310130e+04 7.344014e-04
2.848036e+04 6.220665e-04
3.511192e+04 5.267798e-04
4.328761e+04 4.447883e-04
5.336699e+04 3.732282e-04
6.579332e+04 3.100235e-04
8.111308e+04 2.538023e-04
1.000000e+05 2.038092e-04
1.232847e+05 1.597816e-04
1.519911e+05 1.217717e-04
1.873817e+05 8.992037e-05
2.310130e+05 6.422512e-05
2.848036e+05 4.437719e-05
3.511192e+05 2.972599e-05
4.328761e+05 1.937444e-05
5.336699e+05 1.234332e-05
6.579332e+05 7.723812e-06
8.111308e+05 4.768303e-06
1.000000e+06 2.915192e-06
1.232847e+06 1.770253e-06
1.519911e+06 1.070123e-06
1.873817e+06 6.449870e-07
2.310130e+06 3.880257e-07
2.848036e+06 2.331727e-07
3.511192e+06 1.400252e-07
4.328761e+06 8.405708e-08
5.336699e+06 5.044983e-08
6.579332e+06 3.027664e-08
8.111308e+06 1.816946e-08
1.000000e+07 1.090370e-08
