1.000000e-02 6.999207e-03
1.232847e-02 7.379601e-03
1.519911e-02 7.780669e-03
1.873817e-02 8.203534e-03
2.310130e-02 8.649381e-03
2.848036e-02 9.119459e-03
3.511192e-02 9.615085e-03
4.328761e-02 1.013765e-02
5.336699e-02 1.068861e-02
6.579332e-02 1.126952e-02
8.111308e-02 1.188199e-02
1.000000e-01 1.252776e-02
1.232847e-01 1.320862e-02
1.519911e-01 1.392648e-02
1.873817e-01 1.468336e-02
2.310130e-01 1.548138e-02
2.848036e-01 1.632276e-02
3.511192e-01 1.720987e-02
4.328761e-01 1.814520e-02
5.336699e-01 1.913136e-02
6.579332e-01 2.017113e-02
8.111308e-01 2.126741e-02
1.000000e+00 2.242330e-02
1.232847e+00 2.364206e-02
1.519911e+00 2.492714e-02
1.873817e+00 2.628221e-02
2.310130e+00 2.771115e-02
2.848036e+00 2.921812e-02
3.511192e+00 3.080754e-02
4.328761e+00 3.248416e-02
5.336699e+00 3.425306e-02
6.579332e+00 3.611970e-02
8.111308e+00 3.808996e-02
1.000000e+01 4.017017e-02
1.232847e+01 4.236711e-02
1.519911e+01 4.468808e-02
1.873817e+01 4.714086e-02
2.310130e+01 4.973370e-02
2.848036e+01 5.247529e-02
3.511192e+01 5.537461e-02
4.328761e+01 5.844085e-02
5.336699e+01 6.168312e-02
6.579332e+01 6.511016e-02
8.111308e+01 6.872990e-02
1.000000e+02 7.254887e-02
1.232847e+02 7.657148e-02
1.519911e+02 8.079908e-02
1.873817e+02 8.522878e-02
2.310130e+02 8.985210e-02
2.848036e+02 9.465330e-02
3.511192e+02 9.960756e-02
4.328761e+02 1.046789e-01
5.336699e+02 1.098181e-01
6.579332e+02 1.149604e-01
8.111308e+02 1.200235e-01
1.000000e+03 1.249061e-01
1.232847e+03 1.294868e-01
1.519911e+03 1.336242e-01
1.873817e+03 1.371582e-01
2.310130e+03 1.399135e-01
2.848036e+03 1.417046e-01
3.511192e+03 1.423444e-01
4.328761e+03 1.416551e-01
5.336699e+03 1.394818e-01
6.579332e+03 1.357091e-01
8.111308e+03 1.302788e-01
1.000000e+04 1.232075e-01
1.232847e+04 1.146015e-01
1.519911e+04 1.046655e-01
1.873817e+04 9.370157e-02
2.310130e+04 8.209580e-02
2.848036e+04 7.029000e-02
3.511192e+04 5.874122e-02
4.328761e+04 4.787445e-02
5.336699e+04 3.803708e-02
6.579332e+04 2.946499e-02
8.111308e+04 2.226780e-02
1.000000e+05 1.643564e-02
1.232847e+05 1.186374e-02
1.519911e+05 8.386699e-03
1.873817e+05 5.813100e-03
2.310130e+05 3.953414e-03
2.848036e+05 2.638072e-03
3.511192e+05 1.725946e-03
4.328761e+05 1.105618e-03
5.336699e+05 6.923502e-04
6.579332e+05 4.232846e-04
8.111308e+05 2.525632e-04
1.000000e+06 1.472218e-04
1.232847e+06 8.403928e-05
1.519911e+06 4.714100e-05
1.873817e+06 2.608623e-05
2.310130e+06 1.429367e-05
2.848036e+06 7.779982e-06
3.511192e+06 4.216811e-06
4.328761e+06 2.279923e-06
5.336699e+06 1.231085e-06
6.579332e+06 6.643449e-07
8.111308e+06 3.584301e-07
1.000000e+07 1.933737e-07
