1.000000e-02 8.454654e-03
1.232847e-02 8.927247e-03
1.519911e-02 9.426257e-03
1.873817e-02 9.953161e-03
2.310130e-02 1.050952e-02
2.848036e-02 1.109697e-02
3.511192e-02 1.171726e-02
4.328761e-02 1.237223e-02
5.336699e-02 1.306380e-02
6.579332e-02 1.379404e-02
8.111308e-02 1.456509e-02
1.000000e-01 1.537924e-02
1.232847e-01 1.623890e-02
1.519911e-01 1.714661e-02
1.873817e-01 1.810506e-02
2.310130e-01 1.911709e-02
2.848036e-01 2.018569e-02
3.511192e-01 2.131401e-02
4.328761e-01 2.250541e-02
5.336699e-01 2.376340e-02
6.579332e-01 2.509171e-02
8.111308e-01 2.649426e-02
1.000000e+00 2.797519e-02
1.232847e+00 2.953887e-02
1.519911e+00 3.118989e-02
1.873817e+00 3.293307e-02
2.310130e+00 3.477346e-02
2.848036e+00 3.671635e-02
3.511192e+00 3.876720e-02
4.328761e+00 4.093166e-02
5.336699e+00 4.321549e-02
6.579332e+00 4.562450e-02
8.111308e+00 4.816443e-02
1.000000e+01 5.084083e-02
1.232847e+01 5.365885e-02
1.519911e+01 5.662302e-02
1.873817e+01 5.973694e-02
2.310130e+01 6.300288e-02
2.848036e+01 6.642133e-02
3.511192e+01 6.999044e-02
4.328761e+01 7.370539e-02
5.336699e+01 7.755760e-02
6.579332e+01 8.153396e-02
8.111308e+01 8.561590e-02
1.000000e+02 8.977851e-02
1.232847e+02 9.398962e-02
1.519911e+02 9.820906e-02
1.873817e+02 1.023880e-01
2.310130e+02 1.064688e-01
2.848036e+02 1.103849e-01
3.511192e+02 1.140619e-01
4.328761e+02 1.174183e-01
5.336699e+02 1.203681e-01
6.579332e+02 1.228233e-01
8.111308e+02 1.246971e-01
1.000000e+03 1.259078e-01
1.232847e+03 1.263827e-01
1.519911e+03 1.260620e-01
1.873817e+03 1.249017e-01
2.310130e+03 1.228763e-01
2.848036e+03 1.199802e-01
3.511192e+03 1.162279e-01
4.328761e+03 1.116534e-01
5.336699e+03 1.063093e-01
6.579332e+03 1.002644e-01
8.111308e+03 9.360270e-02
1.000000e+04 8.642152e-02
1.232847e+04 7.883093e-02
1.519911e+04 7.095344e-02
1.873817e+04 6.292397e-02
2.310130e+04 5.488937e-02
2.848036e+04 4.700628e-02
3.511192e+04 3.943649e-02
4.328761e+04 3.233867e-02
5.336699e+04 2.585681e-02
6.579332e+04 2.010692e-02
8.111308e+04 1.516524e-02
1.000000e+05 1.106093e-02
1.232847e+05 7.775569e-03
1.519911e+05 5.249046e-03
1.873817e+05 3.389869e-03
2.310130e+05 2.087166e-03
2.848036e+05 1.222602e-03
3.511192e+05 6.815210e-04
4.328761e+05 3.627380e-04
5.336699e+05 1.855052e-04
6.579332e+05 9.189522e-05
8.111308e+05 4.446856e-05
1.000000e+06 2.117651e-05
1.232847e+06 9.981570e-06
1.519911e+06 4.675717e-06
1.873817e+06 2.182463e-06
2.310130e+06 1.016699e-06
2.848036e+06 4.731377e-07
3.511192e+06 2.200669e-07
4.328761e+06 1.023322e-07
5.336699e+06 4.757965e-08
6.579332e+06 2.212129e-08
8.111308e+06 1.028474e-08
1.000000e+07 4.781625e-09
