1.000000e-02 1.008048e-02
1.232847e-02 1.062868e-02
1.519911e-02 1.120668e-02
1.873817e-02 1.181612e-02
2.310130e-02 1.245869e-02
2.848036e-02 1.313622e-02
3.511192e-02 1.385058e-02
4.328761e-02 1.460380e-02
5.336699e-02 1.539798e-02
6.579332e-02 1.623534e-02
8.111308e-02 1.711825e-02
1.000000e-01 1.804916e-02
1.232847e-01 1.903070e-02
1.519911e-01 2.006562e-02
1.873817e-01 2.115682e-02
2.310130e-01 2.230736e-02
2.848036e-01 2.352047e-02
3.511192e-01 2.479955e-02
4.328761e-01 2.614818e-02
5.336699e-01 2.757016e-02
6.579332e-01 2.906945e-02
8.111308e-01 3.065027e-02
1.000000e+00 3.231702e-02
1.232847e+00 3.407435e-02
1.519911e+00 3.592713e-02
1.873817e+00 3.788042e-02
2.310130e+00 3.993954e-02
2.848036e+00 4.210995e-02
3.511192e+00 4.439727e-02
4.328761e+00 4.680718e-02
5.336699e+00 4.934536e-02
6.579332e+00 5.201735e-02
8.111308e+00 5.482838e-02
1.000000e+01 5.778315e-02
1.232847e+01 6.088554e-02
1.519911e+01 6.413825e-02
1.873817e+01 6.754235e-02
2.310130e+01 7.109671e-02
2.848036e+01 7.479734e-02
3.511192e+01 7.863666e-02
4.328761e+01 8.260254e-02
5.336699e+01 8.667744e-02
6.579332e+01 9.083728e-02
8.111308e+01 9.505046e-02
1.000000e+02 9.927686e-02
1.232847e+02 1.034670e-01
1.519911e+02 1.075614e-01
1.873817e+02 1.114905e-01
2.310130e+02 1.151752e-01
2.848036e+02 1.185276e-01
3.511192e+02 1.214531e-01
4.328761e+02 1.238536e-01
5.336699e+02 1.256305e-01
6.579332e+02 1.266898e-01
8.111308e+02 1.269467e-01
1.000000e+03 1.263310e-01
1.232847e+03 1.247920e-01
1.519911e+03 1.223031e-01
1.873817e+03 1.188641e-01
2.310130e+03 1.145033e-01
2.848036e+03 1.092771e-01
3.511192e+03 1.032677e-01
4.328761e+03 9.658016e-02
5.336699e+03 8.933858e-02
6.579332e+03 8.168171e-02
8.111308e+03 7.375898e-02
1.000000e+04 6.572650e-02
1.232847e+04 5.774274e-02
1.519911e+04 4.996352e-02
1.873817e+04 4.253600e-02
2.310130e+04 3.559180e-02
2.848036e+04 2.923993e-02
3.511192e+04 2.356055e-02
4.328761e+04 1.860074e-02
5.336699e+04 1.437319e-02
6.579332e+04 1.085824e-02
8.111308e+04 8.009126e-03
1.000000e+05 5.759311e-03
1.232847e+05 4.030505e-03
1.519911e+05 2.740020e-03
1.873817e+05 1.806516e-03
2.310130e+05 1.153986e-03
2.848036e+05 7.143627e-04
3.511192e+05 4.292892e-04
4.328761e+05 2.512494e-04
5.336699e+05 1.438348e-04
6.579332e+05 8.092521e-05
8.111308e+05 4.494874e-05
1.000000e+06 2.474148e-05
1.232847e+06 1.353637e-05
1.519911e+06 7.377114e-06
1.873817e+06 4.010724e-06
2.310130e+06 2.177371e-06
2.848036e+06 1.181084e-06
3.511192e+06 6.403674e-07
4.328761e+06 3.471140e-07
5.336699e+06 1.881325e-07
6.579332e+06 1.019608e-07
8.111308e+06 5.525796e-08
1.000000e+07 2.994713e-08
