1.000000e-02 1.401604e-02
1.232847e-02 1.475365e-02
1.519911e-02 1.553009e-02
1.873817e-02 1.634739e-02
2.310130e-02 1.720770e-02
2.848036e-02 1.811328e-02
3.511192e-02 1.906653e-02
4.328761e-02 2.006993e-02
5.336699e-02 2.112615e-02
6.579332e-02 2.223795e-02
8.111308e-02 2.340826e-02
1.000000e-01 2.464016e-02
1.232847e-01 2.593689e-02
1.519911e-01 2.730187e-02
1.873817e-01 2.873867e-02
2.310130e-01 3.025110e-02
2.848036e-01 3.184311e-02
3.511192e-01 3.351892e-02
4.328761e-01 3.528292e-02
5.336699e-01 3.713979e-02
6.579332e-01 3.909443e-02
8.111308e-01 4.115206e-02
1.000000e+00 4.331821e-02
1.232847e+00 4.559878e-02
1.519911e+00 4.800006e-02
1.873817e+00 5.052881e-02
2.310130e+00 5.319225e-02
2.848036e+00 5.599815e-02
3.511192e+00 5.895473e-02
4.328761e+00 6.207068e-02
5.336699e+00 6.535498e-02
6.579332e+00 6.881668e-02
8.111308e+00 7.246451e-02
1.000000e+01 7.630632e-02
1.232847e+01 8.034831e-02
1.519911e+01 8.459385e-02
1.873817e+01 8.904211e-02
2.310130e+01 9.368617e-02
2.848036e+01 9.851068e-02
3.511192e+01 1.034891e-01
4.328761e+01 1.085804e-01
5.336699e+01 1.137256e-01
6.579332e+01 1.188440e-01
8.111308e+01 1.238299e-01
1.000000e+02 1.285500e-01
1.232847e+02 1.328428e-01
1.519911e+02 1.365199e-01
1.873817e+02 1.393715e-01
2.310130e+02 1.411761e-01
2.848036e+02 1.417143e-01
3.511192e+02 1.407885e-01
4.328761e+02 1.382436e-01
5.336699e+02 1.339899e-01
6.579332e+02 1.280214e-01
8.111308e+02 1.204288e-01
1.000000e+03 1.114015e-01
1.232847e+03 1.012192e-01
1.519911e+03 9.023199e-02
1.873817e+03 7.883236e-02
2.310130e+03 6.742292e-02
2.848036e+03 5.638427e-02
3.511192e+03 4.604734e-02
4.328761e+03 3.667268e-02
5.336699e+03 2.843805e-02
6.579332e+03 2.143465e-02
8.111308e+03 1.567168e-02
1.000000e+04 1.108814e-02
1.232847e+04 7.570047e-03
1.519911e+04 4.970007e-03
1.873817e+04 3.125917e-03
2.310130e+04 1.876381e-03
2.848036e+04 1.071871e-03
3.511192e+04 5.822338e-04
4.328761e+04 3.014269e-04
5.336699e+04 1.495632e-04
6.579332e+04 7.169579e-05
8.111308e+04 3.349613e-05
1.000000e+05 1.537459e-05
1.232847e+05 6.977162e-06
1.519911e+05 3.144699e-06
1.873817e+05 1.411812e-06
2.310130e+05 6.324740e-07
2.848036e+05 2.830195e-07
3.511192e+05 1.265721e-07
4.328761e+05 5.658923e-08
5.336699e+05 2.529694e-08
6.579332e+05 1.130765e-08
8.111308e+05 5.054322e-09
1.000000e+06 2.259159e-09
1.232847e+06 1.009782e-09
1.519911e+06 4.513431e-10
1.873817e+06 2.017370e-10
2.310130e+06 9.017038e-11
2.848036e+06 4.030345e-11
3.511192e+06 1.801442e-11
4.328761e+06 8.051904e-12
5.336699e+06 3.598958e-12
6.579332e+06 1.608625e-12
8.111308e+06 7.190070e-13
1.000000e+07 3.213744e-13
