1.000000e-02 3.676178e-02
1.232847e-02 3.778239e-02
1.519911e-02 3.883133e-02
1.873817e-02 3.990939e-02
2.310130e-02 4.101738e-02
2.848036e-02 4.215614e-02
3.511192e-02 4.332651e-02
4.328761e-02 4.452937e-02
5.336699e-02 4.576562e-02
6.579332e-02 4.703620e-02
8.111308e-02 4.834206e-02
1.000000e-01 4.968416e-02
1.232847e-01 5.106353e-02
1.519911e-01 5.248119e-02
1.873817e-01 5.393821e-02
2.310130e-01 5.543568e-02
2.848036e-01 5.697470e-02
3.511192e-01 5.855639e-02
4.328761e-01 6.018180e-02
5.336699e-01 6.185189e-02
6.579332e-01 6.356728e-02
8.111308e-01 6.532815e-02
1.000000e+00 6.713383e-02
1.232847e+00 6.898244e-02
1.519911e+00 7.087041e-02
1.873817e+00 7.279191e-02
2.310130e+00 7.473826e-02
2.848036e+00 7.669738e-02
3.511192e+00 7.865321e-02
4.328761e+00 8.058534e-02
5.336699e+00 8.246880e-02
6.579332e+00 8.427404e-02
8.111308e+00 8.596739e-02
1.000000e+01 8.751178e-02
1.232847e+01 8.886796e-02
1.519911e+01 8.999611e-02
1.873817e+01 9.085783e-02
2.310130e+01 9.141842e-02
2.848036e+01 9.164921e-02
3.511192e+01 9.152980e-02
4.328761e+01 9.104999e-02
5.336699e+01 9.021115e-02
6.579332e+01 8.902678e-02
8.111308e+01 8.752237e-02
1.000000e+02 8.573427e-02
1.232847e+02 8.370791e-02
1.519911e+02 8.149542e-02
1.873817e+02 7.915288e-02
2.310130e+02 7.673755e-02
2.848036e+02 7.430521e-02
3.511192e+02 7.190788e-02
4.328761e+02 6.959199e-02
5.336699e+02 6.739701e-02
6.579332e+02 6.535462e-02
8.111308e+02 6.348811e-02
1.000000e+03 6.181213e-02
1.232847e+03 6.033243e-02
1.519911e+03 5.904549e-02
1.873817e+03 5.793803e-02
2.310130e+03 5.698607e-02
2.848036e+03 5.615382e-02
3.511192e+03 5.539216e-02
4.328761e+03 5.463729e-02
5.336699e+03 5.380973e-02
6.579332e+03 5.281452e-02
8.111308e+03 5.154365e-02
1.000000e+04 4.988175e-02
1.232847e+04 4.771658e-02
1.519911e+04 4.495466e-02
1.873817e+04 4.154157e-02
2.310130e+04 3.748398e-02
2.848036e+04 3.286789e-02
3.511192e+04 2.786548e-02
4.328761e+04 2.272342e-02
5.336699e+04 1.772999e-02
6.579332e+04 1.316652e-02
8.111308e+04 9.256399e-03
1.000000e+05 6.127789e-03
1.232847e+05 3.800685e-03
1.519911e+05 2.199767e-03
1.873817e+05 1.186161e-03
2.310130e+05 5.972587e-04
2.848036e+05 2.828110e-04
3.511192e+05 1.273313e-04
4.328761e+05 5.521080e-05
5.336699e+05 2.333284e-05
6.579332e+05 9.703307e-06
8.111308e+05 3.997557e-06
1.000000e+06 1.638458e-06
1.232847e+06 6.697525e-07
1.519911e+06 2.734109e-07
1.873817e+06 1.115426e-07
2.310130e+06 4.549224e-08
2.848036e+06 1.855138e-08
3.511192e+06 7.564666e-09
4.328761e+06 3.084557e-09
5.336699e+06 1.257742e-09
6.579332e+06 5.128485e-10
8.111308e+06 2.091154e-10
1.000000e+07 8.526737e-11
