1.000000e-02 9.406372e-04
1.232847e-02 1.030451e-03
1.519911e-02 1.128840e-03
1.873817e-02 1.236623e-03
2.310130e-02 1.354698e-03
2.848036e-02 1.484047e-03
3.511192e-02 1.625746e-03
4.328761e-02 1.780975e-03
5.336699e-02 1.951025e-03
6.579332e-02 2.137312e-03
8.111308e-02 2.341386e-03
1.000000e-01 2.564945e-03
1.232847e-01 2.809850e-03
1.519911e-01 3.078139e-03
1.873817e-01 3.372045e-03
2.310130e-01 3.694013e-03
2.848036e-01 4.046723e-03
3.511192e-01 4.433111e-03
4.328761e-01 4.856394e-03
5.336699e-01 5.320096e-03
6.579332e-01 5.828083e-03
8.111308e-01 6.384596e-03
1.000000e+00 6.994296e-03
1.232847e+00 7.662309e-03
1.519911e+00 8.394289e-03
1.873817e+00 9.196487e-03
2.310130e+00 1.007584e-02
2.848036e+00 1.104006e-02
3.511192e+00 1.209776e-02
4.328761e+00 1.325862e-02
5.336699e+00 1.453350e-02
6.579332e+00 1.593465e-02
8.111308e+00 1.747586e-02
1.000000e+01 1.917270e-02
1.232847e+01 2.104262e-02
1.519911e+01 2.310506e-02
1.873817e+01 2.538145e-02
2.310130e+01 2.789501e-02
2.848036e+01 3.067025e-02
3.511192e+01 3.373204e-02
4.328761e+01 3.710414e-02
5.336699e+01 4.080684e-02
6.579332e+01 4.485355e-02
8.111308e+01 4.924620e-02
1.000000e+02 5.396912e-02
1.232847e+02 5.898167e-02
1.519911e+02 6.421003e-02
1.873817e+02 6.953912e-02
2.310130e+02 7.480673e-02
2.848036e+02 7.980223e-02
3.511192e+02 8.427339e-02
4.328761e+02 8.794391e-02
5.336699e+02 9.054309e-02
6.579332e+02 9.184547e-02
8.111308e+02 9.171406e-02
1.000000e+03 9.013705e-02
1.232847e+03 8.724691e-02
1.519911e+03 8.331432e-02
1.873817e+03 7.871711e-02
2.310130e+03 7.389313e-02
2.848036e+03 6.929218e-02
3.511192e+03 6.534259e-02
4.328761e+03 6.244441e-02
5.336699e+03 6.099565e-02
6.579332e+03 6.145674e-02
8.111308e+03 6.446295e-02
1.000000e+04 7.100844e-02
1.232847e+04 8.274747e-02
1.519911e+04 1.024752e-01
1.873817e+04 1.347884e-01
2.310130e+04 1.864741e-01
2.848036e+04 2.643223e-01
3.511192e+04 3.631940e-01
4.328761e+04 4.359021e-01
5.336699e+04 3.855166e-01
6.579332e+04 2.049773e-01
8.111308e+04 5.998715e-02
1.000000e+05 1.114993e-02
1.232847e+05 1.642036e-03
1.519911e+05 2.211765e-04
1.873817e+05 2.897922e-05
2.310130e+05 3.769423e-06
2.848036e+05 4.894785e-07
3.511192e+05 6.353909e-08
4.328761e+05 8.247447e-09
5.336699e+05 1.070516e-09
6.579332e+05 1.389523e-10
8.111308e+05 1.803591e-11
1.000000e+06 2.341049e-12
1.232847e+06 3.038666e-13
1.519911e+06 3.944168e-14
1.873817e+06 5.119504e-15
2.310130e+06 6.645082e-16
2.848036e+06 8.625272e-17
3.511192e+06 1.119555e-17
4.328761e+06 1.453174e-18
5.336699e+06 1.886210e-19
6.579332e+06 2.448288e-20
8.111308e+06 3.177862e-21
1.000000e+07 4.124844e-22
