1.000000e-02 9.169639e-03
1.232847e-02 9.680386e-03
1.519911e-02 1.021958e-02
1.873817e-02 1.078881e-02
2.310130e-02 1.138975e-02
2.848036e-02 1.202415e-02
3.511192e-02 1.269390e-02
4.328761e-02 1.340095e-02
5.336699e-02 1.414738e-02
6.579332e-02 1.493538e-02
8.111308e-02 1.576728e-02
1.000000e-01 1.664552e-02
1.232847e-01 1.757267e-02
1.519911e-01 1.855146e-02
1.873817e-01 1.958478e-02
2.310130e-01 2.067565e-02
2.848036e-01 2.182728e-02
3.511192e-01 2.304305e-02
4.328761e-01 2.432655e-02
5.336699e-01 2.568155e-02
6.579332e-01 2.711204e-02
8.111308e-01 2.862224e-02
1.000000e+00 3.021663e-02
1.232847e+00 3.189996e-02
1.519911e+00 3.367728e-02
1.873817e+00 3.555395e-02
2.310130e+00 3.753570e-02
2.848036e+00 3.962863e-02
3.511192e+00 4.183923e-02
4.328761e+00 4.417441e-02
5.336699e+00 4.664147e-02
6.579332e+00 4.924811e-02
8.111308e+00 5.200230e-02
1.000000e+01 5.491221e-02
1.232847e+01 5.798601e-02
1.519911e+01 6.123160e-02
1.873817e+01 6.465624e-02
2.310130e+01 6.826600e-02
2.848036e+01 7.206511e-02
3.511192e+01 7.605509e-02
4.328761e+01 8.023365e-02
5.336699e+01 8.459337e-02
6.579332e+01 8.912013e-02
8.111308e+01 9.379139e-02
1.000000e+02 9.857415e-02
1.232847e+02 1.034230e-01
1.519911e+02 1.082781e-01
1.873817e+02 1.130637e-01
2.310130e+02 1.176865e-01
2.848036e+02 1.220363e-01
3.511192e+02 1.259861e-01
4.328761e+02 1.293956e-01
5.336699e+02 1.321157e-01
6.579332e+02 1.339950e-01
8.111308e+02 1.348887e-01
1.000000e+03 1.346689e-01
1.232847e+03 1.332351e-01
1.519911e+03 1.305254e-01
1.873817e+03 1.265250e-01
2.310130e+03 1.212730e-01
2.848036e+03 1.148645e-01
3.511192e+03 1.074485e-01
4.328761e+03 9.922061e-02
5.336699e+03 9.041169e-02
6.579332e+03 8.127274e-02
8.111308e+03 7.205832e-02
1.000000e+04 6.301010e-02
1.232847e+04 5.434226e-02
1.519911e+04 4.623042e-02
1.873817e+04 3.880475e-02
2.310130e+04 3.214785e-02
2.848036e+04 2.629684e-02
3.511192e+04 2.124884e-02
4.328761e+04 1.696872e-02
5.336699e+04 1.339776e-02
6.579332e+04 1.046236e-02
8.111308e+04 8.081799e-03
1.000000e+05 6.174665e-03
1.232847e+05 4.663665e-03
1.519911e+05 3.478767e-03
1.873817e+05 2.558859e-03
2.310130e+05 1.852188e-03
2.848036e+05 1.315889e-03
3.511192e+05 9.149377e-04
4.328761e+05 6.207957e-04
5.336699e+05 4.100596e-04
6.579332e+05 2.633209e-04
8.111308e+05 1.644019e-04
1.000000e+06 9.997287e-05
1.232847e+06 5.940472e-05
1.519911e+06 3.463656e-05
1.873817e+06 1.990407e-05
2.310130e+06 1.131920e-05
2.848036e+06 6.391914e-06
3.511192e+06 3.593464e-06
4.328761e+06 2.014935e-06
5.336699e+06 1.128240e-06
6.579332e+06 6.313346e-07
8.111308e+06 3.531952e-07
1.000000e+07 1.975832e-07
