1.000000e-02 7.859460e-03
1.232847e-02 8.391568e-03
1.519911e-02 8.959701e-03
1.873817e-02 9.566298e-03
2.310130e-02 1.021396e-02
2.848036e-02 1.090548e-02
3.511192e-02 1.164381e-02
4.328761e-02 1.243213e-02
5.336699e-02 1.327382e-02
6.579332e-02 1.417249e-02
8.111308e-02 1.513201e-02
1.000000e-01 1.615649e-02
1.232847e-01 1.725033e-02
1.519911e-01 1.841823e-02
1.873817e-01 1.966519e-02
2.310130e-01 2.099658e-02
2.848036e-01 2.241811e-02
3.511192e-01 2.393588e-02
4.328761e-01 2.555642e-02
5.336699e-01 2.728670e-02
6.579332e-01 2.913416e-02
8.111308e-01 3.110682e-02
1.000000e+00 3.321322e-02
1.232847e+00 3.546257e-02
1.519911e+00 3.786478e-02
1.873817e+00 4.043046e-02
2.310130e+00 4.317101e-02
2.848036e+00 4.609856e-02
3.511192e+00 4.922587e-02
4.328761e+00 5.256620e-02
5.336699e+00 5.613286e-02
6.579332e+00 5.993872e-02
8.111308e+00 6.399530e-02
1.000000e+01 6.831154e-02
1.232847e+01 7.289213e-02
1.519911e+01 7.773529e-02
1.873817e+01 8.282997e-02
2.310130e+01 8.815250e-02
2.848036e+01 9.366278e-02
3.511192e+01 9.930023e-02
4.328761e+01 1.049800e-01
5.336699e+01 1.105900e-01
6.579332e+01 1.159900e-01
8.111308e+01 1.210130e-01
1.000000e+02 1.254711e-01
1.232847e+02 1.291658e-01
1.519911e+02 1.319026e-01
1.873817e+02 1.335099e-01
2.310130e+02 1.338587e-01
2.848036e+02 1.328811e-01
3.511192e+02 1.305824e-01
4.328761e+02 1.270458e-01
5.336699e+02 1.224251e-01
6.579332e+02 1.169290e-01
8.111308e+02 1.107976e-01
1.000000e+03 1.042767e-01
1.232847e+03 9.759328e-02
1.519911e+03 9.093745e-02
1.873817e+03 8.445030e-02
2.310130e+03 7.821998e-02
2.848036e+03 7.228378e-02
3.511192e+03 6.663503e-02
4.328761e+03 6.123338e-02
5.336699e+03 5.601735e-02
6.579332e+03 5.091844e-02
8.111308e+03 4.587608e-02
1.000000e+04 4.085208e-02
1.232847e+04 3.584244e-02
1.519911e+04 3.088372e-02
1.873817e+04 2.605137e-02
2.310130e+04 2.144915e-02
2.848036e+04 1.719102e-02
3.511192e+04 1.338015e-02
4.328761e+04 1.009072e-02
5.336699e+04 7.357391e-03
6.579332e+04 5.174082e-03
8.111308e+04 3.500425e-03
1.000000e+05 2.272162e-03
1.232847e+05 1.412057e-03
1.519911e+05 8.394381e-04
1.873817e+05 4.779748e-04
2.310130e+05 2.616708e-04
2.848036e+05 1.385575e-04
3.511192e+05 7.146759e-05
4.328761e+05 3.616072e-05
5.336699e+05 1.805643e-05
6.579332e+05 8.939443e-06
8.111308e+05 4.402468e-06
1.000000e+06 2.161352e-06
1.232847e+06 1.059205e-06
1.519911e+06 5.185680e-07
1.873817e+06 2.537465e-07
2.310130e+06 1.241288e-07
2.848036e+06 6.071314e-08
3.511192e+06 2.969353e-08
4.328761e+06 1.452199e-08
5.336699e+06 7.102051e-09
6.579332e+06 3.473272e-09
8.111308e+06 1.698607e-09
1.000000e+07 8.307054e-10
