1.000000e-02 1.037692e-02
1.232847e-02 1.094598e-02
1.519911e-02 1.154625e-02
1.873817e-02 1.217943e-02
2.310130e-02 1.284734e-02
2.848036e-02 1.355188e-02
3.511192e-02 1.429505e-02
4.328761e-02 1.507898e-02
5.336699e-02 1.590590e-02
6.579332e-02 1.677816e-02
8.111308e-02 1.769826e-02
1.000000e-01 1.866882e-02
1.232847e-01 1.969260e-02
1.519911e-01 2.077253e-02
1.873817e-01 2.191167e-02
2.310130e-01 2.311329e-02
2.848036e-01 2.438080e-02
3.511192e-01 2.571782e-02
4.328761e-01 2.712816e-02
5.336699e-01 2.861584e-02
6.579332e-01 3.018508e-02
8.111308e-01 3.184034e-02
1.000000e+00 3.358630e-02
1.232847e+00 3.542787e-02
1.519911e+00 3.737015e-02
1.873817e+00 3.941846e-02
2.310130e+00 4.157827e-02
2.848036e+00 4.385518e-02
3.511192e+00 4.625481e-02
4.328761e+00 4.878271e-02
5.336699e+00 5.144423e-02
6.579332e+00 5.424432e-02
8.111308e+00 5.718728e-02
1.000000e+01 6.027644e-02
1.232847e+01 6.351378e-02
1.519911e+01 6.689947e-02
1.873817e+01 7.043126e-02
2.310130e+01 7.410382e-02
2.848036e+01 7.790796e-02
3.511192e+01 8.182979e-02
4.328761e+01 8.584972e-02
5.336699e+01 8.994158e-02
6.579332e+01 9.407160e-02
8.111308e+01 9.819759e-02
1.000000e+02 1.022684e-01
1.232847e+02 1.062234e-01
1.519911e+02 1.099930e-01
1.873817e+02 1.134990e-01
2.310130e+02 1.166566e-01
2.848036e+02 1.193763e-01
3.511192e+02 1.215671e-01
4.328761e+02 1.231407e-01
5.336699e+02 1.240157e-01
6.579332e+02 1.241225e-01
8.111308e+02 1.234077e-01
1.000000e+03 1.218388e-01
1.232847e+03 1.194063e-01
1.519911e+03 1.161263e-01
1.873817e+03 1.120396e-01
2.310130e+03 1.072103e-01
2.848036e+03 1.017227e-01
3.511192e+03 9.567703e-02
4.328761e+03 8.918430e-02
5.336699e+03 8.236172e-02
6.579332e+03 7.532776e-02
8.111308e+03 6.819825e-02
1.000000e+04 6.108336e-02
1.232847e+04 5.408558e-02
1.519911e+04 4.729882e-02
1.873817e+04 4.080803e-02
2.310130e+04 3.468926e-02
2.848036e+04 2.900939e-02
3.511192e+04 2.382524e-02
4.328761e+04 1.918153e-02
5.336699e+04 1.510810e-02
6.579332e+04 1.161692e-02
8.111308e+04 8.700103e-03
1.000000e+05 6.329860e-03
1.232847e+05 4.460901e-03
1.519911e+05 3.034833e-03
1.873817e+05 1.985550e-03
2.310130e+05 1.244447e-03
2.848036e+05 7.447396e-04
3.511192e+05 4.248685e-04
4.328761e+05 2.312936e-04
5.336699e+05 1.206469e-04
6.579332e+05 6.070627e-05
8.111308e+05 2.970370e-05
1.000000e+06 1.424530e-05
1.232847e+06 6.740749e-06
1.519911e+06 3.162949e-06
1.873817e+06 1.476762e-06
2.310130e+06 6.875541e-07
2.848036e+06 3.196282e-07
3.511192e+06 1.484722e-07
4.328761e+06 6.894147e-08
5.336699e+06 3.200674e-08
6.579332e+06 1.485842e-08
8.111308e+06 6.897539e-09
1.000000e+07 3.201947e-09
