1.000000e-02 1.999955e-03
1.232847e-02 2.160766e-03
1.519911e-02 2.334507e-03
1.873817e-02 2.522218e-03
2.310130e-02 2.725022e-03
2.848036e-02 2.944134e-03
3.511192e-02 3.180863e-03
4.328761e-02 3.436627e-03
5.336699e-02 3.712957e-03
6.579332e-02 4.011505e-03
8.111308e-02 4.334059e-03
1.000000e-01 4.682549e-03
1.232847e-01 5.059059e-03
1.519911e-01 5.465844e-03
1.873817e-01 5.905337e-03
2.310130e-01 6.380169e-03
2.848036e-01 6.893180e-03
3.511192e-01 7.447442e-03
4.328761e-01 8.046272e-03
5.336699e-01 8.693255e-03
6.579332e-01 9.392270e-03
8.111308e-01 1.014751e-02
1.000000e+00 1.096352e-02
1.232847e+00 1.184523e-02
1.519911e+00 1.279797e-02
1.873817e+00 1.382757e-02
2.310130e+00 1.494036e-02
2.848036e+00 1.614325e-02
3.511192e+00 1.744378e-02
4.328761e+00 1.885021e-02
5.336699e+00 2.037153e-02
6.579332e+00 2.201753e-02
8.111308e+00 2.379885e-02
1.000000e+01 2.572690e-02
1.232847e+01 2.781382e-02
1.519911e+01 3.007226e-02
1.873817e+01 3.251511e-02
2.310130e+01 3.515500e-02
2.848036e+01 3.800352e-02
3.511192e+01 4.107024e-02
4.328761e+01 4.436130e-02
5.336699e+01 4.787757e-02
6.579332e+01 5.161241e-02
8.111308e+01 5.554901e-02
1.000000e+02 5.965739e-02
1.232847e+02 6.389148e-02
1.519911e+02 6.818645e-02
1.873817e+02 7.245723e-02
2.310130e+02 7.659876e-02
2.848036e+02 8.048901e-02
3.511192e+02 8.399557e-02
4.328761e+02 8.698615e-02
5.336699e+02 8.934268e-02
6.579332e+02 9.097783e-02
8.111308e+02 9.185160e-02
1.000000e+03 9.198515e-02
1.232847e+03 9.146921e-02
1.519911e+03 9.046535e-02
1.873817e+03 8.920060e-02
2.310130e+03 8.795805e-02
2.848036e+03 8.706801e-02
3.511192e+03 8.690551e-02
4.328761e+03 8.789978e-02
5.336699e+03 9.056129e-02
6.579332e+03 9.552999e-02
8.111308e+03 1.036457e-01
1.000000e+04 1.160289e-01
1.232847e+04 1.341228e-01
1.519911e+04 1.595399e-01
1.873817e+04 1.933042e-01
2.310130e+04 2.336544e-01
2.848036e+04 2.715545e-01
3.511192e+04 2.860736e-01
4.328761e+04 2.513143e-01
5.336699e+04 1.674103e-01
6.579332e+04 7.911750e-02
8.111308e+04 2.682583e-02
1.000000e+05 7.116873e-03
1.232847e+05 1.638441e-03
1.519911e+05 3.526929e-04
1.873817e+05 7.388357e-05
2.310130e+05 1.532761e-05
2.848036e+05 3.169824e-06
3.511192e+05 6.549208e-07
4.328761e+05 1.352786e-07
5.336699e+05 2.794086e-08
6.579332e+05 5.770889e-09
8.111308e+05 1.191911e-09
1.000000e+06 2.461754e-10
1.232847e+06 5.084465e-11
1.519911e+06 1.050137e-11
1.873817e+06 2.168935e-12
2.310130e+06 4.479681e-13
2.848036e+06 9.252257e-14
3.511192e+06 1.910946e-14
4.328761e+06 3.946834e-15
5.336699e+06 8.151725e-16
6.579332e+06 1.683643e-16
8.111308e+06 3.477369e-17
1.000000e+07 7.182099e-18
