1.000000e-02 7.908214e-03
1.232847e-02 8.345312e-03
1.519911e-02 8.806568e-03
1.873817e-02 9.293318e-03
2.310130e-02 9.806972e-03
2.848036e-02 1.034902e-02
3.511192e-02 1.092102e-02
4.328761e-02 1.152464e-02
5.336699e-02 1.216162e-02
6.579332e-02 1.283381e-02
8.111308e-02 1.354315e-02
1.000000e-01 1.429170e-02
1.232847e-01 1.508162e-02
1.519911e-01 1.591520e-02
1.873817e-01 1.679485e-02
2.310130e-01 1.772312e-02
2.848036e-01 1.870270e-02
3.511192e-01 1.973643e-02
4.328761e-01 2.082729e-02
5.336699e-01 2.197846e-02
6.579332e-01 2.319330e-02
8.111308e-01 2.447535e-02
1.000000e+00 2.582841e-02
1.232847e+00 2.725653e-02
1.519911e+00 2.876408e-02
1.873817e+00 3.035576e-02
2.310130e+00 3.203672e-02
2.848036e+00 3.381260e-02
3.511192e+00 3.568962e-02
4.328761e+00 3.767464e-02
5.336699e+00 3.977532e-02
6.579332e+00 4.200014e-02
8.111308e+00 4.435852e-02
1.000000e+01 4.686083e-02
1.232847e+01 4.951840e-02
1.519911e+01 5.234348e-02
1.873817e+01 5.534905e-02
2.310130e+01 5.854853e-02
2.848036e+01 6.195536e-02
3.511192e+01 6.558225e-02
4.328761e+01 6.944026e-02
5.336699e+01 7.353753e-02
6.579332e+01 7.787755e-02
8.111308e+01 8.245708e-02
1.000000e+02 8.726359e-02
1.232847e+02 9.227237e-02
1.519911e+02 9.744327e-02
1.873817e+02 1.027176e-01
2.310130e+02 1.080151e-01
2.848036e+02 1.132325e-01
3.511192e+02 1.182430e-01
4.328761e+02 1.228990e-01
5.336699e+02 1.270378e-01
6.579332e+02 1.304909e-01
8.111308e+02 1.330975e-01
1.000000e+03 1.347200e-01
1.232847e+03 1.352612e-01
1.519911e+03 1.346782e-01
1.873817e+03 1.329919e-01
2.310130e+03 1.302883e-01
2.848036e+03 1.267096e-01
3.511192e+03 1.224360e-01
4.328761e+03 1.176597e-01
5.336699e+03 1.125526e-01
6.579332e+03 1.072325e-01
8.111308e+03 1.017290e-01
1.000000e+04 9.595169e-02
1.232847e+04 8.966944e-02
1.519911e+04 8.251260e-02
1.873817e+04 7.403035e-02
2.310130e+04 6.384512e-02
2.848036e+04 5.192815e-02
3.511192e+04 3.891707e-02
4.328761e+04 2.621108e-02
5.336699e+04 1.552423e-02
6.579332e+04 7.994755e-03
8.111308e+04 3.598191e-03
1.000000e+05 1.446026e-03
1.232847e+05 5.349418e-04
1.519911e+05 1.876551e-04
1.873817e+05 6.385698e-05
2.310130e+05 2.138935e-05
2.848036e+05 7.110512e-06
3.511192e+05 2.355765e-06
4.328761e+05 7.793612e-07
5.336699e+05 2.576871e-07
6.579332e+05 8.518199e-08
8.111308e+05 2.815565e-08
1.000000e+06 9.306140e-09
1.232847e+06 3.075874e-09
1.519911e+06 1.016637e-09
1.873817e+06 3.360179e-10
2.310130e+06 1.110603e-10
2.848036e+06 3.670752e-11
3.511192e+06 1.213253e-11
4.328761e+06 4.010030e-12
5.336699e+06 1.325391e-12
6.579332e+06 4.380667e-13
8.111308e+06 1.447893e-13
1.000000e+07 4.785560e-14
