1.000000e-02 2.813968e-02
1.232847e-02 2.910485e-02
1.519911e-02 3.010312e-02
1.873817e-02 3.113562e-02
2.310130e-02 3.220355e-02
2.848036e-02 3.330810e-02
3.511192e-02 3.445054e-02
4.328761e-02 3.563216e-02
5.336699e-02 3.685431e-02
6.579332e-02 3.811838e-02
8.111308e-02 3.942580e-02
1.000000e-01 4.077807e-02
1.232847e-01 4.217672e-02
1.519911e-01 4.362335e-02
1.873817e-01 4.511959e-02
2.310130e-01 4.666715e-02
2.848036e-01 4.826778e-02
3.511192e-01 4.992331e-02
4.328761e-01 5.163560e-02
5.336699e-01 5.340656e-02
6.579332e-01 5.523814e-02
8.111308e-01 5.713225e-02
1.000000e+00 5.909082e-02
1.232847e+00 6.111564e-02
1.519911e+00 6.320837e-02
1.873817e+00 6.537043e-02
2.310130e+00 6.760285e-02
2.848036e+00 6.990614e-02
3.511192e+00 7.228005e-02
4.328761e+00 7.472322e-02
5.336699e+00 7.723274e-02
6.579332e+00 7.980340e-02
8.111308e+00 8.242687e-02
1.000000e+01 8.509036e-02
1.232847e+01 8.777509e-02
1.519911e+01 9.045429e-02
1.873817e+01 9.309091e-02
2.310130e+01 9.563516e-02
2.848036e+01 9.802208e-02
3.511192e+01 1.001698e-01
4.328761e+01 1.019788e-01
5.336699e+01 1.033338e-01
6.579332e+01 1.041084e-01
8.111308e+01 1.041738e-01
1.000000e+02 1.034125e-01
1.232847e+02 1.017347e-01
1.519911e+02 9.909768e-02
1.873817e+02 9.552290e-02
2.310130e+02 9.110718e-02
2.848036e+02 8.602403e-02
3.511192e+02 8.051291e-02
4.328761e+02 7.485783e-02
5.336699e+02 6.936014e-02
6.579332e+02 6.431271e-02
8.111308e+02 5.998252e-02
1.000000e+03 5.660683e-02
1.232847e+03 5.440452e-02
1.519911e+03 5.360130e-02
1.873817e+03 5.446446e-02
2.310130e+03 5.733659e-02
2.848036e+03 6.263987e-02
3.511192e+03 7.077184e-02
4.328761e+03 8.169701e-02
5.336699e+03 9.387543e-02
6.579332e+03 1.023694e-01
8.111308e+03 9.804443e-02
1.000000e+04 7.410762e-02
1.232847e+04 3.971170e-02
1.519911e+04 1.449735e-02
1.873817e+04 3.863040e-03
2.310130e+04 8.492748e-04
2.848036e+04 1.702190e-04
3.511192e+04 3.287729e-05
4.328761e+04 6.269080e-06
5.336699e+04 1.190642e-06
6.579332e+04 2.258751e-07
8.111308e+04 4.283777e-08
1.000000e+05 8.123694e-09
1.232847e+05 1.540539e-09
1.519911e+05 2.921394e-10
1.873817e+05 5.539968e-11
2.310130e+05 1.050568e-11
2.848036e+05 1.992238e-12
3.511192e+05 3.777968e-13
4.328761e+05 7.164324e-14
5.336699e+05 1.358602e-14
6.579332e+05 2.576376e-15
8.111308e+05 4.885693e-16
1.000000e+06 9.264953e-17
1.232847e+06 1.756953e-17
1.519911e+06 3.331787e-18
1.873817e+06 6.318212e-19
2.310130e+06 1.198150e-19
2.848036e+06 2.272104e-20
3.511192e+06 4.308689e-21
4.328761e+06 8.170754e-22
5.336699e+06 1.549456e-22
6.579332e+06 2.938300e-23
8.111308e+06 5.572026e-24
1.000000e+07 1.056647e-24
