1.000000e-02 1.520205e-02
1.232847e-02 1.599529e-02
1.519911e-02 1.682992e-02
1.873817e-02 1.770810e-02
2.310130e-02 1.863210e-02
2.848036e-02 1.960432e-02
3.511192e-02 2.062727e-02
4.328761e-02 2.170359e-02
5.336699e-02 2.283607e-02
6.579332e-02 2.402765e-02
8.111308e-02 2.528141e-02
1.000000e-01 2.660058e-02
1.232847e-01 2.798859e-02
1.519911e-01 2.944903e-02
1.873817e-01 3.098567e-02
2.310130e-01 3.260249e-02
2.848036e-01 3.430367e-02
3.511192e-01 3.609363e-02
4.328761e-01 3.797697e-02
5.336699e-01 3.995859e-02
6.579332e-01 4.204358e-02
8.111308e-01 4.423731e-02
1.000000e+00 4.654538e-02
1.232847e+00 4.897364e-02
1.519911e+00 5.152812e-02
1.873817e+00 5.421499e-02
2.310130e+00 5.704047e-02
2.848036e+00 6.001065e-02
3.511192e+00 6.313136e-02
4.328761e+00 6.640780e-02
5.336699e+00 6.984417e-02
6.579332e+00 7.344319e-02
8.111308e+00 7.720537e-02
1.000000e+01 8.112820e-02
1.232847e+01 8.520510e-02
1.519911e+01 8.942417e-02
1.873817e+01 9.376667e-02
2.310130e+01 9.820541e-02
2.848036e+01 1.027029e-01
3.511192e+01 1.072095e-01
4.328761e+01 1.116617e-01
5.336699e+01 1.159803e-01
6.579332e+01 1.200700e-01
8.111308e+01 1.238193e-01
1.000000e+02 1.271014e-01
1.232847e+02 1.297783e-01
1.519911e+02 1.317047e-01
1.873817e+02 1.327365e-01
2.310130e+02 1.327392e-01
2.848036e+02 1.315990e-01
3.511192e+02 1.292340e-01
4.328761e+02 1.256048e-01
5.336699e+02 1.207223e-01
6.579332e+02 1.146524e-01
8.111308e+02 1.075150e-01
1.000000e+03 9.947919e-02
1.232847e+03 9.075339e-02
1.519911e+03 8.157306e-02
1.873817e+03 7.218660e-02
2.310130e+03 6.284128e-02
2.848036e+03 5.377003e-02
3.511192e+03 4.517968e-02
4.328761e+03 3.724139e-02
5.336699e+03 3.008353e-02
6.579332e+03 2.378785e-02
8.111308e+03 1.838913e-02
1.000000e+04 1.387828e-02
1.232847e+04 1.020871e-02
1.519911e+04 7.305020e-03
1.873817e+04 5.072984e-03
2.310130e+04 3.409376e-03
2.848036e+04 2.210423e-03
3.511192e+04 1.378073e-03
4.328761e+04 8.240265e-04
5.336699e+04 4.720758e-04
6.579332e+04 2.594342e-04
8.111308e+04 1.373027e-04
1.000000e+05 7.040303e-05
1.232847e+05 3.522338e-05
1.519911e+05 1.731296e-05
1.873817e+05 8.408465e-06
2.310130e+05 4.052814e-06
2.848036e+05 1.944446e-06
3.511192e+05 9.304103e-07
4.328761e+05 4.445318e-07
5.336699e+05 2.122157e-07
6.579332e+05 1.012662e-07
8.111308e+05 4.831183e-08
1.000000e+06 2.304584e-08
1.232847e+06 1.099275e-08
1.519911e+06 5.243335e-09
1.873817e+06 2.500936e-09
2.310130e+06 1.192874e-09
2.848036e+06 5.689644e-10
3.511192e+06 2.713782e-10
4.328761e+06 1.294388e-10
5.336699e+06 6.173818e-11
6.579332e+06 2.944714e-11
8.111308e+06 1.404535e-11
1.000000e+07 6.699182e-12
