1.000000e-02 6.432878e-03
1.232847e-02 6.809717e-03
1.519911e-02 7.208631e-03
1.873817e-02 7.630913e-03
2.310130e-02 8.077932e-03
2.848036e-02 8.551138e-03
3.511192e-02 9.052064e-03
4.328761e-02 9.582335e-03
5.336699e-02 1.014367e-02
6.579332e-02 1.073789e-02
8.111308e-02 1.136691e-02
1.000000e-01 1.203279e-02
1.232847e-01 1.273767e-02
1.519911e-01 1.348384e-02
1.873817e-01 1.427373e-02
2.310130e-01 1.510988e-02
2.848036e-01 1.599502e-02
3.511192e-01 1.693201e-02
4.328761e-01 1.792389e-02
5.336699e-01 1.897387e-02
6.579332e-01 2.008537e-02
8.111308e-01 2.126198e-02
1.000000e+00 2.250753e-02
1.232847e+00 2.382606e-02
1.519911e+00 2.522185e-02
1.873817e+00 2.669943e-02
2.310130e+00 2.826357e-02
2.848036e+00 2.991932e-02
3.511192e+00 3.167195e-02
4.328761e+00 3.352697e-02
5.336699e+00 3.549009e-02
6.579332e+00 3.756711e-02
8.111308e+00 3.976390e-02
1.000000e+01 4.208620e-02
1.232847e+01 4.453946e-02
1.519911e+01 4.712862e-02
1.873817e+01 4.985775e-02
2.310130e+01 5.272971e-02
2.848036e+01 5.574566e-02
3.511192e+01 5.890456e-02
4.328761e+01 6.220258e-02
5.336699e+01 6.563249e-02
6.579332e+01 6.918313e-02
8.111308e+01 7.283889e-02
1.000000e+02 7.657947e-02
1.232847e+02 8.037996e-02
1.519911e+02 8.421134e-02
1.873817e+02 8.804162e-02
2.310130e+02 9.183774e-02
2.848036e+02 9.556830e-02
3.511192e+02 9.920712e-02
4.328761e+02 1.027376e-01
5.336699e+02 1.061575e-01
6.579332e+02 1.094844e-01
8.111308e+02 1.127600e-01
1.000000e+03 1.160545e-01
1.232847e+03 1.194691e-01
1.519911e+03 1.231355e-01
1.873817e+03 1.272124e-01
2.310130e+03 1.318745e-01
2.848036e+03 1.372898e-01
3.511192e+03 1.435770e-01
4.328761e+03 1.507244e-01
5.336699e+03 1.584491e-01
6.579332e+03 1.659671e-01
8.111308e+03 1.716758e-01
1.000000e+04 1.728540e-01
1.232847e+04 1.657504e-01
1.519911e+04 1.467817e-01
1.873817e+04 1.153681e-01
2.310130e+04 7.695720e-02
2.848036e+04 4.187806e-02
3.511192e+04 1.825679e-02
4.328761e+04 6.481583e-03
5.336699e+04 1.963972e-03
6.579332e+04 5.374403e-04
8.111308e+04 1.391067e-04
1.000000e+05 3.506487e-05
1.232847e+05 8.740368e-06
1.519911e+05 2.169276e-06
1.873817e+05 5.375691e-07
2.310130e+05 1.331473e-07
2.848036e+05 3.297315e-08
3.511192e+05 8.165212e-09
4.328761e+05 2.021941e-09
5.336699e+05 5.006885e-10
6.579332e+05 1.239842e-10
8.111308e+05 3.070188e-11
1.000000e+06 7.602624e-12
1.232847e+06 1.882617e-12
1.519911e+06 4.661875e-13
1.873817e+06 1.154408e-13
2.310130e+06 2.858629e-14
2.848036e+06 7.078746e-15
3.511192e+06 1.752891e-15
4.328761e+06 4.340636e-16
5.336699e+06 1.074860e-16
6.579332e+06 2.661647e-17
8.111308e+06 6.590966e-18
1.000000e+07 1.632103e-18
