1.000000e-02 9.083020e-03
1.232847e-02 9.567428e-03
1.519911e-02 1.007767e-02
1.873817e-02 1.061512e-02
2.310130e-02 1.118124e-02
2.848036e-02 1.177755e-02
3.511192e-02 1.240565e-02
4.328761e-02 1.306726e-02
5.336699e-02 1.376415e-02
6.579332e-02 1.449821e-02
8.111308e-02 1.527141e-02
1.000000e-01 1.608586e-02
1.232847e-01 1.694373e-02
1.519911e-01 1.784736e-02
1.873817e-01 1.879918e-02
2.310130e-01 1.980176e-02
2.848036e-01 2.085781e-02
3.511192e-01 2.197018e-02
4.328761e-01 2.314188e-02
5.336699e-01 2.437609e-02
6.579332e-01 2.567615e-02
8.111308e-01 2.704563e-02
1.000000e+00 2.848830e-02
1.232847e+00 3.000822e-02
1.519911e+00 3.160972e-02
1.873817e+00 3.329751e-02
2.310130e+00 3.507672e-02
2.848036e+00 3.695299e-02
3.511192e+00 3.893253e-02
4.328761e+00 4.102227e-02
5.336699e+00 4.322989e-02
6.579332e+00 4.556400e-02
8.111308e+00 4.803418e-02
1.000000e+01 5.065106e-02
1.232847e+01 5.342637e-02
1.519911e+01 5.637288e-02
1.873817e+01 5.950434e-02
2.310130e+01 6.283522e-02
2.848036e+01 6.638032e-02
3.511192e+01 7.015422e-02
4.328761e+01 7.417034e-02
5.336699e+01 7.843981e-02
6.579332e+01 8.296980e-02
8.111308e+01 8.776146e-02
1.000000e+02 9.280729e-02
1.232847e+02 9.808789e-02
1.519911e+02 1.035683e-01
1.873817e+02 1.091938e-01
2.310130e+02 1.148859e-01
2.848036e+02 1.205380e-01
3.511192e+02 1.260131e-01
4.328761e+02 1.311427e-01
5.336699e+02 1.357287e-01
6.579332e+02 1.395497e-01
8.111308e+02 1.423721e-01
1.000000e+03 1.439659e-01
1.232847e+03 1.441253e-01
1.519911e+03 1.426909e-01
1.873817e+03 1.395720e-01
2.310130e+03 1.347641e-01
2.848036e+03 1.283579e-01
3.511192e+03 1.205374e-01
4.328761e+03 1.115655e-01
5.336699e+03 1.017599e-01
6.579332e+03 9.146135e-02
8.111308e+03 8.100287e-02
1.000000e+04 7.068250e-02
1.232847e+04 6.074571e-02
1.519911e+04 5.137845e-02
1.873817e+04 4.271012e-02
2.310130e+04 3.482369e-02
2.848036e+04 2.776859e-02
3.511192e+04 2.157246e-02
4.328761e+04 1.624852e-02
5.336699e+04 1.179699e-02
6.579332e+04 8.200969e-03
8.111308e+04 5.419145e-03
1.000000e+05 3.379128e-03
1.232847e+05 1.976016e-03
1.519911e+05 1.079773e-03
1.873817e+05 5.517351e-04
2.310130e+05 2.651686e-04
2.848036e+05 1.211042e-04
3.511192e+05 5.321471e-05
4.328761e+05 2.276849e-05
5.336699e+05 9.578393e-06
6.579332e+05 3.989499e-06
8.111308e+05 1.652505e-06
1.000000e+06 6.825040e-07
1.232847e+06 2.814703e-07
1.519911e+06 1.159985e-07
1.873817e+06 4.778892e-08
2.310130e+06 1.968503e-08
2.848036e+06 8.108035e-09
3.511192e+06 3.339507e-09
4.328761e+06 1.375446e-09
5.336699e+06 5.665039e-10
6.579332e+06 2.333251e-10
8.111308e+06 9.609918e-11
1.000000e+07 3.958019e-11
