1.000000e-02 8.857327e-03
1.232847e-02 9.341742e-03
1.519911e-02 9.852651e-03
1.873817e-02 1.039150e-02
2.310130e-02 1.095982e-02
2.848036e-02 1.155922e-02
3.511192e-02 1.219141e-02
4.328761e-02 1.285817e-02
5.336699e-02 1.356139e-02
6.579332e-02 1.430308e-02
8.111308e-02 1.508533e-02
1.000000e-01 1.591036e-02
1.232847e-01 1.678051e-02
1.519911e-01 1.769825e-02
1.873817e-01 1.866619e-02
2.310130e-01 1.968706e-02
2.848036e-01 2.076376e-02
3.511192e-01 2.189935e-02
4.328761e-01 2.309705e-02
5.336699e-01 2.436025e-02
6.579332e-01 2.569255e-02
8.111308e-01 2.709773e-02
1.000000e+00 2.857980e-02
1.232847e+00 3.014298e-02
1.519911e+00 3.179176e-02
1.873817e+00 3.353089e-02
2.310130e+00 3.536538e-02
2.848036e+00 3.730057e-02
3.511192e+00 3.934210e-02
4.328761e+00 4.149594e-02
5.336699e+00 4.376836e-02
6.579332e+00 4.616595e-02
8.111308e+00 4.869555e-02
1.000000e+01 5.136418e-02
1.232847e+01 5.417892e-02
1.519911e+01 5.714676e-02
1.873817e+01 6.027432e-02
2.310130e+01 6.356755e-02
2.848036e+01 6.703129e-02
3.511192e+01 7.066867e-02
4.328761e+01 7.448046e-02
5.336699e+01 7.846415e-02
6.579332e+01 8.261298e-02
8.111308e+01 8.691468e-02
1.000000e+02 9.135018e-02
1.232847e+02 9.589211e-02
1.519911e+02 1.005034e-01
1.873817e+02 1.051355e-01
2.310130e+02 1.097279e-01
2.848036e+02 1.142062e-01
3.511192e+02 1.184827e-01
4.328761e+02 1.224566e-01
5.336699e+02 1.260156e-01
6.579332e+02 1.290388e-01
8.111308e+02 1.314006e-01
1.000000e+03 1.329762e-01
1.232847e+03 1.336480e-01
1.519911e+03 1.333122e-01
1.873817e+03 1.318860e-01
2.310130e+03 1.293138e-01
2.848036e+03 1.255720e-01
3.511192e+03 1.206725e-01
4.328761e+03 1.146643e-01
5.336699e+03 1.076340e-01
6.579332e+03 9.970527e-02
8.111308e+03 9.103776e-02
1.000000e+04 8.182496e-02
1.232847e+04 7.229033e-02
1.519911e+04 6.267992e-02
1.873817e+04 5.325047e-02
2.310130e+04 4.425291e-02
2.848036e+04 3.591307e-02
3.511192e+04 2.841277e-02
4.328761e+04 2.187534e-02
5.336699e+04 1.635851e-02
6.579332e+04 1.185612e-02
8.111308e+04 8.307562e-03
1.000000e+05 5.612082e-03
1.232847e+05 3.644481e-03
1.519911e+05 2.269421e-03
1.873817e+05 1.353205e-03
2.310130e+05 7.731092e-04
2.848036e+05 4.245087e-04
3.511192e+05 2.252369e-04
4.328761e+05 1.162652e-04
5.336699e+05 5.879740e-05
6.579332e+05 2.931329e-05
8.111308e+05 1.447778e-05
1.000000e+06 7.108938e-06
1.232847e+06 3.478547e-06
1.519911e+06 1.698734e-06
1.873817e+06 8.286539e-07
2.310130e+06 4.039829e-07
2.848036e+06 1.968875e-07
3.511192e+06 9.594132e-08
4.328761e+06 4.674772e-08
5.336699e+06 2.277720e-08
6.579332e+06 1.109774e-08
8.111308e+06 5.407128e-09
1.000000e+07 2.634502e-09
