1.000000e-02 1.159970e-02
1.232847e-02 1.222001e-02
1.519911e-02 1.287348e-02
1.873817e-02 1.356191e-02
2.310130e-02 1.428714e-02
2.848036e-02 1.505116e-02
3.511192e-02 1.585604e-02
4.328761e-02 1.670395e-02
5.336699e-02 1.759721e-02
6.579332e-02 1.853824e-02
8.111308e-02 1.952959e-02
1.000000e-01 2.057396e-02
1.232847e-01 2.167417e-02
1.519911e-01 2.283322e-02
1.873817e-01 2.405425e-02
2.310130e-01 2.534057e-02
2.848036e-01 2.669568e-02
3.511192e-01 2.812326e-02
4.328761e-01 2.962719e-02
5.336699e-01 3.121154e-02
6.579332e-01 3.288064e-02
8.111308e-01 3.463904e-02
1.000000e+00 3.649154e-02
1.232847e+00 3.844323e-02
1.519911e+00 4.049950e-02
1.873817e+00 4.266606e-02
2.310130e+00 4.494895e-02
2.848036e+00 4.735453e-02
3.511192e+00 4.988952e-02
4.328761e+00 5.256091e-02
5.336699e+00 5.537593e-02
6.579332e+00 5.834191e-02
8.111308e+00 6.146611e-02
1.000000e+01 6.475543e-02
1.232847e+01 6.821604e-02
1.519911e+01 7.185287e-02
1.873817e+01 7.566890e-02
2.310130e+01 7.966430e-02
2.848036e+01 8.383534e-02
3.511192e+01 8.817305e-02
4.328761e+01 9.266161e-02
5.336699e+01 9.727660e-02
6.579332e+01 1.019830e-01
8.111308e+01 1.067330e-01
1.000000e+02 1.114642e-01
1.232847e+02 1.160978e-01
1.519911e+02 1.205376e-01
1.873817e+02 1.246694e-01
2.310130e+02 1.283628e-01
2.848036e+02 1.314738e-01
3.511192e+02 1.338495e-01
4.328761e+02 1.353360e-01
5.336699e+02 1.357868e-01
6.579332e+02 1.350737e-01
8.111308e+02 1.330983e-01
1.000000e+03 1.298020e-01
1.232847e+03 1.251747e-01
1.519911e+03 1.192608e-01
1.873817e+03 1.121601e-01
2.310130e+03 1.040263e-01
2.848036e+03 9.505984e-02
3.511192e+03 8.549899e-02
4.328761e+03 7.560694e-02
5.336699e+03 6.565804e-02
6.579332e+03 5.592269e-02
8.111308e+03 4.665189e-02
1.000000e+04 3.806229e-02
1.232847e+04 3.032324e-02
1.519911e+04 2.354759e-02
1.873817e+04 1.778821e-02
2.310130e+04 1.304071e-02
2.848036e+04 9.251762e-03
3.511192e+04 6.330969e-03
4.328761e+04 4.163651e-03
5.336699e+04 2.622625e-03
6.579332e+04 1.578188e-03
8.111308e+04 9.067294e-04
1.000000e+05 4.984332e-04
1.232847e+05 2.634454e-04
1.519911e+05 1.348239e-04
1.873817e+05 6.732745e-05
2.310130e+05 3.304344e-05
2.848036e+05 1.603195e-05
3.511192e+05 7.722543e-06
4.328761e+05 3.703961e-06
5.336699e+05 1.772152e-06
6.579332e+05 8.467220e-07
8.111308e+05 4.042592e-07
1.000000e+06 1.929345e-07
1.232847e+06 9.206026e-08
1.519911e+06 4.392280e-08
1.873817e+06 2.095490e-08
2.310130e+06 9.997011e-09
2.848036e+06 4.769242e-09
3.511192e+06 2.275234e-09
4.328761e+06 1.085429e-09
5.336699e+06 5.178173e-10
6.579332e+06 2.470310e-10
8.111308e+06 1.178491e-10
1.000000e+07 5.622131e-11
