1.000000e-02 1.052868e-02
1.232847e-02 1.110044e-02
1.519911e-02 1.170326e-02
1.873817e-02 1.233881e-02
2.310130e-02 1.300888e-02
2.848036e-02 1.371533e-02
3.511192e-02 1.446015e-02
4.328761e-02 1.524542e-02
5.336699e-02 1.607333e-02
6.579332e-02 1.694621e-02
8.111308e-02 1.786648e-02
1.000000e-01 1.883673e-02
1.232847e-01 1.985967e-02
1.519911e-01 2.093816e-02
1.873817e-01 2.207522e-02
2.310130e-01 2.327403e-02
2.848036e-01 2.453794e-02
3.511192e-01 2.587049e-02
4.328761e-01 2.727540e-02
5.336699e-01 2.875660e-02
6.579332e-01 3.031822e-02
8.111308e-01 3.196461e-02
1.000000e+00 3.370034e-02
1.232847e+00 3.553019e-02
1.519911e+00 3.745916e-02
1.873817e+00 3.949243e-02
2.310130e+00 4.163534e-02
2.848036e+00 4.389338e-02
3.511192e+00 4.627204e-02
4.328761e+00 4.877680e-02
5.336699e+00 5.141296e-02
6.579332e+00 5.418544e-02
8.111308e+00 5.709864e-02
1.000000e+01 6.015606e-02
1.232847e+01 6.336001e-02
1.519911e+01 6.671114e-02
1.873817e+01 7.020791e-02
2.310130e+01 7.384599e-02
2.848036e+01 7.761752e-02
3.511192e+01 8.151027e-02
4.328761e+01 8.550679e-02
5.336699e+01 8.958340e-02
6.579332e+01 9.370929e-02
8.111308e+01 9.784556e-02
1.000000e+02 1.019445e-01
1.232847e+02 1.059491e-01
1.519911e+02 1.097929e-01
1.873817e+02 1.134005e-01
2.310130e+02 1.166882e-01
2.848036e+02 1.195666e-01
3.511192e+02 1.219427e-01
4.328761e+02 1.237238e-01
5.336699e+02 1.248217e-01
6.579332e+02 1.251573e-01
8.111308e+02 1.246662e-01
1.000000e+03 1.233028e-01
1.232847e+03 1.210442e-01
1.519911e+03 1.178932e-01
1.873817e+03 1.138794e-01
2.310130e+03 1.090580e-01
2.848036e+03 1.035077e-01
3.511192e+03 9.732625e-02
4.328761e+03 9.062617e-02
5.336699e+03 8.352905e-02
6.579332e+03 7.616117e-02
8.111308e+03 6.864987e-02
1.000000e+04 6.112123e-02
1.232847e+04 5.369857e-02
1.519911e+04 4.650119e-02
1.873817e+04 3.964256e-02
2.310130e+04 3.322703e-02
2.848036e+04 2.734521e-02
3.511192e+04 2.206836e-02
4.328761e+04 1.744307e-02
5.336699e+04 1.348767e-02
6.579332e+04 1.019139e-02
8.111308e+04 7.516793e-03
1.000000e+05 5.405187e-03
1.232847e+05 3.783948e-03
1.519911e+05 2.574335e-03
1.873817e+05 1.698386e-03
2.310130e+05 1.083964e-03
2.848036e+05 6.677333e-04
3.511192e+05 3.963793e-04
4.328761e+05 2.267128e-04
5.336699e+05 1.251727e-04
6.579332e+05 6.697710e-05
8.111308e+05 3.492223e-05
1.000000e+06 1.785068e-05
1.232847e+06 8.995782e-06
1.519911e+06 4.490382e-06
1.873817e+06 2.227946e-06
2.310130e+06 1.101409e-06
2.848036e+06 5.433632e-07
3.511192e+06 2.677569e-07
4.328761e+06 1.318680e-07
5.336699e+06 6.492597e-08
6.579332e+06 3.196300e-08
8.111308e+06 1.573476e-08
1.000000e+07 7.745865e-09
