1.000000e-02 2.205283e-02
1.232847e-02 2.318165e-02
1.519911e-02 2.436824e-02
1.873817e-02 2.561557e-02
2.310130e-02 2.692675e-02
2.848036e-02 2.830504e-02
3.511192e-02 2.975388e-02
4.328761e-02 3.127689e-02
5.336699e-02 3.287785e-02
6.579332e-02 3.456076e-02
8.111308e-02 3.632981e-02
1.000000e-01 3.818941e-02
1.232847e-01 4.014420e-02
1.519911e-01 4.219905e-02
1.873817e-01 4.435909e-02
2.310130e-01 4.662968e-02
2.848036e-01 4.901650e-02
3.511192e-01 5.152548e-02
4.328761e-01 5.416285e-02
5.336699e-01 5.693511e-02
6.579332e-01 5.984903e-02
8.111308e-01 6.291152e-02
1.000000e+00 6.612954e-02
1.232847e+00 6.950988e-02
1.519911e+00 7.305877e-02
1.873817e+00 7.678140e-02
2.310130e+00 8.068119e-02
2.848036e+00 8.475877e-02
3.511192e+00 8.901071e-02
4.328761e+00 9.342780e-02
5.336699e+00 9.799301e-02
6.579332e+00 1.026790e-01
8.111308e+00 1.074451e-01
1.000000e+01 1.122345e-01
1.232847e+01 1.169708e-01
1.519911e+01 1.215549e-01
1.873817e+01 1.258635e-01
2.310130e+01 1.297476e-01
2.848036e+01 1.330347e-01
3.511192e+01 1.355334e-01
4.328761e+01 1.370416e-01
5.336699e+01 1.373602e-01
6.579332e+01 1.363096e-01
8.111308e+01 1.337500e-01
1.000000e+02 1.296025e-01
1.232847e+02 1.238673e-01
1.519911e+02 1.166360e-01
1.873817e+02 1.080940e-01
2.310130e+02 9.851160e-02
2.848036e+02 8.822387e-02
3.511192e+02 7.760141e-02
4.328761e+02 6.701750e-02
5.336699e+02 5.681596e-02
6.579332e+02 4.728491e-02
8.111308e+02 3.863931e-02
1.000000e+03 3.101350e-02
1.232847e+03 2.446314e-02
1.519911e+03 1.897477e-02
1.873817e+03 1.448075e-02
2.310130e+03 1.087678e-02
2.848036e+03 8.039360e-03
3.511192e+03 5.841116e-03
4.328761e+03 4.162339e-03
5.336699e+03 2.898206e-03
6.579332e+03 1.961708e-03
8.111308e+03 1.282935e-03
1.000000e+04 8.058189e-04
1.232847e+04 4.839937e-04
1.519911e+04 2.776372e-04
1.873817e+04 1.525090e-04
2.310130e+04 8.070364e-05
2.848036e+04 4.146426e-05
3.511192e+04 2.084977e-05
4.328761e+04 1.033150e-05
5.336699e+04 5.071609e-06
6.579332e+04 2.475373e-06
8.111308e+04 1.204152e-06
1.000000e+05 5.846555e-07
1.232847e+05 2.835748e-07
1.519911e+05 1.374653e-07
1.873817e+05 6.661795e-08
2.310130e+05 3.227923e-08
2.848036e+05 1.563944e-08
3.511192e+05 7.577088e-09
4.328761e+05 3.670918e-09
5.336699e+05 1.778454e-09
6.579332e+05 8.616059e-10
8.111308e+05 4.174203e-10
1.000000e+06 2.022264e-10
1.232847e+06 9.797200e-11
1.519911e+06 4.746418e-11
1.873817e+06 2.299481e-11
2.310130e+06 1.114022e-11
2.848036e+06 5.397065e-12
3.511192e+06 2.614698e-12
4.328761e+06 1.266734e-12
5.336699e+06 6.136903e-13
6.579332e+06 2.973125e-13
8.111308e+06 1.440380e-13
1.000000e+07 6.978159e-14
