1.000000e-02 5.089933e-03
1.232847e-02 5.381586e-03
1.519911e-02 5.689951e-03
1.873817e-02 6.015985e-03
2.310130e-02 6.360701e-03
2.848036e-02 6.725169e-03
3.511192e-02 7.110520e-03
4.328761e-02 7.517953e-03
5.336699e-02 7.948731e-03
6.579332e-02 8.404193e-03
8.111308e-02 8.885753e-03
1.000000e-01 9.394907e-03
1.232847e-01 9.933234e-03
1.519911e-01 1.050241e-02
1.873817e-01 1.110420e-02
2.310130e-01 1.174047e-02
2.848036e-01 1.241319e-02
3.511192e-01 1.312447e-02
4.328761e-01 1.387650e-02
5.336699e-01 1.467162e-02
6.579332e-01 1.551229e-02
8.111308e-01 1.640111e-02
1.000000e+00 1.734083e-02
1.232847e+00 1.833434e-02
1.519911e+00 1.938465e-02
1.873817e+00 2.049497e-02
2.310130e+00 2.166860e-02
2.848036e+00 2.290901e-02
3.511192e+00 2.421978e-02
4.328761e+00 2.560462e-02
5.336699e+00 2.706733e-02
6.579332e+00 2.861178e-02
8.111308e+00 3.024190e-02
1.000000e+01 3.196163e-02
1.232847e+01 3.377488e-02
1.519911e+01 3.568550e-02
1.873817e+01 3.769723e-02
2.310130e+01 3.981362e-02
2.848036e+01 4.203799e-02
3.511192e+01 4.437336e-02
4.328761e+01 4.682239e-02
5.336699e+01 4.938732e-02
6.579332e+01 5.206988e-02
8.111308e+01 5.487132e-02
1.000000e+02 5.779230e-02
1.232847e+02 6.083296e-02
1.519911e+02 6.399291e-02
1.873817e+02 6.727135e-02
2.310130e+02 7.066720e-02
2.848036e+02 7.417928e-02
3.511192e+02 7.780658e-02
4.328761e+02 8.154859e-02
5.336699e+02 8.540565e-02
6.579332e+02 8.937932e-02
8.111308e+02 9.347268e-02
1.000000e+03 9.769055e-02
1.232847e+03 1.020394e-01
1.519911e+03 1.065266e-01
1.873817e+03 1.111597e-01
2.310130e+03 1.159434e-01
2.848036e+03 1.208763e-01
3.511192e+03 1.259443e-01
4.328761e+03 1.311121e-01
5.336699e+03 1.363103e-01
6.579332e+03 1.414183e-01
8.111308e+03 1.462429e-01
1.000000e+04 1.504934e-01
1.232847e+04 1.537584e-01
1.519911e+04 1.554910e-01
1.873817e+04 1.550202e-01
2.310130e+04 1.516071e-01
2.848036e+04 1.445699e-01
3.511192e+04 1.334833e-01
4.328761e+04 1.184234e-01
5.336699e+04 1.001632e-01
6.579332e+04 8.018488e-02
8.111308e+04 6.040963e-02
1.000000e+05 4.269033e-02
1.232847e+05 2.829521e-02
1.519911e+05 1.764762e-02
1.873817e+05 1.042388e-02
2.310130e+05 5.882072e-03
2.848036e+05 3.202661e-03
3.511192e+05 1.699522e-03
4.328761e+05 8.870161e-04
5.336699e+05 4.587437e-04
6.579332e+05 2.363904e-04
8.111308e+05 1.217994e-04
1.000000e+06 6.286772e-05
1.232847e+06 3.252833e-05
1.519911e+06 1.686985e-05
1.873817e+06 8.765762e-06
2.310130e+06 4.561132e-06
2.848036e+06 2.375526e-06
3.511192e+06 1.237931e-06
4.328761e+06 6.453204e-07
5.336699e+06 3.364559e-07
6.579332e+06 1.754342e-07
8.111308e+06 9.147699e-08
1.000000e+07 4.769927e-08
