1.000000e-02 5.662344e-02
1.232847e-02 5.799440e-02
1.519911e-02 5.939856e-02
1.873817e-02 6.083671e-02
2.310130e-02 6.230968e-02
2.848036e-02 6.381832e-02
3.511192e-02 6.536348e-02
4.328761e-02 6.694606e-02
5.336699e-02 6.856695e-02
6.579332e-02 7.022708e-02
8.111308e-02 7.192742e-02
1.000000e-01 7.366892e-02
1.232847e-01 7.545258e-02
1.519911e-01 7.727943e-02
1.873817e-01 7.915051e-02
2.310130e-01 8.106688e-02
2.848036e-01 8.302961e-02
3.511192e-01 8.503972e-02
4.328761e-01 8.709806e-02
5.336699e-01 8.920513e-02
6.579332e-01 9.136070e-02
8.111308e-01 9.356329e-02
1.000000e+00 9.580939e-02
1.232847e+00 9.809251e-02
1.519911e+00 1.004020e-01
1.873817e+00 1.027218e-01
2.310130e+00 1.050290e-01
2.848036e+00 1.072923e-01
3.511192e+00 1.094714e-01
4.328761e+00 1.115156e-01
5.336699e+00 1.133638e-01
6.579332e+00 1.149450e-01
8.111308e+00 1.161796e-01
1.000000e+01 1.169822e-01
1.232847e+01 1.172646e-01
1.519911e+01 1.169414e-01
1.873817e+01 1.159347e-01
2.310130e+01 1.141805e-01
2.848036e+01 1.116347e-01
3.511192e+01 1.082778e-01
4.328761e+01 1.041192e-01
5.336699e+01 9.919871e-02
6.579332e+01 9.358651e-02
8.111308e+01 8.738054e-02
1.000000e+02 8.070181e-02
1.232847e+02 7.368827e-02
1.519911e+02 6.648760e-02
1.873817e+02 5.924987e-02
2.310130e+02 5.212055e-02
2.848036e+02 4.523440e-02
3.511192e+02 3.871021e-02
4.328761e+02 3.264673e-02
5.336699e+02 2.711954e-02
6.579332e+02 2.217918e-02
8.111308e+02 1.785048e-02
1.000000e+03 1.413341e-02
1.232847e+03 1.100546e-02
1.519911e+03 8.425474e-03
1.873817e+03 6.338771e-03
2.310130e+03 4.682791e-03
2.848036e+03 3.392638e-03
3.511192e+03 2.405729e-03
4.328761e+03 1.665063e-03
5.336699e+03 1.120921e-03
6.579332e+03 7.311460e-04
8.111308e+03 4.604407e-04
1.000000e+04 2.793030e-04
1.232847e+04 1.631652e-04
1.519911e+04 9.201649e-05
1.873817e+04 5.032854e-05
2.310130e+04 2.685816e-05
2.848036e+04 1.407142e-05
3.511192e+04 7.277534e-06
4.328761e+04 3.731669e-06
5.336699e+04 1.903106e-06
6.579332e+04 9.673602e-07
8.111308e+04 4.907607e-07
1.000000e+05 2.486958e-07
1.232847e+05 1.259496e-07
1.519911e+05 6.376421e-08
1.873817e+05 3.227578e-08
2.310130e+05 1.633555e-08
2.848036e+05 8.267381e-09
3.511192e+05 4.183987e-09
4.328761e+05 2.117417e-09
5.336699e+05 1.071567e-09
6.579332e+05 5.422888e-10
8.111308e+05 2.744360e-10
1.000000e+06 1.388836e-10
1.232847e+06 7.028470e-11
1.519911e+06 3.556890e-11
1.873817e+06 1.800031e-11
2.310130e+06 9.109396e-12
2.848036e+06 4.609981e-12
3.511192e+06 2.332968e-12
4.328761e+06 1.180642e-12
5.336699e+06 5.974860e-13
6.579332e+06 3.023690e-13
8.111308e+06 1.530195e-13
1.000000e+07 7.743840e-14
