1.000000e-02 5.333009e-03
1.232847e-02 5.631465e-03
1.519911e-02 5.946624e-03
1.873817e-02 6.279420e-03
2.310130e-02 6.630841e-03
2.848036e-02 7.001929e-03
3.511192e-02 7.393785e-03
4.328761e-02 7.807570e-03
5.336699e-02 8.244512e-03
6.579332e-02 8.705907e-03
8.111308e-02 9.193124e-03
1.000000e-01 9.707607e-03
1.232847e-01 1.025088e-02
1.519911e-01 1.082456e-02
1.873817e-01 1.143035e-02
2.310130e-01 1.207003e-02
2.848036e-01 1.274552e-02
3.511192e-01 1.345881e-02
4.328761e-01 1.421202e-02
5.336699e-01 1.500737e-02
6.579332e-01 1.584723e-02
8.111308e-01 1.673409e-02
1.000000e+00 1.767055e-02
1.232847e+00 1.865937e-02
1.519911e+00 1.970347e-02
1.873817e+00 2.080586e-02
2.310130e+00 2.196976e-02
2.848036e+00 2.319850e-02
3.511192e+00 2.449556e-02
4.328761e+00 2.586459e-02
5.336699e+00 2.730936e-02
6.579332e+00 2.883381e-02
8.111308e+00 3.044199e-02
1.000000e+01 3.213810e-02
1.232847e+01 3.392649e-02
1.519911e+01 3.581159e-02
1.873817e+01 3.779796e-02
2.310130e+01 3.989026e-02
2.848036e+01 4.209325e-02
3.511192e+01 4.441172e-02
4.328761e+01 4.685053e-02
5.336699e+01 4.941454e-02
6.579332e+01 5.210860e-02
8.111308e+01 5.493751e-02
1.000000e+02 5.790594e-02
1.232847e+02 6.101842e-02
1.519911e+02 6.427928e-02
1.873817e+02 6.769257e-02
2.310130e+02 7.126198e-02
2.848036e+02 7.499082e-02
3.511192e+02 7.888191e-02
4.328761e+02 8.293746e-02
5.336699e+02 8.715898e-02
6.579332e+02 9.154709e-02
8.111308e+02 9.610120e-02
1.000000e+03 1.008190e-01
1.232847e+03 1.056958e-01
1.519911e+03 1.107231e-01
1.873817e+03 1.158867e-01
2.310130e+03 1.211636e-01
2.848036e+03 1.265176e-01
3.511192e+03 1.318930e-01
4.328761e+03 1.372057e-01
5.336699e+03 1.423313e-01
6.579332e+03 1.470911e-01
8.111308e+03 1.512352e-01
1.000000e+04 1.544265e-01
1.232847e+04 1.562291e-01
1.519911e+04 1.561127e-01
1.873817e+04 1.534829e-01
2.310130e+04 1.477559e-01
2.848036e+04 1.384858e-01
3.511192e+04 1.255374e-01
4.328761e+04 1.092627e-01
5.336699e+04 9.060215e-02
6.579332e+04 7.102169e-02
8.111308e+04 5.224051e-02
1.000000e+05 3.581723e-02
1.232847e+05 2.276201e-02
1.519911e+05 1.335168e-02
1.873817e+05 7.212665e-03
2.310130e+05 3.590915e-03
2.848036e+05 1.655753e-03
3.511192e+05 7.139601e-04
4.328761e+05 2.918062e-04
5.336699e+05 1.147269e-04
6.579332e+05 4.397013e-05
8.111308e+05 1.659564e-05
1.000000e+06 6.210659e-06
1.232847e+06 2.314032e-06
1.519911e+06 8.603352e-07
1.873817e+06 3.195452e-07
2.310130e+06 1.186325e-07
2.848036e+06 4.403444e-08
3.511192e+06 1.634357e-08
4.328761e+06 6.065797e-09
5.336699e+06 2.251249e-09
6.579332e+06 8.355215e-10
8.111308e+06 3.100925e-10
1.000000e+07 1.150866e-10
