1.000000e-02 1.118832e-02
1.232847e-02 1.178032e-02
1.519911e-02 1.240365e-02
1.873817e-02 1.305995e-02
2.310130e-02 1.375098e-02
2.848036e-02 1.447858e-02
3.511192e-02 1.524467e-02
4.328761e-02 1.605131e-02
5.336699e-02 1.690062e-02
6.579332e-02 1.779487e-02
8.111308e-02 1.873643e-02
1.000000e-01 1.972782e-02
1.232847e-01 2.077167e-02
1.519911e-01 2.187074e-02
1.873817e-01 2.302797e-02
2.310130e-01 2.424644e-02
2.848036e-01 2.552937e-02
3.511192e-01 2.688019e-02
4.328761e-01 2.830249e-02
5.336699e-01 2.980006e-02
6.579332e-01 3.137690e-02
8.111308e-01 3.303723e-02
1.000000e+00 3.478555e-02
1.232847e+00 3.662659e-02
1.519911e+00 3.856545e-02
1.873817e+00 4.060752e-02
2.310130e+00 4.275863e-02
2.848036e+00 4.502502e-02
3.511192e+00 4.741338e-02
4.328761e+00 4.993092e-02
5.336699e+00 5.258534e-02
6.579332e+00 5.538480e-02
8.111308e+00 5.833789e-02
1.000000e+01 6.145345e-02
1.232847e+01 6.474038e-02
1.519911e+01 6.820727e-02
1.873817e+01 7.186195e-02
2.310130e+01 7.571084e-02
2.848036e+01 7.975800e-02
3.511192e+01 8.400405e-02
4.328761e+01 8.844467e-02
5.336699e+01 9.306890e-02
6.579332e+01 9.785697e-02
8.111308e+01 1.027780e-01
1.000000e+02 1.077871e-01
1.232847e+02 1.128231e-01
1.519911e+02 1.178055e-01
1.873817e+02 1.226327e-01
2.310130e+02 1.271805e-01
2.848036e+02 1.313029e-01
3.511192e+02 1.348339e-01
4.328761e+02 1.375928e-01
5.336699e+02 1.393918e-01
6.579332e+02 1.400476e-01
8.111308e+02 1.393945e-01
1.000000e+03 1.372998e-01
1.232847e+03 1.336796e-01
1.519911e+03 1.285121e-01
1.873817e+03 1.218475e-01
2.310130e+03 1.138116e-01
2.848036e+03 1.046037e-01
3.511192e+03 9.448676e-02
4.328761e+03 8.377243e-02
5.336699e+03 7.280137e-02
6.579332e+03 6.192081e-02
8.111308e+03 5.146117e-02
1.000000e+04 4.171404e-02
1.232847e+04 3.291316e-02
1.519911e+04 2.522079e-02
1.873817e+04 1.872101e-02
2.310130e+04 1.342104e-02
2.848036e+04 9.260368e-03
3.511192e+04 6.125743e-03
4.328761e+04 3.869001e-03
5.336699e+04 2.324686e-03
6.579332e+04 1.325928e-03
8.111308e+04 7.182812e-04
1.000000e+05 3.710176e-04
1.232847e+05 1.840229e-04
1.519911e+05 8.841856e-05
1.873817e+05 4.151922e-05
2.310130e+05 1.919907e-05
2.848036e+05 8.792782e-06
3.511192e+05 4.003988e-06
4.328761e+05 1.817433e-06
5.336699e+05 8.235005e-07
6.579332e+05 3.727949e-07
8.111308e+05 1.686833e-07
1.000000e+06 7.630840e-08
1.232847e+06 3.451618e-08
1.519911e+06 1.561165e-08
1.873817e+06 7.060959e-09
2.310130e+06 3.193546e-09
2.848036e+06 1.444375e-09
3.511192e+06 6.532597e-10
4.328761e+06 2.954549e-10
5.336699e+06 1.336277e-10
6.579332e+06 6.043679e-11
8.111308e+06 2.733420e-11
1.000000e+07 1.236265e-11
