1.000000e-02 4.536897e-03
1.232847e-02 4.812309e-03
1.519911e-02 5.104440e-03
1.873817e-02 5.414305e-03
2.310130e-02 5.742980e-03
2.848036e-02 6.091607e-03
3.511192e-02 6.461398e-03
4.328761e-02 6.853636e-03
5.336699e-02 7.269686e-03
6.579332e-02 7.710992e-03
8.111308e-02 8.179087e-03
1.000000e-01 8.675598e-03
1.232847e-01 9.202250e-03
1.519911e-01 9.760872e-03
1.873817e-01 1.035341e-02
2.310130e-01 1.098191e-02
2.848036e-01 1.164856e-02
3.511192e-01 1.235569e-02
4.328761e-01 1.310574e-02
5.336699e-01 1.390132e-02
6.579332e-01 1.474518e-02
8.111308e-01 1.564025e-02
1.000000e+00 1.658962e-02
1.232847e+00 1.759654e-02
1.519911e+00 1.866445e-02
1.873817e+00 1.979695e-02
2.310130e+00 2.099781e-02
2.848036e+00 2.227094e-02
3.511192e+00 2.362037e-02
4.328761e+00 2.505027e-02
5.336699e+00 2.656482e-02
6.579332e+00 2.816822e-02
8.111308e+00 2.986461e-02
1.000000e+01 3.165796e-02
1.232847e+01 3.355196e-02
1.519911e+01 3.554992e-02
1.873817e+01 3.765457e-02
2.310130e+01 3.986793e-02
2.848036e+01 4.219108e-02
3.511192e+01 4.462395e-02
4.328761e+01 4.716515e-02
5.336699e+01 4.981172e-02
6.579332e+01 5.255903e-02
8.111308e+01 5.540063e-02
1.000000e+02 5.832828e-02
1.232847e+02 6.133213e-02
1.519911e+02 6.440101e-02
1.873817e+02 6.752307e-02
2.310130e+02 7.068663e-02
2.848036e+02 7.388139e-02
3.511192e+02 7.709999e-02
4.328761e+02 8.033988e-02
5.336699e+02 8.360557e-02
6.579332e+02 8.691109e-02
8.111308e+02 9.028263e-02
1.000000e+03 9.376125e-02
1.232847e+03 9.740548e-02
1.519911e+03 1.012936e-01
1.873817e+03 1.055255e-01
2.310130e+03 1.102232e-01
2.848036e+03 1.155295e-01
3.511192e+03 1.216032e-01
4.328761e+03 1.286072e-01
5.336699e+03 1.366843e-01
6.579332e+03 1.459125e-01
8.111308e+03 1.562248e-01
1.000000e+04 1.672796e-01
1.232847e+04 1.782694e-01
1.519911e+04 1.876875e-01
1.873817e+04 1.931489e-01
2.310130e+04 1.915011e-01
2.848036e+04 1.795888e-01
3.511192e+04 1.558853e-01
4.328761e+04 1.224074e-01
5.336699e+04 8.519398e-02
6.579332e+04 5.186368e-02
8.111308e+04 2.756674e-02
1.000000e+05 1.293544e-02
1.232847e+05 5.474518e-03
1.519911e+05 2.145122e-03
1.873817e+05 7.979671e-04
2.310130e+05 2.875143e-04
2.848036e+05 1.017475e-04
3.511192e+05 3.567041e-05
4.328761e+05 1.244796e-05
5.336699e+05 4.334783e-06
6.579332e+05 1.508105e-06
8.111308e+05 5.244747e-07
1.000000e+06 1.823677e-07
1.232847e+06 6.340795e-08
1.519911e+06 2.204595e-08
1.873817e+06 7.664957e-09
2.310130e+06 2.664951e-09
2.848036e+06 9.265484e-10
3.511192e+06 3.221416e-10
4.328761e+06 1.120019e-10
5.336699e+06 3.894073e-11
6.579332e+06 1.353888e-11
8.111308e+06 4.707186e-12
1.000000e+07 1.636590e-12
