1.000000e-02 1.477336e-02
1.232847e-02 1.563161e-02
1.519911e-02 1.653971e-02
1.873817e-02 1.750057e-02
2.310130e-02 1.851725e-02
2.848036e-02 1.959300e-02
3.511192e-02 2.073123e-02
4.328761e-02 2.193560e-02
5.336699e-02 2.320992e-02
6.579332e-02 2.455828e-02
8.111308e-02 2.598498e-02
1.000000e-01 2.749455e-02
1.232847e-01 2.909182e-02
1.519911e-01 3.078188e-02
1.873817e-01 3.257013e-02
2.310130e-01 3.446226e-02
2.848036e-01 3.646431e-02
3.511192e-01 3.858267e-02
4.328761e-01 4.082410e-02
5.336699e-01 4.319572e-02
6.579332e-01 4.570510e-02
8.111308e-01 4.836017e-02
1.000000e+00 5.116928e-02
1.232847e+00 5.414112e-02
1.519911e+00 5.728463e-02
1.873817e+00 6.060882e-02
2.310130e+00 6.412250e-02
2.848036e+00 6.783380e-02
3.511192e+00 7.174955e-02
4.328761e+00 7.587437e-02
5.336699e+00 8.020935e-02
6.579332e+00 8.475047e-02
8.111308e+00 8.948639e-02
1.000000e+01 9.439594e-02
1.232847e+01 9.944496e-02
1.519911e+01 1.045828e-01
1.873817e+01 1.097389e-01
2.310130e+01 1.148190e-01
2.848036e+01 1.197028e-01
3.511192e+01 1.242424e-01
4.328761e+01 1.282641e-01
5.336699e+01 1.315730e-01
6.579332e+01 1.339622e-01
8.111308e+01 1.352269e-01
1.000000e+02 1.351832e-01
1.232847e+02 1.336892e-01
1.519911e+02 1.306675e-01
1.873817e+02 1.261229e-01
2.310130e+02 1.201536e-01
2.848036e+02 1.129507e-01
3.511192e+02 1.047849e-01
4.328761e+02 9.598207e-02
5.336699e+02 8.689107e-02
6.579332e+02 7.784931e-02
8.111308e+02 6.915275e-02
1.000000e+03 6.103454e-02
1.232847e+03 5.365455e-02
1.519911e+03 4.709932e-02
1.873817e+03 4.139005e-02
2.310130e+03 3.649476e-02
2.848036e+03 3.234140e-02
3.511192e+03 2.882896e-02
4.328761e+03 2.583523e-02
5.336699e+03 2.322122e-02
6.579332e+03 2.083423e-02
8.111308e+03 1.851421e-02
1.000000e+04 1.611057e-02
1.232847e+04 1.351726e-02
1.519911e+04 1.072552e-02
1.873817e+04 7.870827e-03
2.310130e+04 5.222793e-03
2.848036e+04 3.077295e-03
3.511192e+04 1.597233e-03
4.328761e+04 7.351093e-04
5.336699e+04 3.060832e-04
6.579332e+04 1.184484e-04
8.111308e+04 4.371497e-05
1.000000e+05 1.569446e-05
1.232847e+05 5.552498e-06
1.519911e+05 1.950231e-06
1.873817e+05 6.826943e-07
2.310130e+05 2.386299e-07
2.848036e+05 8.335902e-08
3.511192e+05 2.911186e-08
4.328761e+05 1.016585e-08
5.336699e+05 3.549771e-09
6.579332e+05 1.239512e-09
8.111308e+05 4.328113e-10
1.000000e+06 1.511282e-10
1.232847e+06 5.277063e-11
1.519911e+06 1.842633e-11
1.873817e+06 6.434064e-12
2.310130e+06 2.246632e-12
2.848036e+06 7.844738e-13
3.511192e+06 2.739208e-13
4.328761e+06 9.564702e-14
5.336699e+06 3.339781e-14
6.579332e+06 1.166177e-14
8.111308e+06 4.072030e-15
1.000000e+07 1.421862e-15
