1.000000e-02 1.412605e-02
1.232847e-02 1.508273e-02
1.519911e-02 1.610419e-02
1.873817e-02 1.719484e-02
2.310130e-02 1.835935e-02
2.848036e-02 1.960272e-02
3.511192e-02 2.093030e-02
4.328761e-02 2.234779e-02
5.336699e-02 2.386128e-02
6.579332e-02 2.547726e-02
8.111308e-02 2.720269e-02
1.000000e-01 2.904498e-02
1.232847e-01 3.101203e-02
1.519911e-01 3.311229e-02
1.873817e-01 3.535480e-02
2.310130e-01 3.774918e-02
2.848036e-01 4.030572e-02
3.511192e-01 4.303542e-02
4.328761e-01 4.595002e-02
5.336699e-01 4.906214e-02
6.579332e-01 5.238529e-02
8.111308e-01 5.593403e-02
1.000000e+00 5.972408e-02
1.232847e+00 6.377236e-02
1.519911e+00 6.809700e-02
1.873817e+00 7.271716e-02
2.310130e+00 7.765247e-02
2.848036e+00 8.292196e-02
3.511192e+00 8.854219e-02
4.328761e+00 9.452417e-02
5.336699e+00 1.008687e-01
6.579332e+00 1.075598e-01
8.111308e+00 1.145552e-01
1.000000e+01 1.217749e-01
1.232847e+01 1.290862e-01
1.519911e+01 1.362885e-01
1.873817e+01 1.430979e-01
2.310130e+01 1.491380e-01
2.848036e+01 1.539425e-01
3.511192e+01 1.569775e-01
4.328761e+01 1.576914e-01
5.336699e+01 1.555950e-01
6.579332e+01 1.503645e-01
8.111308e+01 1.419443e-01
1.000000e+02 1.306187e-01
1.232847e+02 1.170159e-01
1.519911e+02 1.020281e-01
1.873817e+02 8.666186e-02
2.310130e+02 7.186276e-02
2.848036e+02 5.836948e-02
3.511192e+02 4.663728e-02
4.328761e+02 3.683851e-02
5.336699e+02 2.891991e-02
6.579332e+02 2.268383e-02
8.111308e+02 1.786513e-02
1.000000e+03 1.418840e-02
1.232847e+03 1.140207e-02
1.519911e+03 9.293719e-03
1.873817e+03 7.692775e-03
2.310130e+03 6.466636e-03
2.848036e+03 5.514141e-03
3.511192e+03 4.758849e-03
4.328761e+03 4.143272e-03
5.336699e+03 3.624450e-03
6.579332e+03 3.170870e-03
8.111308e+03 2.760456e-03
1.000000e+04 2.379230e-03
1.232847e+04 2.020206e-03
1.519911e+04 1.682100e-03
1.873817e+04 1.367693e-03
2.310130e+04 1.081895e-03
2.848036e+04 8.298419e-04
3.511192e+04 6.153613e-04
4.328761e+04 4.400354e-04
5.336699e+04 3.028789e-04
6.579332e+04 2.005299e-04
8.111308e+04 1.278323e-04
1.000000e+05 7.868627e-05
1.232847e+05 4.698120e-05
1.519911e+05 2.736041e-05
1.873817e+05 1.563063e-05
2.310130e+05 8.805241e-06
2.848036e+05 4.912146e-06
3.511192e+05 2.722551e-06
4.328761e+05 1.502661e-06
5.336699e+05 8.271940e-07
6.579332e+05 4.546310e-07
8.111308e+05 2.496291e-07
1.000000e+06 1.369896e-07
1.232847e+06 7.515165e-08
1.519911e+06 4.122009e-08
1.873817e+06 2.260654e-08
2.310130e+06 1.239750e-08
2.848036e+06 6.798617e-09
3.511192e+06 3.728205e-09
4.328761e+06 2.044444e-09
5.336699e+06 1.121112e-09
6.579332e+06 6.147835e-10
8.111308e+06 3.371281e-10
1.000000e+07 1.848706e-10
