1.000000e-02 2.396864e-02
1.232847e-02 2.528534e-02
1.519911e-02 2.667438e-02
1.873817e-02 2.813972e-02
2.310130e-02 2.968555e-02
2.848036e-02 3.131631e-02
3.511192e-02 3.303665e-02
4.328761e-02 3.485150e-02
5.336699e-02 3.676605e-02
6.579332e-02 3.878576e-02
8.111308e-02 4.091644e-02
1.000000e-01 4.316415e-02
1.232847e-01 4.553535e-02
1.519911e-01 4.803680e-02
1.873817e-01 5.067568e-02
2.310130e-01 5.345951e-02
2.848036e-01 5.639628e-02
3.511192e-01 5.949439e-02
4.328761e-01 6.276274e-02
5.336699e-01 6.621073e-02
6.579332e-01 6.984832e-02
8.111308e-01 7.368603e-02
1.000000e+00 7.773495e-02
1.232847e+00 8.200650e-02
1.519911e+00 8.651209e-02
1.873817e+00 9.126230e-02
2.310130e+00 9.626554e-02
2.848036e+00 1.015258e-01
3.511192e+00 1.070391e-01
4.328761e+00 1.127886e-01
5.336699e+00 1.187374e-01
6.579332e+00 1.248193e-01
8.111308e+00 1.309268e-01
1.000000e+01 1.368974e-01
1.232847e+01 1.424993e-01
1.519911e+01 1.474187e-01
1.873817e+01 1.512543e-01
2.310130e+01 1.535260e-01
2.848036e+01 1.537051e-01
3.511192e+01 1.512747e-01
4.328761e+01 1.458201e-01
5.336699e+01 1.371406e-01
6.579332e+01 1.253545e-01
8.111308e+01 1.109602e-01
1.000000e+02 9.481365e-02
1.232847e+02 7.800741e-02
1.519911e+02 6.167581e-02
1.873817e+02 4.678891e-02
2.310130e+02 3.400492e-02
2.848036e+02 2.362249e-02
3.511192e+02 1.562692e-02
4.328761e+02 9.788144e-03
5.336699e+02 5.761519e-03
6.579332e+02 3.161834e-03
8.111308e+02 1.608713e-03
1.000000e+03 7.588107e-04
1.232847e+03 3.342159e-04
1.519911e+03 1.392707e-04
1.873817e+03 5.575965e-05
2.310130e+03 2.175126e-05
2.848036e+03 8.355096e-06
3.511192e+03 3.182351e-06
4.328761e+03 1.206875e-06
5.336699e+03 4.567329e-07
6.579332e+03 1.726786e-07
8.111308e+03 6.525672e-08
1.000000e+04 2.465641e-08
1.232847e+04 9.315366e-09
1.519911e+04 3.519295e-09
1.873817e+04 1.329552e-09
2.310130e+04 5.022882e-10
2.848036e+04 1.897578e-10
3.511192e+04 7.168789e-11
4.328761e+04 2.708269e-11
5.336699e+04 1.023147e-11
6.579332e+04 3.865306e-12
8.111308e+04 1.460259e-12
1.000000e+05 5.516655e-13
1.232847e+05 2.084116e-13
1.519911e+05 7.873499e-14
1.873817e+05 2.974499e-14
2.310130e+05 1.123724e-14
2.848036e+05 4.245274e-15
3.511192e+05 1.603806e-15
4.328761e+05 6.058955e-16
5.336699e+05 2.288989e-16
6.579332e+05 8.647482e-17
8.111308e+05 3.266899e-17
1.000000e+06 1.234189e-17
1.232847e+06 4.662594e-18
1.519911e+06 1.761463e-18
1.873817e+06 6.654564e-19
2.310130e+06 2.514002e-19
2.848036e+06 9.497549e-20
3.511192e+06 3.588042e-20
4.328761e+06 1.355512e-20
5.336699e+06 5.120938e-21
6.579332e+06 1.934619e-21
8.111308e+06 7.308722e-22
1.000000e+07 2.761134e-22
