1.000000e-02 1.346061e-02
1.232847e-02 1.418770e-02
1.519911e-02 1.495407e-02
1.873817e-02 1.576184e-02
2.310130e-02 1.661323e-02
2.848036e-02 1.751062e-02
3.511192e-02 1.845647e-02
4.328761e-02 1.945342e-02
5.336699e-02 2.050423e-02
6.579332e-02 2.161179e-02
8.111308e-02 2.277918e-02
1.000000e-01 2.400962e-02
1.232847e-01 2.530653e-02
1.519911e-01 2.667350e-02
1.873817e-01 2.811430e-02
2.310130e-01 2.963293e-02
2.848036e-01 3.123360e-02
3.511192e-01 3.292074e-02
4.328761e-01 3.469904e-02
5.336699e-01 3.657350e-02
6.579332e-01 3.854943e-02
8.111308e-01 4.063257e-02
1.000000e+00 4.282919e-02
1.232847e+00 4.514621e-02
1.519911e+00 4.759144e-02
1.873817e+00 5.017377e-02
2.310130e+00 5.290347e-02
2.848036e+00 5.579251e-02
3.511192e+00 5.885480e-02
4.328761e+00 6.210657e-02
5.336699e+00 6.556650e-02
6.579332e+00 6.925583e-02
8.111308e+00 7.319818e-02
1.000000e+01 7.741907e-02
1.232847e+01 8.194490e-02
1.519911e+01 8.680124e-02
1.873817e+01 9.201014e-02
2.310130e+01 9.758630e-02
2.848036e+01 1.035315e-01
3.511192e+01 1.098271e-01
4.328761e+01 1.164250e-01
5.336699e+01 1.232357e-01
6.579332e+01 1.301153e-01
8.111308e+01 1.368533e-01
1.000000e+02 1.431618e-01
1.232847e+02 1.486727e-01
1.519911e+02 1.529466e-01
1.873817e+02 1.555005e-01
2.310130e+02 1.558562e-01
2.848036e+02 1.536107e-01
3.511192e+02 1.485184e-01
4.328761e+02 1.405670e-01
5.336699e+02 1.300241e-01
6.579332e+02 1.174317e-01
8.111308e+02 1.035412e-01
1.000000e+03 8.919874e-02
1.232847e+03 7.521281e-02
1.519911e+03 6.224025e-02
1.873817e+03 5.071951e-02
2.310130e+03 4.085949e-02
2.848036e+03 3.267344e-02
3.511192e+03 2.603670e-02
4.328761e+03 2.074736e-02
5.336699e+03 1.657621e-02
6.579332e+03 1.330060e-02
8.111308e+03 1.072327e-02
1.000000e+04 8.679928e-03
1.232847e+04 7.039857e-03
1.519911e+04 5.703092e-03
1.873817e+04 4.596138e-03
2.310130e+04 3.667408e-03
2.848036e+04 2.882669e-03
3.511192e+04 2.220518e-03
4.328761e+04 1.667936e-03
5.336699e+04 1.216177e-03
6.579332e+04 8.574396e-04
8.111308e+04 5.827175e-04
1.000000e+05 3.809812e-04
1.232847e+05 2.395135e-04
1.519911e+05 1.449861e-04
1.873817e+05 8.478611e-05
2.310130e+05 4.813444e-05
2.848036e+05 2.668294e-05
3.511192e+05 1.452724e-05
4.328761e+05 7.808074e-06
5.336699e+05 4.160190e-06
6.579332e+05 2.204051e-06
8.111308e+05 1.163570e-06
1.000000e+06 6.129617e-07
1.232847e+06 3.224975e-07
1.519911e+06 1.695527e-07
1.873817e+06 8.910589e-08
2.310130e+06 4.681777e-08
2.848036e+06 2.459591e-08
3.511192e+06 1.292075e-08
4.328761e+06 6.787334e-09
5.336699e+06 3.565367e-09
6.579332e+06 1.872866e-09
8.111308e+06 9.838031e-10
1.000000e+07 5.167846e-10
