1.000000e-02 7.400216e-03
1.232847e-02 7.814276e-03
1.519911e-02 8.251502e-03
1.873817e-02 8.713193e-03
2.310130e-02 9.200716e-03
2.848036e-02 9.715517e-03
3.511192e-02 1.025912e-02
4.328761e-02 1.083314e-02
5.336699e-02 1.143928e-02
6.579332e-02 1.207934e-02
8.111308e-02 1.275520e-02
1.000000e-01 1.346889e-02
1.232847e-01 1.422250e-02
1.519911e-01 1.501829e-02
1.873817e-01 1.585859e-02
2.310130e-01 1.674592e-02
2.848036e-01 1.768289e-02
3.511192e-01 1.867229e-02
4.328761e-01 1.971704e-02
5.336699e-01 2.082026e-02
6.579332e-01 2.198519e-02
8.111308e-01 2.321529e-02
1.000000e+00 2.451420e-02
1.232847e+00 2.588573e-02
1.519911e+00 2.733393e-02
1.873817e+00 2.886301e-02
2.310130e+00 3.047740e-02
2.848036e+00 3.218174e-02
3.511192e+00 3.398083e-02
4.328761e+00 3.587965e-02
5.336699e+00 3.788334e-02
6.579332e+00 3.999711e-02
8.111308e+00 4.222626e-02
1.000000e+01 4.457603e-02
1.232847e+01 4.705154e-02
1.519911e+01 4.965768e-02
1.873817e+01 5.239891e-02
2.310130e+01 5.527906e-02
2.848036e+01 5.830110e-02
3.511192e+01 6.146682e-02
4.328761e+01 6.477643e-02
5.336699e+01 6.822818e-02
6.579332e+01 7.181782e-02
8.111308e+01 7.553806e-02
1.000000e+02 7.937792e-02
1.232847e+02 8.332209e-02
1.519911e+02 8.735024e-02
1.873817e+02 9.143639e-02
2.310130e+02 9.554826e-02
2.848036e+02 9.964681e-02
3.511192e+02 1.036860e-01
4.328761e+02 1.076126e-01
5.336699e+02 1.113668e-01
6.579332e+02 1.148823e-01
8.111308e+02 1.180881e-01
1.000000e+03 1.209093e-01
1.232847e+03 1.232695e-01
1.519911e+03 1.250922e-01
1.873817e+03 1.263037e-01
2.310130e+03 1.268347e-01
2.848036e+03 1.266220e-01
3.511192e+03 1.256109e-01
4.328761e+03 1.237555e-01
5.336699e+03 1.210209e-01
6.579332e+03 1.173840e-01
8.111308e+03 1.128356e-01
1.000000e+04 1.073835e-01
1.232847e+04 1.010566e-01
1.519911e+04 9.391019e-02
1.873817e+04 8.603264e-02
2.310130e+04 7.755196e-02
2.848036e+04 6.864012e-02
3.511192e+04 5.951287e-02
4.328761e+04 5.042238e-02
5.336699e+04 4.164093e-02
6.579332e+04 3.343619e-02
8.111308e+04 2.604153e-02
1.000000e+05 1.962780e-02
1.232847e+05 1.428440e-02
1.519911e+05 1.001487e-02
1.873817e+05 6.747567e-03
2.310130e+05 4.357056e-03
2.848036e+05 2.688964e-03
3.511192e+05 1.582465e-03
4.328761e+05 8.872469e-04
5.336699e+05 4.746061e-04
6.579332e+05 2.432532e-04
8.111308e+05 1.202708e-04
1.000000e+06 5.782831e-05
1.232847e+06 2.725434e-05
1.519911e+06 1.267510e-05
1.873817e+06 5.846135e-06
2.310130e+06 2.683346e-06
2.848036e+06 1.228326e-06
3.511192e+06 5.614822e-07
4.328761e+06 2.564803e-07
5.336699e+06 1.171206e-07
6.579332e+06 5.347566e-08
8.111308e+06 2.441525e-08
1.000000e+07 1.114714e-08
