1.000000e-02 5.781150e-03
1.232847e-02 6.138012e-03
1.519911e-02 6.516902e-03
1.873817e-02 6.919180e-03
2.310130e-02 7.346291e-03
2.848036e-02 7.799766e-03
3.511192e-02 8.281233e-03
4.328761e-02 8.792421e-03
5.336699e-02 9.335164e-03
6.579332e-02 9.911409e-03
8.111308e-02 1.052323e-02
1.000000e-01 1.117281e-02
1.232847e-01 1.186249e-02
1.519911e-01 1.259474e-02
1.873817e-01 1.337220e-02
2.310130e-01 1.419764e-02
2.848036e-01 1.507404e-02
3.511192e-01 1.600454e-02
4.328761e-01 1.699248e-02
5.336699e-01 1.804142e-02
6.579332e-01 1.915514e-02
8.111308e-01 2.033767e-02
1.000000e+00 2.159332e-02
1.232847e+00 2.292673e-02
1.519911e+00 2.434288e-02
1.873817e+00 2.584716e-02
2.310130e+00 2.744544e-02
2.848036e+00 2.914414e-02
3.511192e+00 3.095028e-02
4.328761e+00 3.287160e-02
5.336699e+00 3.491659e-02
6.579332e+00 3.709459e-02
8.111308e+00 3.941583e-02
1.000000e+01 4.189136e-02
1.232847e+01 4.453308e-02
1.519911e+01 4.735346e-02
1.873817e+01 5.036536e-02
2.310130e+01 5.358148e-02
2.848036e+01 5.701372e-02
3.511192e+01 6.067219e-02
4.328761e+01 6.456399e-02
5.336699e+01 6.869147e-02
6.579332e+01 7.305026e-02
8.111308e+01 7.762677e-02
1.000000e+02 8.239550e-02
1.232847e+02 8.731615e-02
1.519911e+02 9.233102e-02
1.873817e+02 9.736296e-02
2.310130e+02 1.023148e-01
2.848036e+02 1.070705e-01
3.511192e+02 1.115000e-01
4.328761e+02 1.154660e-01
5.336699e+02 1.188361e-01
6.579332e+02 1.214964e-01
8.111308e+02 1.233678e-01
1.000000e+03 1.244212e-01
1.232847e+03 1.246886e-01
1.519911e+03 1.242694e-01
1.873817e+03 1.233273e-01
2.310130e+03 1.220801e-01
2.848036e+03 1.207808e-01
3.511192e+03 1.196932e-01
4.328761e+03 1.190610e-01
5.336699e+03 1.190682e-01
6.579332e+03 1.197818e-01
8.111308e+03 1.210655e-01
1.000000e+04 1.224489e-01
1.232847e+04 1.229603e-01
1.519911e+04 1.209972e-01
1.873817e+04 1.144467e-01
2.310130e+04 1.014102e-01
2.848036e+04 8.166862e-02
3.511192e+04 5.802288e-02
4.328761e+04 3.561978e-02
5.336699e+04 1.883835e-02
6.579332e+04 8.742166e-03
8.111308e+04 3.683290e-03
1.000000e+05 1.463909e-03
1.232847e+05 5.665793e-04
1.519911e+05 2.179506e-04
1.873817e+05 8.415772e-05
2.310130e+05 3.271066e-05
2.848036e+05 1.278960e-05
3.511192e+05 5.021700e-06
4.328761e+05 1.976844e-06
5.336699e+05 7.793399e-07
6.579332e+05 3.074765e-07
8.111308e+05 1.213557e-07
1.000000e+06 4.790554e-08
1.232847e+06 1.891239e-08
1.519911e+06 7.466600e-09
1.873817e+06 2.947855e-09
2.310130e+06 1.163837e-09
2.848036e+06 4.594935e-10
3.511192e+06 1.814125e-10
4.328761e+06 7.162342e-11
5.336699e+06 2.827763e-11
6.579332e+06 1.116429e-11
8.111308e+06 4.407772e-12
1.000000e+07 1.740232e-12
