1.000000e-02 1.668958e-02
1.232847e-02 1.740613e-02
1.519911e-02 1.815344e-02
1.873817e-02 1.893284e-02
2.310130e-02 1.974571e-02
2.848036e-02 2.059347e-02
3.511192e-02 2.147763e-02
4.328761e-02 2.239976e-02
5.336699e-02 2.336147e-02
6.579332e-02 2.436447e-02
8.111308e-02 2.541054e-02
1.000000e-01 2.650152e-02
1.232847e-01 2.763933e-02
1.519911e-01 2.882600e-02
1.873817e-01 3.006362e-02
2.310130e-01 3.135437e-02
2.848036e-01 3.270054e-02
3.511192e-01 3.410449e-02
4.328761e-01 3.556868e-02
5.336699e-01 3.709563e-02
6.579332e-01 3.868790e-02
8.111308e-01 4.034803e-02
1.000000e+00 4.207845e-02
1.232847e+00 4.388136e-02
1.519911e+00 4.575858e-02
1.873817e+00 4.771131e-02
2.310130e+00 4.973994e-02
2.848036e+00 5.184371e-02
3.511192e+00 5.402040e-02
4.328761e+00 5.626603e-02
5.336699e+00 5.857443e-02
6.579332e+00 6.093701e-02
8.111308e+00 6.334239e-02
1.000000e+01 6.577622e-02
1.232847e+01 6.822104e-02
1.519911e+01 7.065639e-02
1.873817e+01 7.305894e-02
2.310130e+01 7.540300e-02
2.848036e+01 7.766113e-02
3.511192e+01 7.980505e-02
4.328761e+01 8.180675e-02
5.336699e+01 8.363978e-02
6.579332e+01 8.528060e-02
8.111308e+01 8.670999e-02
1.000000e+02 8.791436e-02
1.232847e+02 8.888688e-02
1.519911e+02 8.962826e-02
1.873817e+02 9.014726e-02
2.310130e+02 9.046065e-02
2.848036e+02 9.059288e-02
3.511192e+02 9.057527e-02
4.328761e+02 9.044480e-02
5.336699e+02 9.024274e-02
6.579332e+02 9.001293e-02
8.111308e+02 8.979994e-02
1.000000e+03 8.964704e-02
1.232847e+03 8.959392e-02
1.519911e+03 8.967402e-02
1.873817e+03 8.991122e-02
2.310130e+03 9.031559e-02
2.848036e+03 9.087764e-02
3.511192e+03 9.156075e-02
4.328761e+03 9.229135e-02
5.336699e+03 9.294684e-02
6.579332e+03 9.334251e-02
8.111308e+03 9.322011e-02
1.000000e+04 9.224389e-02
1.232847e+04 9.001372e-02
1.519911e+04 8.610788e-02
1.873817e+04 8.016727e-02
2.310130e+04 7.202105e-02
2.848036e+04 6.182806e-02
3.511192e+04 5.017440e-02
4.328761e+04 3.804849e-02
5.336699e+04 2.664471e-02
6.579332e+04 1.703490e-02
8.111308e+04 9.846656e-03
1.000000e+05 5.115654e-03
1.232847e+05 2.390895e-03
1.519911e+05 1.015118e-03
1.873817e+05 3.985689e-04
2.310130e+05 1.478657e-04
2.848036e+05 5.288162e-05
3.511192e+05 1.851207e-05
4.328761e+05 6.407047e-06
5.336699e+05 2.205058e-06
6.579332e+05 7.569262e-07
8.111308e+05 2.595329e-07
1.000000e+06 8.894548e-08
1.232847e+06 3.047696e-08
1.519911e+06 1.044207e-08
1.873817e+06 3.577578e-09
2.310130e+06 1.225708e-09
2.848036e+06 4.199358e-10
3.511192e+06 1.438727e-10
4.328761e+06 4.929167e-11
5.336699e+06 1.688763e-11
6.579332e+06 5.785804e-12
8.111308e+06 1.982252e-12
1.000000e+07 6.791316e-13
