1.000000e-02 6.642060e-03
1.232847e-02 7.016765e-03
1.519911e-02 7.412607e-03
1.873817e-02 7.830781e-03
2.310130e-02 8.272545e-03
2.848036e-02 8.739231e-03
3.511192e-02 9.232244e-03
4.328761e-02 9.753070e-03
5.336699e-02 1.030328e-02
6.579332e-02 1.088453e-02
8.111308e-02 1.149856e-02
1.000000e-01 1.214724e-02
1.232847e-01 1.283251e-02
1.519911e-01 1.355644e-02
1.873817e-01 1.432122e-02
2.310130e-01 1.512913e-02
2.848036e-01 1.598262e-02
3.511192e-01 1.688426e-02
4.328761e-01 1.783677e-02
5.336699e-01 1.884301e-02
6.579332e-01 1.990601e-02
8.111308e-01 2.102899e-02
1.000000e+00 2.221531e-02
1.232847e+00 2.346856e-02
1.519911e+00 2.479250e-02
1.873817e+00 2.619112e-02
2.310130e+00 2.766862e-02
2.848036e+00 2.922943e-02
3.511192e+00 3.087821e-02
4.328761e+00 3.261988e-02
5.336699e+00 3.445958e-02
6.579332e+00 3.640269e-02
8.111308e+00 3.845482e-02
1.000000e+01 4.062176e-02
1.232847e+01 4.290947e-02
1.519911e+01 4.532397e-02
1.873817e+01 4.787131e-02
2.310130e+01 5.055738e-02
2.848036e+01 5.338777e-02
3.511192e+01 5.636757e-02
4.328761e+01 5.950104e-02
5.336699e+01 6.279128e-02
6.579332e+01 6.623978e-02
8.111308e+01 6.984586e-02
1.000000e+02 7.360611e-02
1.232847e+02 7.751360e-02
1.519911e+02 8.155708e-02
1.873817e+02 8.572011e-02
2.310130e+02 8.998012e-02
2.848036e+02 9.430752e-02
3.511192e+02 9.866481e-02
4.328761e+02 1.030059e-01
5.336699e+02 1.072758e-01
6.579332e+02 1.114102e-01
8.111308e+02 1.153363e-01
1.000000e+03 1.189734e-01
1.232847e+03 1.222343e-01
1.519911e+03 1.250280e-01
1.873817e+03 1.272615e-01
2.310130e+03 1.288436e-01
2.848036e+03 1.296873e-01
3.511192e+03 1.297138e-01
4.328761e+03 1.288548e-01
5.336699e+03 1.270552e-01
6.579332e+03 1.242754e-01
8.111308e+03 1.204939e-01
1.000000e+04 1.157094e-01
1.232847e+04 1.099454e-01
1.519911e+04 1.032539e-01
1.873817e+04 9.572151e-02
2.310130e+04 8.747408e-02
2.848036e+04 7.867971e-02
3.511192e+04 6.954727e-02
4.328761e+04 6.031848e-02
5.336699e+04 5.125249e-02
6.579332e+04 4.260438e-02
8.111308e+04 3.460115e-02
1.000000e+05 2.742031e-02
1.232847e+05 2.117583e-02
1.519911e+05 1.591403e-02
1.873817e+05 1.161920e-02
2.310130e+05 8.226092e-03
2.848036e+05 5.635325e-03
3.511192e+05 3.728100e-03
4.328761e+05 2.378504e-03
5.336699e+05 1.463233e-03
6.579332e+05 8.694064e-04
8.111308e+05 5.006673e-04
1.000000e+06 2.808283e-04
1.232847e+06 1.542894e-04
1.519911e+06 8.348364e-05
1.873817e+06 4.469632e-05
2.310130e+06 2.376488e-05
2.848036e+06 1.258167e-05
3.511192e+06 6.644352e-06
4.328761e+06 3.504054e-06
5.336699e+06 1.846669e-06
6.579332e+06 9.729153e-07
8.111308e+06 5.125251e-07
1.000000e+07 2.699896e-07
