1.000000e-02 1.692166e-02
1.232847e-02 1.774254e-02
1.519911e-02 1.860324e-02
1.873817e-02 1.950570e-02
2.310130e-02 2.045193e-02
2.848036e-02 2.144407e-02
3.511192e-02 2.248433e-02
4.328761e-02 2.357506e-02
5.336699e-02 2.471871e-02
6.579332e-02 2.591783e-02
8.111308e-02 2.717512e-02
1.000000e-01 2.849340e-02
1.232847e-01 2.987563e-02
1.519911e-01 3.132492e-02
1.873817e-01 3.284451e-02
2.310130e-01 3.443782e-02
2.848036e-01 3.610842e-02
3.511192e-01 3.786006e-02
4.328761e-01 3.969664e-02
5.336699e-01 4.162226e-02
6.579332e-01 4.364116e-02
8.111308e-01 4.575770e-02
1.000000e+00 4.797631e-02
1.232847e+00 5.030141e-02
1.519911e+00 5.273730e-02
1.873817e+00 5.528798e-02
2.310130e+00 5.795693e-02
2.848036e+00 6.074688e-02
3.511192e+00 6.365940e-02
4.328761e+00 6.669455e-02
5.336699e+00 6.985037e-02
6.579332e+00 7.312235e-02
8.111308e+00 7.650276e-02
1.000000e+01 7.998002e-02
1.232847e+01 8.353796e-02
1.519911e+01 8.715512e-02
1.873817e+01 9.080402e-02
2.310130e+01 9.445061e-02
2.848036e+01 9.805378e-02
3.511192e+01 1.015652e-01
4.328761e+01 1.049293e-01
5.336699e+01 1.080841e-01
6.579332e+01 1.109620e-01
8.111308e+01 1.134912e-01
1.000000e+02 1.155985e-01
1.232847e+02 1.172113e-01
1.519911e+02 1.182613e-01
1.873817e+02 1.186875e-01
2.310130e+02 1.184400e-01
2.848036e+02 1.174834e-01
3.511192e+02 1.157989e-01
4.328761e+02 1.133868e-01
5.336699e+02 1.102668e-01
6.579332e+02 1.064778e-01
8.111308e+02 1.020759e-01
1.000000e+03 9.713114e-02
1.232847e+03 9.172430e-02
1.519911e+03 8.594200e-02
1.873817e+03 7.987283e-02
2.310130e+03 7.360359e-02
2.848036e+03 6.721648e-02
3.511192e+03 6.078736e-02
4.328761e+03 5.438542e-02
5.336699e+03 4.807418e-02
6.579332e+03 4.191390e-02
8.111308e+03 3.596486e-02
1.000000e+04 3.029052e-02
1.232847e+04 2.495947e-02
1.519911e+04 2.004484e-02
1.873817e+04 1.562035e-02
2.310130e+04 1.175279e-02
2.848036e+04 8.491823e-03
3.511192e+04 5.859023e-03
4.328761e+04 3.839350e-03
5.336699e+04 2.378637e-03
6.579332e+04 1.389528e-03
8.111308e+04 7.655461e-04
1.000000e+05 3.993192e-04
1.232847e+05 1.986597e-04
1.519911e+05 9.517270e-05
1.873817e+05 4.434921e-05
2.310130e+05 2.028084e-05
2.848036e+05 9.164395e-06
3.511192e+05 4.111763e-06
4.328761e+05 1.837375e-06
5.336699e+05 8.192460e-07
6.579332e+05 3.648643e-07
8.111308e+05 1.624031e-07
1.000000e+06 7.226552e-08
1.232847e+06 3.215191e-08
1.519911e+06 1.430385e-08
1.873817e+06 6.363347e-09
2.310130e+06 2.830817e-09
2.848036e+06 1.259317e-09
3.511192e+06 5.602179e-10
4.328761e+06 2.492174e-10
5.336699e+06 1.108663e-10
6.579332e+06 4.931972e-11
8.111308e+06 2.194025e-11
1.000000e+07 9.760289e-12
