1.000000e-02 4.895117e-02
1.232847e-02 5.013946e-02
1.519911e-02 5.135660e-02
1.873817e-02 5.260328e-02
2.310130e-02 5.388023e-02
2.848036e-02 5.518817e-02
3.511192e-02 5.652786e-02
4.328761e-02 5.790008e-02
5.336699e-02 5.930560e-02
6.579332e-02 6.074525e-02
8.111308e-02 6.221984e-02
1.000000e-01 6.373023e-02
1.232847e-01 6.527728e-02
1.519911e-01 6.686189e-02
1.873817e-01 6.848496e-02
2.310130e-01 7.014742e-02
2.848036e-01 7.185021e-02
3.511192e-01 7.359420e-02
4.328761e-01 7.538018e-02
5.336699e-01 7.720861e-02
6.579332e-01 7.907939e-02
8.111308e-01 8.099142e-02
1.000000e+00 8.294202e-02
1.232847e+00 8.492622e-02
1.519911e+00 8.693585e-02
1.873817e+00 8.895860e-02
2.310130e+00 9.097706e-02
2.848036e+00 9.296778e-02
3.511192e+00 9.490058e-02
4.328761e+00 9.673816e-02
5.336699e+00 9.843613e-02
6.579332e+00 9.994375e-02
8.111308e+00 1.012053e-01
1.000000e+01 1.021624e-01
1.232847e+01 1.027567e-01
1.519911e+01 1.029337e-01
1.873817e+01 1.026469e-01
2.310130e+01 1.018612e-01
2.848036e+01 1.005574e-01
3.511192e+01 9.873417e-02
4.328761e+01 9.640972e-02
5.336699e+01 9.362173e-02
6.579332e+01 9.042544e-02
8.111308e+01 8.689040e-02
1.000000e+02 8.309604e-02
1.232847e+02 7.912674e-02
1.519911e+02 7.506669e-02
1.873817e+02 7.099542e-02
2.310130e+02 6.698405e-02
2.848036e+02 6.309270e-02
3.511192e+02 5.936902e-02
4.328761e+02 5.584779e-02
5.336699e+02 5.255130e-02
6.579332e+02 4.949042e-02
8.111308e+02 4.666592e-02
1.000000e+03 4.406999e-02
1.232847e+03 4.168776e-02
1.519911e+03 3.949863e-02
1.873817e+03 3.747750e-02
2.310130e+03 3.559585e-02
2.848036e+03 3.382268e-02
3.511192e+03 3.212540e-02
4.328761e+03 3.047086e-02
5.336699e+03 2.882647e-02
6.579332e+03 2.716169e-02
8.111308e+03 2.544981e-02
1.000000e+04 2.367019e-02
1.232847e+04 2.181066e-02
1.519911e+04 1.986991e-02
1.873817e+04 1.785928e-02
2.310130e+04 1.580336e-02
2.848036e+04 1.373883e-02
3.511192e+04 1.171132e-02
4.328761e+04 9.770411e-03
5.336699e+04 7.963756e-03
6.579332e+04 6.331408e-03
8.111308e+04 4.901551e-03
1.000000e+05 3.688401e-03
1.232847e+05 2.692389e-03
1.519911e+05 1.902165e-03
1.873817e+05 1.297565e-03
2.310130e+05 8.527682e-04
2.848036e+05 5.391866e-04
3.511192e+05 3.279902e-04
4.328761e+05 1.923303e-04
5.336699e+05 1.091480e-04
6.579332e+05 6.027295e-05
8.111308e+05 3.258225e-05
1.000000e+06 1.734113e-05
1.232847e+06 9.130829e-06
1.519911e+06 4.774097e-06
1.873817e+06 2.485230e-06
2.310130e+06 1.290334e-06
2.848036e+06 6.689352e-07
3.511192e+06 3.465034e-07
4.328761e+06 1.794093e-07
5.336699e+06 9.287373e-08
6.579332e+06 4.807316e-08
8.111308e+06 2.488283e-08
1.000000e+07 1.287937e-08
