1.000000e-02 1.152854e-02
1.232847e-02 1.214501e-02
1.519911e-02 1.279443e-02
1.873817e-02 1.347859e-02
2.310130e-02 1.419932e-02
2.848036e-02 1.495860e-02
3.511192e-02 1.575848e-02
4.328761e-02 1.660112e-02
5.336699e-02 1.748883e-02
6.579332e-02 1.842401e-02
8.111308e-02 1.940919e-02
1.000000e-01 2.044705e-02
1.232847e-01 2.154041e-02
1.519911e-01 2.269223e-02
1.873817e-01 2.390565e-02
2.310130e-01 2.518395e-02
2.848036e-01 2.653060e-02
3.511192e-01 2.794927e-02
4.328761e-01 2.944380e-02
5.336699e-01 3.101826e-02
6.579332e-01 3.267693e-02
8.111308e-01 3.442437e-02
1.000000e+00 3.626536e-02
1.232847e+00 3.820500e-02
1.519911e+00 4.024872e-02
1.873817e+00 4.240229e-02
2.310130e+00 4.467186e-02
2.848036e+00 4.706400e-02
3.511192e+00 4.958571e-02
4.328761e+00 5.224440e-02
5.336699e+00 5.504784e-02
6.579332e+00 5.800413e-02
8.111308e+00 6.112149e-02
1.000000e+01 6.440807e-02
1.232847e+01 6.787159e-02
1.519911e+01 7.151887e-02
1.873817e+01 7.535513e-02
2.310130e+01 7.938319e-02
2.848036e+01 8.360229e-02
3.511192e+01 8.800674e-02
4.328761e+01 9.258423e-02
5.336699e+01 9.731378e-02
6.579332e+01 1.021636e-01
8.111308e+01 1.070883e-01
1.000000e+02 1.120268e-01
1.232847e+02 1.168997e-01
1.519911e+02 1.216071e-01
1.873817e+02 1.260281e-01
2.310130e+02 1.300206e-01
2.848036e+02 1.334240e-01
3.511192e+02 1.360636e-01
4.328761e+02 1.377582e-01
5.336699e+02 1.383305e-01
6.579332e+02 1.376203e-01
8.111308e+02 1.355000e-01
1.000000e+03 1.318902e-01
1.232847e+03 1.267750e-01
1.519911e+03 1.202125e-01
1.873817e+03 1.123403e-01
2.310130e+03 1.033729e-01
2.848036e+03 9.358957e-02
3.511192e+03 8.331524e-02
4.328761e+03 7.289461e-02
5.336699e+03 6.266366e-02
6.579332e+03 5.292190e-02
8.111308e+03 4.390959e-02
1.000000e+04 3.579306e-02
1.232847e+04 2.866045e-02
1.519911e+04 2.252803e-02
1.873817e+04 1.735518e-02
2.310130e+04 1.306441e-02
2.848036e+04 9.562233e-03
3.511192e+04 6.756460e-03
4.328761e+04 4.565996e-03
5.336699e+04 2.920531e-03
6.579332e+04 1.751034e-03
8.111308e+04 9.781136e-04
1.000000e+05 5.090694e-04
1.232847e+05 2.485966e-04
1.519911e+05 1.152935e-04
1.873817e+05 5.149088e-05
2.310130e+05 2.242493e-05
2.848036e+05 9.616284e-06
3.511192e+05 4.087094e-06
4.328761e+05 1.728694e-06
5.336699e+05 7.293387e-07
6.579332e+05 3.073229e-07
8.111308e+05 1.294186e-07
1.000000e+06 5.448459e-08
1.232847e+06 2.293472e-08
1.519911e+06 9.653547e-09
1.873817e+06 4.063206e-09
2.310130e+06 1.710195e-09
2.848036e+06 7.198140e-10
3.511192e+06 3.029660e-10
4.328761e+06 1.275167e-10
5.336699e+06 5.367108e-11
6.579332e+06 2.258985e-11
8.111308e+06 9.507939e-12
1.000000e+07 4.001837e-12
