1.000000e-02 9.951078e-03
1.232847e-02 1.049154e-02
1.519911e-02 1.106135e-02
1.873817e-02 1.166211e-02
2.310130e-02 1.229549e-02
2.848036e-02 1.296328e-02
3.511192e-02 1.366734e-02
4.328761e-02 1.440963e-02
5.336699e-02 1.519224e-02
6.579332e-02 1.601736e-02
8.111308e-02 1.688729e-02
1.000000e-01 1.780446e-02
1.232847e-01 1.877145e-02
1.519911e-01 1.979096e-02
1.873817e-01 2.086583e-02
2.310130e-01 2.199909e-02
2.848036e-01 2.319390e-02
3.511192e-01 2.445359e-02
4.328761e-01 2.578171e-02
5.336699e-01 2.718196e-02
6.579332e-01 2.865828e-02
8.111308e-01 3.021481e-02
1.000000e+00 3.185593e-02
1.232847e+00 3.358627e-02
1.519911e+00 3.541076e-02
1.873817e+00 3.733460e-02
2.310130e+00 3.936331e-02
2.848036e+00 4.150275e-02
3.511192e+00 4.375910e-02
4.328761e+00 4.613891e-02
5.336699e+00 4.864901e-02
6.579332e+00 5.129654e-02
8.111308e+00 5.408877e-02
1.000000e+01 5.703305e-02
1.232847e+01 6.013654e-02
1.519911e+01 6.340594e-02
1.873817e+01 6.684708e-02
2.310130e+01 7.046443e-02
2.848036e+01 7.426032e-02
3.511192e+01 7.823418e-02
4.328761e+01 8.238143e-02
5.336699e+01 8.669223e-02
6.579332e+01 9.115000e-02
8.111308e+01 9.572984e-02
1.000000e+02 1.003967e-01
1.232847e+02 1.051038e-01
1.519911e+02 1.097905e-01
1.873817e+02 1.143817e-01
2.310130e+02 1.187862e-01
2.848036e+02 1.228977e-01
3.511192e+02 1.265954e-01
4.328761e+02 1.297467e-01
5.336699e+02 1.322124e-01
6.579332e+02 1.338520e-01
8.111308e+02 1.345315e-01
1.000000e+03 1.341326e-01
1.232847e+03 1.325618e-01
1.519911e+03 1.297590e-01
1.873817e+03 1.257056e-01
2.310130e+03 1.204297e-01
2.848036e+03 1.140079e-01
3.511192e+03 1.065648e-01
4.328761e+03 9.826796e-02
5.336699e+03 8.932067e-02
6.579332e+03 7.995196e-02
8.111308e+03 7.040551e-02
1.000000e+04 6.092762e-02
1.232847e+04 5.175488e-02
1.519911e+04 4.310188e-02
1.873817e+04 3.514971e-02
2.310130e+04 2.803574e-02
2.848036e+04 2.184611e-02
3.511192e+04 1.661258e-02
4.328761e+04 1.231488e-02
5.336699e+04 8.888785e-03
6.579332e+04 6.238424e-03
8.111308e+04 4.250229e-03
1.000000e+05 2.805749e-03
1.232847e+05 1.791446e-03
1.519911e+05 1.104932e-03
1.873817e+05 6.582819e-04
2.310130e+05 3.794317e-04
2.848036e+05 2.123150e-04
3.511192e+05 1.158860e-04
4.328761e+05 6.203279e-05
5.336699e+05 3.273369e-05
6.579332e+05 1.710247e-05
8.111308e+05 8.877360e-06
1.000000e+06 4.589021e-06
1.232847e+06 2.366306e-06
1.519911e+06 1.218386e-06
1.873817e+06 6.268094e-07
2.310130e+06 3.223182e-07
2.848036e+06 1.657012e-07
3.511192e+06 8.517461e-08
4.328761e+06 4.377906e-08
5.336699e+06 2.250140e-08
6.579332e+06 1.156504e-08
8.111308e+06 5.944060e-09
1.000000e+07 3.055053e-09
