1.000000e-02 1.734480e-02
1.232847e-02 1.823482e-02
1.519911e-02 1.917050e-02
1.873817e-02 2.015420e-02
2.310130e-02 2.118837e-02
2.848036e-02 2.227561e-02
3.511192e-02 2.341864e-02
4.328761e-02 2.462032e-02
5.336699e-02 2.588366e-02
6.579332e-02 2.721183e-02
8.111308e-02 2.860815e-02
1.000000e-01 3.007611e-02
1.232847e-01 3.161941e-02
1.519911e-01 3.324190e-02
1.873817e-01 3.494764e-02
2.310130e-01 3.674091e-02
2.848036e-01 3.862620e-02
3.511192e-01 4.060824e-02
4.328761e-01 4.269204e-02
5.336699e-01 4.488289e-02
6.579332e-01 4.718646e-02
8.111308e-01 4.960887e-02
1.000000e+00 5.215683e-02
1.232847e+00 5.483781e-02
1.519911e+00 5.766027e-02
1.873817e+00 6.063392e-02
2.310130e+00 6.376997e-02
2.848036e+00 6.708145e-02
3.511192e+00 7.058342e-02
4.328761e+00 7.429309e-02
5.336699e+00 7.822981e-02
6.579332e+00 8.241469e-02
8.111308e+00 8.686984e-02
1.000000e+01 9.161700e-02
1.232847e+01 9.667534e-02
1.519911e+01 1.020581e-01
1.873817e+01 1.077679e-01
2.310130e+01 1.137902e-01
2.848036e+01 1.200848e-01
3.511192e+01 1.265754e-01
4.328761e+01 1.331364e-01
5.336699e+01 1.395803e-01
6.579332e+01 1.456441e-01
8.111308e+01 1.509816e-01
1.000000e+02 1.551635e-01
1.232847e+02 1.576937e-01
1.519911e+02 1.580453e-01
1.873817e+02 1.557213e-01
2.310130e+02 1.503372e-01
2.848036e+02 1.417131e-01
3.511192e+02 1.299584e-01
4.328761e+02 1.155211e-01
5.336699e+02 9.917850e-02
6.579332e+02 8.195753e-02
8.111308e+02 6.498973e-02
1.000000e+03 4.933129e-02
1.232847e+03 3.579220e-02
1.519911e+03 2.482237e-02
1.873817e+03 1.648686e-02
2.310130e+03 1.053265e-02
2.848036e+03 6.515642e-03
3.511192e+03 3.937408e-03
4.328761e+03 2.347811e-03
5.336699e+03 1.395545e-03
6.579332e+03 8.344635e-04
8.111308e+03 5.054249e-04
1.000000e+04 3.113219e-04
1.232847e+04 1.951518e-04
1.519911e+04 1.242059e-04
1.873817e+04 7.989674e-05
2.310130e+04 5.164671e-05
2.848036e+04 3.336025e-05
3.511192e+04 2.143485e-05
4.328761e+04 1.366098e-05
5.336699e+04 8.626413e-06
6.579332e+04 5.398600e-06
8.111308e+04 3.352129e-06
1.000000e+05 2.068204e-06
1.232847e+05 1.269841e-06
1.519911e+05 7.768870e-07
1.873817e+05 4.741065e-07
2.310130e+05 2.888333e-07
2.848036e+05 1.757597e-07
3.511192e+05 1.068719e-07
4.328761e+05 6.495248e-08
5.336699e+05 3.946326e-08
6.579332e+05 2.397203e-08
8.111308e+05 1.456007e-08
1.000000e+06 8.842780e-09
1.232847e+06 5.370243e-09
1.519911e+06 3.261270e-09
1.873817e+06 1.980487e-09
2.310130e+06 1.202688e-09
2.848036e+06 7.303505e-10
3.511192e+06 4.435149e-10
4.328761e+06 2.693297e-10
5.336699e+06 1.635536e-10
6.579332e+06 9.931973e-11
8.111308e+06 6.031301e-11
1.000000e+07 3.662574e-11
