1.000000e-02 3.299111e-02
1.232847e-02 3.430113e-02
1.519911e-02 3.566317e-02
1.873817e-02 3.707930e-02
2.310130e-02 3.855165e-02
2.848036e-02 4.008247e-02
3.511192e-02 4.167408e-02
4.328761e-02 4.332888e-02
5.336699e-02 4.504940e-02
6.579332e-02 4.683823e-02
8.111308e-02 4.869809e-02
1.000000e-01 5.063181e-02
1.232847e-01 5.264231e-02
1.519911e-01 5.473265e-02
1.873817e-01 5.690599e-02
2.310130e-01 5.916562e-02
2.848036e-01 6.151497e-02
3.511192e-01 6.395756e-02
4.328761e-01 6.649699e-02
5.336699e-01 6.913686e-02
6.579332e-01 7.188062e-02
8.111308e-01 7.473134e-02
1.000000e+00 7.769131e-02
1.232847e+00 8.076155e-02
1.519911e+00 8.394110e-02
1.873817e+00 8.722608e-02
2.310130e+00 9.060869e-02
2.848036e+00 9.407584e-02
3.511192e+00 9.760776e-02
4.328761e+00 1.011765e-01
5.336699e+00 1.047442e-01
6.579332e+00 1.082621e-01
8.111308e+00 1.116688e-01
1.000000e+01 1.148901e-01
1.232847e+01 1.178390e-01
1.519911e+01 1.204167e-01
1.873817e+01 1.225148e-01
2.310130e+01 1.240193e-01
2.848036e+01 1.248154e-01
3.511192e+01 1.247943e-01
4.328761e+01 1.238605e-01
5.336699e+01 1.219398e-01
6.579332e+01 1.189874e-01
8.111308e+01 1.149939e-01
1.000000e+02 1.099907e-01
1.232847e+02 1.040517e-01
1.519911e+02 9.729164e-02
1.873817e+02 8.986209e-02
2.310130e+02 8.194311e-02
2.848036e+02 7.373316e-02
3.511192e+02 6.543735e-02
4.328761e+02 5.725549e-02
5.336699e+02 4.937104e-02
6.579332e+02 4.194172e-02
8.111308e+02 3.509261e-02
1.000000e+03 2.891200e-02
1.232847e+03 2.345018e-02
1.519911e+03 1.872123e-02
1.873817e+03 1.470740e-02
2.310130e+03 1.136542e-02
2.848036e+03 8.634000e-03
3.511192e+03 6.441389e-03
4.328761e+03 4.712259e-03
5.336699e+03 3.373189e-03
6.579332e+03 2.356355e-03
8.111308e+03 1.601373e-03
1.000000e+04 1.055580e-03
1.232847e+04 6.733746e-04
1.519911e+04 4.153896e-04
1.873817e+04 2.480972e-04
2.310130e+04 1.439317e-04
2.848036e+04 8.148702e-05
3.511192e+04 4.525848e-05
4.328761e+04 2.478408e-05
5.336699e+04 1.343869e-05
6.579332e+04 7.239051e-06
8.111308e+04 3.883062e-06
1.000000e+05 2.077454e-06
1.232847e+05 1.109695e-06
1.519911e+05 5.922045e-07
1.873817e+05 3.158685e-07
2.310130e+05 1.684254e-07
2.848036e+05 8.979127e-08
3.511192e+05 4.786507e-08
4.328761e+05 2.551410e-08
5.336699e+05 1.359970e-08
6.579332e+05 7.248884e-09
8.111308e+05 3.863753e-09
1.000000e+06 2.059423e-09
1.232847e+06 1.097693e-09
1.519911e+06 5.850800e-10
1.873817e+06 3.118527e-10
2.310130e+06 1.662201e-10
2.848036e+06 8.859669e-11
3.511192e+06 4.722277e-11
4.328761e+06 2.517012e-11
5.336699e+06 1.341588e-11
6.579332e+06 7.150775e-12
8.111308e+06 3.811422e-12
1.000000e+07 2.031519e-12
