1.000000e-02 8.816940e-03
1.232847e-02 9.304315e-03
1.519911e-02 9.818631e-03
1.873817e-02 1.036138e-02
2.310130e-02 1.093412e-02
2.848036e-02 1.153853e-02
3.511192e-02 1.217635e-02
4.328761e-02 1.284942e-02
5.336699e-02 1.355970e-02
6.579332e-02 1.430924e-02
8.111308e-02 1.510022e-02
1.000000e-01 1.593491e-02
1.232847e-01 1.681575e-02
1.519911e-01 1.774528e-02
1.873817e-01 1.872619e-02
2.310130e-01 1.976132e-02
2.848036e-01 2.085366e-02
3.511192e-01 2.200640e-02
4.328761e-01 2.322285e-02
5.336699e-01 2.450654e-02
6.579332e-01 2.586118e-02
8.111308e-01 2.729070e-02
1.000000e+00 2.879922e-02
1.232847e+00 3.039110e-02
1.519911e+00 3.207089e-02
1.873817e+00 3.384341e-02
2.310130e+00 3.571369e-02
2.848036e+00 3.768695e-02
3.511192e+00 3.976865e-02
4.328761e+00 4.196439e-02
5.336699e+00 4.427987e-02
6.579332e+00 4.672087e-02
8.111308e+00 4.929308e-02
1.000000e+01 5.200200e-02
1.232847e+01 5.485274e-02
1.519911e+01 5.784978e-02
1.873817e+01 6.099667e-02
2.310130e+01 6.429565e-02
2.848036e+01 6.774716e-02
3.511192e+01 7.134929e-02
4.328761e+01 7.509711e-02
5.336699e+01 7.898189e-02
6.579332e+01 8.299029e-02
8.111308e+01 8.710337e-02
1.000000e+02 9.129568e-02
1.232847e+02 9.553432e-02
1.519911e+02 9.977807e-02
1.873817e+02 1.039767e-01
2.310130e+02 1.080709e-01
2.848036e+02 1.119917e-01
3.511192e+02 1.156620e-01
4.328761e+02 1.189970e-01
5.336699e+02 1.219067e-01
6.579332e+02 1.242985e-01
8.111308e+02 1.260808e-01
1.000000e+03 1.271664e-01
1.232847e+03 1.274771e-01
1.519911e+03 1.269476e-01
1.873817e+03 1.255290e-01
2.310130e+03 1.231922e-01
2.848036e+03 1.199293e-01
3.511192e+03 1.157550e-01
4.328761e+03 1.107069e-01
5.336699e+03 1.048448e-01
6.579332e+03 9.824984e-02
8.111308e+03 9.102314e-02
1.000000e+04 8.328471e-02
1.232847e+04 7.517217e-02
1.519911e+04 6.683930e-02
1.873817e+04 5.845378e-02
2.310130e+04 5.019322e-02
2.848036e+04 4.223875e-02
3.511192e+04 3.476554e-02
4.328761e+04 2.793061e-02
5.336699e+04 2.185938e-02
6.579332e+04 1.663339e-02
8.111308e+04 1.228273e-02
1.000000e+05 8.785369e-03
1.232847e+05 6.074280e-03
1.519911e+05 4.050367e-03
1.873817e+05 2.597798e-03
2.310130e+05 1.598082e-03
2.848036e+05 9.405823e-04
3.511192e+05 5.289845e-04
4.328761e+05 2.845262e-04
5.336699e+05 1.468946e-04
6.579332e+05 7.323827e-05
8.111308e+05 3.552794e-05
1.000000e+06 1.689527e-05
1.232847e+06 7.927478e-06
1.519911e+06 3.688291e-06
1.873817e+06 1.707348e-06
2.310130e+06 7.880936e-07
2.848036e+06 3.632150e-07
3.511192e+06 1.672652e-07
4.328761e+06 7.699808e-08
5.336699e+06 3.543877e-08
6.579332e+06 1.630975e-08
8.111308e+06 7.505959e-09
1.000000e+07 3.454328e-09
