1.000000e-02 1.592259e-02
1.232847e-02 1.673042e-02
1.519911e-02 1.757923e-02
1.873817e-02 1.847111e-02
2.310130e-02 1.940823e-02
2.848036e-02 2.039290e-02
3.511192e-02 2.142752e-02
4.328761e-02 2.251464e-02
5.336699e-02 2.365691e-02
6.579332e-02 2.485713e-02
8.111308e-02 2.611825e-02
1.000000e-01 2.744334e-02
1.232847e-01 2.883567e-02
1.519911e-01 3.029864e-02
1.873817e-01 3.183582e-02
2.310130e-01 3.345100e-02
2.848036e-01 3.514812e-02
3.511192e-01 3.693135e-02
4.328761e-01 3.880504e-02
5.336699e-01 4.077378e-02
6.579332e-01 4.284239e-02
8.111308e-01 4.501590e-02
1.000000e+00 4.729957e-02
1.232847e+00 4.969887e-02
1.519911e+00 5.221946e-02
1.873817e+00 5.486712e-02
2.310130e+00 5.764768e-02
2.848036e+00 6.056688e-02
3.511192e+00 6.363023e-02
4.328761e+00 6.684267e-02
5.336699e+00 7.020832e-02
6.579332e+00 7.372995e-02
8.111308e+00 7.740840e-02
1.000000e+01 8.124184e-02
1.232847e+01 8.522478e-02
1.519911e+01 8.934697e-02
1.873817e+01 9.359197e-02
2.310130e+01 9.793564e-02
2.848036e+01 1.023444e-01
3.511192e+01 1.067732e-01
4.328761e+01 1.111639e-01
5.336699e+01 1.154435e-01
6.579332e+01 1.195231e-01
8.111308e+01 1.232968e-01
1.000000e+02 1.266430e-01
1.232847e+02 1.294263e-01
1.519911e+02 1.315015e-01
1.873817e+02 1.327196e-01
2.310130e+02 1.329367e-01
2.848036e+02 1.320241e-01
3.511192e+02 1.298800e-01
4.328761e+02 1.264414e-01
5.336699e+02 1.216945e-01
6.579332e+02 1.156829e-01
8.111308e+02 1.085107e-01
1.000000e+03 1.003412e-01
1.232847e+03 9.138980e-02
1.519911e+03 8.191073e-02
1.873817e+03 7.218081e-02
2.310130e+03 6.248036e-02
2.848036e+03 5.307460e-02
3.511192e+03 4.419730e-02
4.328761e+03 3.603823e-02
5.336699e+03 2.873509e-02
6.579332e+03 2.237015e-02
8.111308e+03 1.697173e-02
1.000000e+04 1.251986e-02
1.232847e+04 8.955333e-03
1.519911e+04 6.190431e-03
1.873817e+04 4.119652e-03
2.310130e+04 2.628992e-03
2.848036e+04 1.603386e-03
3.511192e+04 9.328371e-04
4.328761e+04 5.180754e-04
5.336699e+04 2.756886e-04
6.579332e+04 1.414650e-04
8.111308e+04 7.054570e-05
1.000000e+05 3.445603e-05
1.232847e+05 1.659343e-05
1.519911e+05 7.919548e-06
1.873817e+05 3.759234e-06
2.310130e+05 1.778805e-06
2.848036e+05 8.402201e-07
3.511192e+05 3.965006e-07
4.328761e+05 1.870149e-07
5.336699e+05 8.818519e-08
6.579332e+05 4.157744e-08
8.111308e+05 1.960158e-08
1.000000e+06 9.240813e-09
1.232847e+06 4.356345e-09
1.519911e+06 2.053672e-09
1.873817e+06 9.681400e-10
2.310130e+06 4.563988e-10
2.848036e+06 2.151545e-10
3.511192e+06 1.014276e-10
4.328761e+06 4.781475e-11
5.336699e+06 2.254071e-11
6.579332e+06 1.062608e-11
8.111308e+06 5.009322e-12
1.000000e+07 2.361482e-12
