1.000000e-02 8.942895e-03
1.232847e-02 9.656365e-03
1.519911e-02 1.042676e-02
1.873817e-02 1.125861e-02
2.310130e-02 1.215683e-02
2.848036e-02 1.312670e-02
3.511192e-02 1.417396e-02
4.328761e-02 1.530477e-02
5.336699e-02 1.652579e-02
6.579332e-02 1.784423e-02
8.111308e-02 1.926785e-02
1.000000e-01 2.080505e-02
1.232847e-01 2.246489e-02
1.519911e-01 2.425715e-02
1.873817e-01 2.619240e-02
2.310130e-01 2.828205e-02
2.848036e-01 3.053841e-02
3.511192e-01 3.297479e-02
4.328761e-01 3.560557e-02
5.336699e-01 3.844629e-02
6.579332e-01 4.151378e-02
8.111308e-01 4.482624e-02
1.000000e+00 4.840340e-02
1.232847e+00 5.226658e-02
1.519911e+00 5.643869e-02
1.873817e+00 6.094410e-02
2.310130e+00 6.580813e-02
2.848036e+00 7.105622e-02
3.511192e+00 7.671215e-02
4.328761e+00 8.279544e-02
5.336699e+00 8.931705e-02
6.579332e+00 9.627337e-02
8.111308e+00 1.036377e-01
1.000000e+01 1.113491e-01
1.232847e+01 1.192990e-01
1.519911e+01 1.273153e-01
1.873817e+01 1.351483e-01
2.310130e+01 1.424596e-01
2.848036e+01 1.488214e-01
3.511192e+01 1.537334e-01
4.328761e+01 1.566628e-01
5.336699e+01 1.571113e-01
6.579332e+01 1.547023e-01
8.111308e+01 1.492731e-01
1.000000e+02 1.409445e-01
1.232847e+02 1.301401e-01
1.519911e+02 1.175399e-01
1.873817e+02 1.039745e-01
2.310130e+02 9.028779e-02
2.848036e+02 7.721110e-02
3.511192e+02 6.527935e-02
4.328761e+02 5.480398e-02
5.336699e+02 4.589395e-02
6.579332e+02 3.850513e-02
8.111308e+02 3.249715e-02
1.000000e+03 2.768296e-02
1.232847e+03 2.386467e-02
1.519911e+03 2.085520e-02
1.873817e+03 1.848865e-02
2.310130e+03 1.662296e-02
2.848036e+03 1.513842e-02
3.511192e+03 1.393419e-02
4.328761e+03 1.292484e-02
5.336699e+03 1.203760e-02
6.579332e+03 1.121132e-02
8.111308e+03 1.039688e-02
1.000000e+04 9.558926e-03
1.232847e+04 8.677987e-03
1.519911e+04 7.751523e-03
1.873817e+04 6.792891e-03
2.310130e+04 5.827608e-03
2.848036e+04 4.887453e-03
3.511192e+04 4.003900e-03
4.328761e+04 3.202631e-03
5.336699e+04 2.500362e-03
6.579332e+04 1.904252e-03
8.111308e+04 1.413263e-03
1.000000e+05 1.020476e-03
1.232847e+05 7.154152e-04
1.519911e+05 4.858665e-04
1.873817e+05 3.190691e-04
2.310130e+05 2.024601e-04
2.848036e+05 1.242451e-04
3.511192e+05 7.394450e-05
4.328761e+05 4.286329e-05
5.336699e+05 2.432438e-05
6.579332e+05 1.358343e-05
8.111308e+05 7.498427e-06
1.000000e+06 4.106921e-06
1.232847e+06 2.237859e-06
1.519911e+06 1.215478e-06
1.873817e+06 6.588845e-07
2.310130e+06 3.567552e-07
2.848036e+06 1.930395e-07
3.511192e+06 1.044156e-07
4.328761e+06 5.646814e-08
5.336699e+06 3.053528e-08
6.579332e+06 1.651138e-08
8.111308e+06 8.928102e-09
1.000000e+07 4.827629e-09
