1.000000e-02 6.155939e-03
1.232847e-02 6.491970e-03
1.519911e-02 6.846345e-03
1.873817e-02 7.220063e-03
2.310130e-02 7.614182e-03
2.848036e-02 8.029814e-03
3.511192e-02 8.468134e-03
4.328761e-02 8.930381e-03
5.336699e-02 9.417860e-03
6.579332e-02 9.931949e-03
8.111308e-02 1.047410e-02
1.000000e-01 1.104585e-02
1.232847e-01 1.164880e-02
1.519911e-01 1.228467e-02
1.873817e-01 1.295525e-02
2.310130e-01 1.366243e-02
2.848036e-01 1.440821e-02
3.511192e-01 1.519471e-02
4.328761e-01 1.602414e-02
5.336699e-01 1.689884e-02
6.579332e-01 1.782128e-02
8.111308e-01 1.879408e-02
1.000000e+00 1.981996e-02
1.232847e+00 2.090183e-02
1.519911e+00 2.204272e-02
1.873817e+00 2.324584e-02
2.310130e+00 2.451456e-02
2.848036e+00 2.585243e-02
3.511192e+00 2.726320e-02
4.328761e+00 2.875080e-02
5.336699e+00 3.031937e-02
6.579332e+00 3.197330e-02
8.111308e+00 3.371719e-02
1.000000e+01 3.555591e-02
1.232847e+01 3.749460e-02
1.519911e+01 3.953869e-02
1.873817e+01 4.169390e-02
2.310130e+01 4.396626e-02
2.848036e+01 4.636212e-02
3.511192e+01 4.888809e-02
4.328761e+01 5.155106e-02
5.336699e+01 5.435811e-02
6.579332e+01 5.731645e-02
8.111308e+01 6.043328e-02
1.000000e+02 6.371560e-02
1.232847e+02 6.717000e-02
1.519911e+02 7.080235e-02
1.873817e+02 7.461735e-02
2.310130e+02 7.861812e-02
2.848036e+02 8.280550e-02
3.511192e+02 8.717734e-02
4.328761e+02 9.172760e-02
5.336699e+02 9.644526e-02
6.579332e+02 1.013131e-01
8.111308e+02 1.063060e-01
1.000000e+03 1.113895e-01
1.232847e+03 1.165176e-01
1.519911e+03 1.216303e-01
1.873817e+03 1.266507e-01
2.310130e+03 1.314823e-01
2.848036e+03 1.360052e-01
3.511192e+03 1.400724e-01
4.328761e+03 1.435069e-01
5.336699e+03 1.460995e-01
6.579332e+03 1.476088e-01
8.111308e+03 1.477658e-01
1.000000e+04 1.462857e-01
1.232847e+04 1.428889e-01
1.519911e+04 1.373354e-01
1.873817e+04 1.294721e-01
2.310130e+04 1.192904e-01
2.848036e+04 1.069816e-01
3.511192e+04 9.297543e-02
4.328761e+04 7.793705e-02
5.336699e+04 6.270798e-02
6.579332e+04 4.818928e-02
8.111308e+04 3.519218e-02
1.000000e+05 2.429991e-02
1.232847e+05 1.578459e-02
1.519911e+05 9.601080e-03
1.873817e+05 5.450451e-03
2.310130e+05 2.886353e-03
2.848036e+05 1.431146e-03
3.511192e+05 6.699694e-04
4.328761e+05 2.995903e-04
5.336699e+05 1.295852e-04
6.579332e+05 5.482580e-05
8.111308e+05 2.288355e-05
1.000000e+06 9.477353e-06
1.232847e+06 3.908657e-06
1.519911e+06 1.608536e-06
1.873817e+06 6.612599e-07
2.310130e+06 2.717028e-07
2.848036e+06 1.116131e-07
3.511192e+06 4.584493e-08
4.328761e+06 1.882991e-08
5.336699e+06 7.733884e-09
6.579332e+06 3.176466e-09
8.111308e+06 1.304638e-09
1.000000e+07 5.358407e-10
