1.000000e-02 1.413571e-02
1.232847e-02 1.492925e-02
1.519911e-02 1.576734e-02
1.873817e-02 1.665248e-02
2.310130e-02 1.758731e-02
2.848036e-02 1.857462e-02
3.511192e-02 1.961735e-02
4.328761e-02 2.071861e-02
5.336699e-02 2.188170e-02
6.579332e-02 2.311009e-02
8.111308e-02 2.440743e-02
1.000000e-01 2.577760e-02
1.232847e-01 2.722468e-02
1.519911e-01 2.875301e-02
1.873817e-01 3.036713e-02
2.310130e-01 3.207186e-02
2.848036e-01 3.387229e-02
3.511192e-01 3.577379e-02
4.328761e-01 3.778204e-02
5.336699e-01 3.990303e-02
6.579332e-01 4.214307e-02
8.111308e-01 4.450884e-02
1.000000e+00 4.700734e-02
1.232847e+00 4.964593e-02
1.519911e+00 5.243224e-02
1.873817e+00 5.537413e-02
2.310130e+00 5.847954e-02
2.848036e+00 6.175630e-02
3.511192e+00 6.521177e-02
4.328761e+00 6.885239e-02
5.336699e+00 7.268303e-02
6.579332e+00 7.670614e-02
8.111308e+00 8.092056e-02
1.000000e+01 8.532011e-02
1.232847e+01 8.989183e-02
1.519911e+01 9.461382e-02
1.873817e+01 9.945293e-02
2.310130e+01 1.043621e-01
2.848036e+01 1.092777e-01
3.511192e+01 1.141174e-01
4.328761e+01 1.187782e-01
5.336699e+01 1.231363e-01
6.579332e+01 1.270478e-01
8.111308e+01 1.303530e-01
1.000000e+02 1.328823e-01
1.232847e+02 1.344664e-01
1.519911e+02 1.349482e-01
1.873817e+02 1.341978e-01
2.310130e+02 1.321266e-01
2.848036e+02 1.287009e-01
3.511192e+02 1.239507e-01
4.328761e+02 1.179729e-01
5.336699e+02 1.109266e-01
6.579332e+02 1.030221e-01
8.111308e+02 9.450367e-02
1.000000e+03 8.562979e-02
1.232847e+03 7.665329e-02
1.519911e+03 6.780436e-02
1.873817e+03 5.927821e-02
2.310130e+03 5.122810e-02
2.848036e+03 4.376373e-02
3.511192e+03 3.695377e-02
4.328761e+03 3.083133e-02
5.336699e+03 2.540082e-02
6.579332e+03 2.064499e-02
8.111308e+03 1.653132e-02
1.000000e+04 1.301751e-02
1.232847e+04 1.005579e-02
1.519911e+04 7.596341e-03
1.873817e+04 5.589535e-03
2.310130e+04 3.987124e-03
2.848036e+04 2.742190e-03
3.511192e+04 1.808107e-03
4.328761e+04 1.137140e-03
5.336699e+04 6.797915e-04
6.579332e+04 3.860843e-04
8.111308e+04 2.089695e-04
1.000000e+05 1.084867e-04
1.232847e+05 5.448045e-05
1.519911e+05 2.669859e-05
1.873817e+05 1.286686e-05
2.310130e+05 6.134704e-06
2.848036e+05 2.905895e-06
3.511192e+05 1.371260e-06
4.328761e+05 6.457127e-07
5.336699e+05 3.037110e-07
6.579332e+05 1.427641e-07
8.111308e+05 6.708747e-08
1.000000e+06 3.152065e-08
1.232847e+06 1.480862e-08
1.519911e+06 6.956917e-09
1.873817e+06 3.268217e-09
2.310130e+06 1.535327e-09
2.848036e+06 7.212556e-10
3.511192e+06 3.388258e-10
4.328761e+06 1.591708e-10
5.336699e+06 7.477394e-11
6.579332e+06 3.512667e-11
8.111308e+06 1.650151e-11
1.000000e+07 7.751939e-12
