1.000000e-02 1.055797e-02
1.232847e-02 1.110037e-02
1.519911e-02 1.167064e-02
1.873817e-02 1.227020e-02
2.310130e-02 1.290057e-02
2.848036e-02 1.356331e-02
3.511192e-02 1.426011e-02
4.328761e-02 1.499270e-02
5.336699e-02 1.576293e-02
6.579332e-02 1.657273e-02
8.111308e-02 1.742413e-02
1.000000e-01 1.831927e-02
1.232847e-01 1.926040e-02
1.519911e-01 2.024988e-02
1.873817e-01 2.129019e-02
2.310130e-01 2.238394e-02
2.848036e-01 2.353388e-02
3.511192e-01 2.474290e-02
4.328761e-01 2.601404e-02
5.336699e-01 2.735047e-02
6.579332e-01 2.875556e-02
8.111308e-01 3.023284e-02
1.000000e+00 3.178601e-02
1.232847e+00 3.341897e-02
1.519911e+00 3.513582e-02
1.873817e+00 3.694087e-02
2.310130e+00 3.883862e-02
2.848036e+00 4.083383e-02
3.511192e+00 4.293144e-02
4.328761e+00 4.513666e-02
5.336699e+00 4.745488e-02
6.579332e+00 4.989167e-02
8.111308e+00 5.245280e-02
1.000000e+01 5.514409e-02
1.232847e+01 5.797142e-02
1.519911e+01 6.094055e-02
1.873817e+01 6.405698e-02
2.310130e+01 6.732575e-02
2.848036e+01 7.075111e-02
3.511192e+01 7.433620e-02
4.328761e+01 7.808254e-02
5.336699e+01 8.198947e-02
6.579332e+01 8.605346e-02
8.111308e+01 9.026721e-02
1.000000e+02 9.461871e-02
1.232847e+02 9.909004e-02
1.519911e+02 1.036561e-01
1.873817e+02 1.082831e-01
2.310130e+02 1.129273e-01
2.848036e+02 1.175329e-01
3.511192e+02 1.220308e-01
4.328761e+02 1.263371e-01
5.336699e+02 1.303508e-01
6.579332e+02 1.339534e-01
8.111308e+02 1.370069e-01
1.000000e+03 1.393533e-01
1.232847e+03 1.408140e-01
1.519911e+03 1.411907e-01
1.873817e+03 1.402686e-01
2.310130e+03 1.378230e-01
2.848036e+03 1.336342e-01
3.511192e+03 1.275124e-01
4.328761e+03 1.193382e-01
5.336699e+03 1.091163e-01
6.579332e+03 9.703624e-02
8.111308e+03 8.351984e-02
1.000000e+04 6.922845e-02
1.232847e+04 5.500192e-02
1.519911e+04 4.172419e-02
1.873817e+04 3.014642e-02
2.310130e+04 2.073245e-02
2.848036e+04 1.359180e-02
3.511192e+04 8.523891e-03
4.328761e+04 5.139752e-03
5.336699e+04 2.997641e-03
6.579332e+04 1.701305e-03
8.111308e+04 9.448045e-04
1.000000e+05 5.157705e-04
1.232847e+05 2.777867e-04
1.519911e+05 1.480333e-04
1.873817e+05 7.823878e-05
2.310130e+05 4.109212e-05
2.848036e+05 2.148292e-05
3.511192e+05 1.119481e-05
4.328761e+05 5.820858e-06
5.336699e+05 3.022305e-06
6.579332e+05 1.567842e-06
8.111308e+05 8.128897e-07
1.000000e+06 4.213304e-07
1.232847e+06 2.183407e-07
1.519911e+06 1.131362e-07
1.873817e+06 5.861977e-08
2.310130e+06 3.037199e-08
2.848036e+06 1.573604e-08
3.511192e+06 8.152933e-09
4.328761e+06 4.224065e-09
5.336699e+06 2.188500e-09
6.579332e+06 1.133867e-09
8.111308e+06 5.874589e-10
1.000000e+07 3.043638e-10
