1.000000e-02 5.090097e-02
1.232847e-02 5.183340e-02
1.519911e-02 5.278291e-02
1.873817e-02 5.374981e-02
2.310130e-02 5.473442e-02
2.848036e-02 5.573707e-02
3.511192e-02 5.675809e-02
4.328761e-02 5.779781e-02
5.336699e-02 5.885658e-02
6.579332e-02 5.993474e-02
8.111308e-02 6.103265e-02
1.000000e-01 6.215067e-02
1.232847e-01 6.328918e-02
1.519911e-01 6.444854e-02
1.873817e-01 6.562913e-02
2.310130e-01 6.683135e-02
2.848036e-01 6.805554e-02
3.511192e-01 6.930203e-02
4.328761e-01 7.057096e-02
5.336699e-01 7.186216e-02
6.579332e-01 7.317486e-02
8.111308e-01 7.450730e-02
1.000000e+00 7.585623e-02
1.232847e+00 7.721628e-02
1.519911e+00 7.857939e-02
1.873817e+00 7.993413e-02
2.310130e+00 8.126527e-02
2.848036e+00 8.255346e-02
3.511192e+00 8.377529e-02
4.328761e+00 8.490371e-02
5.336699e+00 8.590891e-02
6.579332e+00 8.675979e-02
8.111308e+00 8.742577e-02
1.000000e+01 8.787908e-02
1.232847e+01 8.809720e-02
1.519911e+01 8.806530e-02
1.873817e+01 8.777833e-02
2.310130e+01 8.724259e-02
2.848036e+01 8.647645e-02
3.511192e+01 8.551014e-02
4.328761e+01 8.438465e-02
5.336699e+01 8.314971e-02
6.579332e+01 8.186130e-02
8.111308e+01 8.057873e-02
1.000000e+02 7.936175e-02
1.232847e+02 7.826781e-02
1.519911e+02 7.734974e-02
1.873817e+02 7.665362e-02
2.310130e+02 7.621700e-02
2.848036e+02 7.606712e-02
3.511192e+02 7.621895e-02
4.328761e+02 7.667263e-02
5.336699e+02 7.741026e-02
6.579332e+02 7.839174e-02
8.111308e+02 7.954979e-02
1.000000e+03 8.078452e-02
1.232847e+03 8.195814e-02
1.519911e+03 8.289128e-02
1.873817e+03 8.336236e-02
2.310130e+03 8.311230e-02
2.848036e+03 8.185679e-02
3.511192e+03 7.930847e-02
4.328761e+03 7.521136e-02
5.336699e+03 6.938954e-02
6.579332e+03 6.181070e-02
8.111308e+03 5.266006e-02
1.000000e+04 4.240677e-02
1.232847e+04 3.182269e-02
1.519911e+04 2.189345e-02
1.873817e+04 1.358060e-02
2.310130e+04 7.491792e-03
2.848036e+04 3.653826e-03
3.511192e+04 1.585317e-03
4.328761e+04 6.234216e-04
5.336699e+04 2.279936e-04
6.579332e+04 7.953155e-05
8.111308e+04 2.699131e-05
1.000000e+05 9.028522e-06
1.232847e+05 2.998845e-06
1.519911e+05 9.929013e-07
1.873817e+05 3.282956e-07
2.310130e+05 1.084880e-07
2.848036e+05 3.584290e-08
3.511192e+05 1.184100e-08
4.328761e+05 3.911651e-09
5.336699e+05 1.292192e-09
6.579332e+05 4.268666e-10
8.111308e+05 1.410122e-10
1.000000e+06 4.658231e-11
1.232847e+06 1.538811e-11
1.519911e+06 5.083345e-12
1.873817e+06 1.679244e-12
2.310130e+06 5.547253e-13
2.848036e+06 1.832493e-13
3.511192e+06 6.053499e-14
4.328761e+06 1.999727e-14
5.336699e+06 6.605944e-15
6.579332e+06 2.182223e-15
8.111308e+06 7.208807e-16
1.000000e+07 2.381374e-16
