1.000000e-02 7.927836e-03
1.232847e-02 8.369053e-03
1.519911e-02 8.834825e-03
1.873817e-02 9.326520e-03
2.310130e-02 9.845579e-03
2.848036e-02 1.039353e-02
3.511192e-02 1.097197e-02
4.328761e-02 1.158260e-02
5.336699e-02 1.222722e-02
6.579332e-02 1.290772e-02
8.111308e-02 1.362609e-02
1.000000e-01 1.438443e-02
1.232847e-01 1.518499e-02
1.519911e-01 1.603009e-02
1.873817e-01 1.692223e-02
2.310130e-01 1.786403e-02
2.848036e-01 1.885823e-02
3.511192e-01 1.990777e-02
4.328761e-01 2.101572e-02
5.336699e-01 2.218533e-02
6.579332e-01 2.342004e-02
8.111308e-01 2.472346e-02
1.000000e+00 2.609943e-02
1.232847e+00 2.755198e-02
1.519911e+00 2.908537e-02
1.873817e+00 3.070409e-02
2.310130e+00 3.241287e-02
2.848036e+00 3.421670e-02
3.511192e+00 3.612079e-02
4.328761e+00 3.813061e-02
5.336699e+00 4.025184e-02
6.579332e+00 4.249036e-02
8.111308e+00 4.485218e-02
1.000000e+01 4.734338e-02
1.232847e+01 4.997001e-02
1.519911e+01 5.273792e-02
1.873817e+01 5.565256e-02
2.310130e+01 5.871875e-02
2.848036e+01 6.194031e-02
3.511192e+01 6.531968e-02
4.328761e+01 6.885735e-02
5.336699e+01 7.255128e-02
6.579332e+01 7.639619e-02
8.111308e+01 8.038266e-02
1.000000e+02 8.449626e-02
1.232847e+02 8.871651e-02
1.519911e+02 9.301591e-02
1.873817e+02 9.735890e-02
2.310130e+02 1.017010e-01
2.848036e+02 1.059882e-01
3.511192e+02 1.101568e-01
4.328761e+02 1.141332e-01
5.336699e+02 1.178353e-01
6.579332e+02 1.211737e-01
8.111308e+02 1.240537e-01
1.000000e+03 1.263790e-01
1.232847e+03 1.280547e-01
1.519911e+03 1.289914e-01
1.873817e+03 1.291095e-01
2.310130e+03 1.283429e-01
2.848036e+03 1.266422e-01
3.511192e+03 1.239773e-01
4.328761e+03 1.203390e-01
5.336699e+03 1.157399e-01
6.579332e+03 1.102149e-01
8.111308e+03 1.038228e-01
1.000000e+04 9.664764e-02
1.232847e+04 8.880136e-02
1.519911e+04 8.042603e-02
1.873817e+04 7.169458e-02
2.310130e+04 6.280805e-02
2.848036e+04 5.398767e-02
3.511192e+04 4.546141e-02
4.328761e+04 3.744614e-02
5.336699e+04 3.012827e-02
6.579332e+04 2.364672e-02
8.111308e+04 1.808203e-02
1.000000e+05 1.345391e-02
1.232847e+05 9.727132e-03
1.519911e+05 6.823744e-03
1.873817e+05 4.637954e-03
2.310130e+05 3.050526e-03
2.848036e+05 1.940671e-03
3.511192e+05 1.194977e-03
4.328761e+05 7.137658e-04
5.336699e+05 4.150763e-04
6.579332e+05 2.360964e-04
8.111308e+05 1.320023e-04
1.000000e+06 7.287810e-05
1.232847e+06 3.988461e-05
1.519911e+06 2.170152e-05
1.873817e+06 1.176449e-05
2.310130e+06 6.363254e-06
2.848036e+06 3.437268e-06
3.511192e+06 1.855355e-06
4.328761e+06 1.001083e-06
5.336699e+06 5.400449e-07
6.579332e+06 2.913085e-07
8.111308e+06 1.571317e-07
1.000000e+07 8.475640e-08
