1.000000e-02 8.828586e-03
1.232847e-02 9.239049e-03
1.519911e-02 9.668596e-03
1.873817e-02 1.011811e-02
2.310130e-02 1.058853e-02
2.848036e-02 1.108082e-02
3.511192e-02 1.159599e-02
4.328761e-02 1.213512e-02
5.336699e-02 1.269931e-02
6.579332e-02 1.328973e-02
8.111308e-02 1.390761e-02
1.000000e-01 1.455420e-02
1.232847e-01 1.523087e-02
1.519911e-01 1.593899e-02
1.873817e-01 1.668003e-02
2.310130e-01 1.745553e-02
2.848036e-01 1.826708e-02
3.511192e-01 1.911636e-02
4.328761e-01 2.000513e-02
5.336699e-01 2.093522e-02
6.579332e-01 2.190857e-02
8.111308e-01 2.292718e-02
1.000000e+00 2.399320e-02
1.232847e+00 2.510885e-02
1.519911e+00 2.627653e-02
1.873817e+00 2.749877e-02
2.310130e+00 2.877829e-02
2.848036e+00 3.011805e-02
3.511192e+00 3.152132e-02
4.328761e+00 3.299169e-02
5.336699e+00 3.453322e-02
6.579332e+00 3.615052e-02
8.111308e+00 3.784890e-02
1.000000e+01 3.963447e-02
1.232847e+01 4.151438e-02
1.519911e+01 4.349700e-02
1.873817e+01 4.559212e-02
2.310130e+01 4.781122e-02
2.848036e+01 5.016771e-02
3.511192e+01 5.267718e-02
4.328761e+01 5.535768e-02
5.336699e+01 5.822989e-02
6.579332e+01 6.131730e-02
8.111308e+01 6.464624e-02
1.000000e+02 6.824575e-02
1.232847e+02 7.214721e-02
1.519911e+02 7.638356e-02
1.873817e+02 8.098803e-02
2.310130e+02 8.599212e-02
2.848036e+02 9.142252e-02
3.511192e+02 9.729677e-02
4.328761e+02 1.036173e-01
5.336699e+02 1.103633e-01
6.579332e+02 1.174808e-01
8.111308e+02 1.248705e-01
1.000000e+03 1.323742e-01
1.232847e+03 1.397619e-01
1.519911e+03 1.467222e-01
1.873817e+03 1.528605e-01
2.310130e+03 1.577099e-01
2.848036e+03 1.607624e-01
3.511192e+03 1.615215e-01
4.328761e+03 1.595762e-01
5.336699e+03 1.546851e-01
6.579332e+03 1.468526e-01
8.111308e+03 1.363692e-01
1.000000e+04 1.237987e-01
1.232847e+04 1.099018e-01
1.519911e+04 9.551565e-02
1.873817e+04 8.142089e-02
2.310130e+04 6.823570e-02
2.848036e+04 5.636044e-02
3.511192e+04 4.597740e-02
4.328761e+04 3.709110e-02
5.336699e+04 2.958778e-02
6.579332e+04 2.329552e-02
8.111308e+04 1.803337e-02
1.000000e+05 1.364457e-02
1.232847e+05 1.001285e-02
1.519911e+05 7.061962e-03
1.873817e+05 4.741177e-03
2.310130e+05 3.002704e-03
2.848036e+05 1.781262e-03
3.511192e+05 9.862271e-04
4.328761e+05 5.102694e-04
5.336699e+05 2.483196e-04
6.579332e+05 1.148779e-04
8.111308e+05 5.115692e-05
1.000000e+06 2.219034e-05
1.232847e+06 9.466209e-06
1.519911e+06 3.998549e-06
1.873817e+06 1.679761e-06
2.310130e+06 7.036224e-07
2.848036e+06 2.943094e-07
3.511192e+06 1.230181e-07
4.328761e+06 5.140411e-08
5.336699e+06 2.147680e-08
6.579332e+06 8.972625e-09
8.111308e+06 3.748548e-09
1.000000e+07 1.566050e-09
