1.000000e-02 1.086853e-02
1.232847e-02 1.145415e-02
1.519911e-02 1.207133e-02
1.873817e-02 1.272176e-02
2.310130e-02 1.340723e-02
2.848036e-02 1.412965e-02
3.511192e-02 1.489098e-02
4.328761e-02 1.569334e-02
5.336699e-02 1.653894e-02
6.579332e-02 1.743009e-02
8.111308e-02 1.836927e-02
1.000000e-01 1.935904e-02
1.232847e-01 2.040215e-02
1.519911e-01 2.150147e-02
1.873817e-01 2.266002e-02
2.310130e-01 2.388099e-02
2.848036e-01 2.516775e-02
3.511192e-01 2.652385e-02
4.328761e-01 2.795302e-02
5.336699e-01 2.945919e-02
6.579332e-01 3.104652e-02
8.111308e-01 3.271939e-02
1.000000e+00 3.448239e-02
1.232847e+00 3.634039e-02
1.519911e+00 3.829850e-02
1.873817e+00 4.036206e-02
2.310130e+00 4.253670e-02
2.848036e+00 4.482826e-02
3.511192e+00 4.724278e-02
4.328761e+00 4.978648e-02
5.336699e+00 5.246562e-02
6.579332e+00 5.528638e-02
8.111308e+00 5.825473e-02
1.000000e+01 6.137613e-02
1.232847e+01 6.465520e-02
1.519911e+01 6.809534e-02
1.873817e+01 7.169810e-02
2.310130e+01 7.546256e-02
2.848036e+01 7.938446e-02
3.511192e+01 8.345521e-02
4.328761e+01 8.766073e-02
5.336699e+01 9.198018e-02
6.579332e+01 9.638454e-02
8.111308e+01 1.008352e-01
1.000000e+02 1.052827e-01
1.232847e+02 1.096653e-01
1.519911e+02 1.139084e-01
1.873817e+02 1.179245e-01
2.310130e+02 1.216136e-01
2.848036e+02 1.248648e-01
3.511192e+02 1.275596e-01
4.328761e+02 1.295760e-01
5.336699e+02 1.307941e-01
6.579332e+02 1.311029e-01
8.111308e+02 1.304076e-01
1.000000e+03 1.286370e-01
1.232847e+03 1.257506e-01
1.519911e+03 1.217438e-01
1.873817e+03 1.166512e-01
2.310130e+03 1.105478e-01
2.848036e+03 1.035465e-01
3.511192e+03 9.579442e-02
4.328761e+03 8.746575e-02
5.336699e+03 7.875430e-02
6.579332e+03 6.986483e-02
8.111308e+03 6.100420e-02
1.000000e+04 5.237258e-02
1.232847e+04 4.415468e-02
1.519911e+04 3.651135e-02
1.873817e+04 2.957188e-02
2.310130e+04 2.342756e-02
2.848036e+04 1.812768e-02
3.511192e+04 1.367891e-02
4.328761e+04 1.004868e-02
5.336699e+04 7.172372e-03
6.579332e+04 4.962892e-03
8.111308e+04 3.320869e-03
1.000000e+05 2.143676e-03
1.232847e+05 1.332427e-03
1.519911e+05 7.969516e-04
1.873817e+05 4.592695e-04
2.310130e+05 2.558668e-04
2.848036e+05 1.385139e-04
3.511192e+05 7.330168e-05
4.328761e+05 3.814582e-05
5.336699e+05 1.962070e-05
6.579332e+05 1.001491e-05
8.111308e+05 5.087255e-06
1.000000e+06 2.576643e-06
1.232847e+06 1.302825e-06
1.519911e+06 6.581106e-07
1.873817e+06 3.322617e-07
2.310130e+06 1.677014e-07
2.848036e+06 8.463068e-08
3.511192e+06 4.270567e-08
4.328761e+06 2.154899e-08
5.336699e+06 1.087329e-08
6.579332e+06 5.486453e-09
8.111308e+06 2.768354e-09
1.000000e+07 1.396855e-09
