1.000000e-02 8.615780e-03
1.232847e-02 9.098807e-03
1.519911e-02 9.608913e-03
1.873817e-02 1.014762e-02
2.310130e-02 1.071652e-02
2.848036e-02 1.131732e-02
3.511192e-02 1.195181e-02
4.328761e-02 1.262186e-02
5.336699e-02 1.332948e-02
6.579332e-02 1.407677e-02
8.111308e-02 1.486595e-02
1.000000e-01 1.569938e-02
1.232847e-01 1.657954e-02
1.519911e-01 1.750904e-02
1.873817e-01 1.849064e-02
2.310130e-01 1.952729e-02
2.848036e-01 2.062204e-02
3.511192e-01 2.177818e-02
4.328761e-01 2.299913e-02
5.336699e-01 2.428853e-02
6.579332e-01 2.565022e-02
8.111308e-01 2.708825e-02
1.000000e+00 2.860691e-02
1.232847e+00 3.021071e-02
1.519911e+00 3.190443e-02
1.873817e+00 3.369309e-02
2.310130e+00 3.558198e-02
2.848036e+00 3.757664e-02
3.511192e+00 3.968287e-02
4.328761e+00 4.190669e-02
5.336699e+00 4.425429e-02
6.579332e+00 4.673196e-02
8.111308e+00 4.934599e-02
1.000000e+01 5.210252e-02
1.232847e+01 5.500734e-02
1.519911e+01 5.806559e-02
1.873817e+01 6.128144e-02
2.310130e+01 6.465761e-02
2.848036e+01 6.819484e-02
3.511192e+01 7.189124e-02
4.328761e+01 7.574144e-02
5.336699e+01 7.973575e-02
6.579332e+01 8.385914e-02
8.111308e+01 8.809014e-02
1.000000e+02 9.239976e-02
1.232847e+02 9.675047e-02
1.519911e+02 1.010953e-01
1.873817e+02 1.053772e-01
2.310130e+02 1.095290e-01
2.848036e+02 1.134736e-01
3.511192e+02 1.171256e-01
4.328761e+02 1.203929e-01
5.336699e+02 1.231798e-01
6.579332e+02 1.253911e-01
8.111308e+02 1.269362e-01
1.000000e+03 1.277340e-01
1.232847e+03 1.277179e-01
1.519911e+03 1.268396e-01
1.873817e+03 1.250723e-01
2.310130e+03 1.224124e-01
2.848036e+03 1.188793e-01
3.511192e+03 1.145138e-01
4.328761e+03 1.093751e-01
5.336699e+03 1.035361e-01
6.579332e+03 9.707918e-02
8.111308e+03 9.009241e-02
1.000000e+04 8.266679e-02
1.232847e+04 7.489623e-02
1.519911e+04 6.687999e-02
1.873817e+04 5.872764e-02
2.310130e+04 5.056529e-02
2.848036e+04 4.254092e-02
3.511192e+04 3.482534e-02
4.328761e+04 2.760591e-02
5.336699e+04 2.107141e-02
6.579332e+04 1.538937e-02
8.111308e+04 1.067994e-02
1.000000e+05 6.992308e-03
1.232847e+05 4.290617e-03
1.519911e+05 2.456299e-03
1.873817e+05 1.310851e-03
2.310130e+05 6.549285e-04
2.848036e+05 3.091853e-04
3.511192e+05 1.396337e-04
4.328761e+05 6.109980e-05
5.336699e+05 2.618868e-05
6.579332e+05 1.108522e-05
8.111308e+05 4.658882e-06
1.000000e+06 1.950541e-06
1.232847e+06 8.150296e-07
1.519911e+06 3.402273e-07
1.873817e+06 1.419590e-07
2.310130e+06 5.921918e-08
2.848036e+06 2.470128e-08
3.511192e+06 1.030286e-08
4.328761e+06 4.297226e-09
5.336699e+06 1.792319e-09
6.579332e+06 7.475520e-10
8.111308e+06 3.117936e-10
1.000000e+07 1.300448e-10
