1.000000e-02 9.530820e-03
1.232847e-02 1.013202e-02
1.519911e-02 1.077114e-02
1.873817e-02 1.145057e-02
2.310130e-02 1.217287e-02
2.848036e-02 1.294073e-02
3.511192e-02 1.375702e-02
4.328761e-02 1.462480e-02
5.336699e-02 1.554733e-02
6.579332e-02 1.652804e-02
8.111308e-02 1.757062e-02
1.000000e-01 1.867896e-02
1.232847e-01 1.985722e-02
1.519911e-01 2.110980e-02
1.873817e-01 2.244139e-02
2.310130e-01 2.385698e-02
2.848036e-01 2.536186e-02
3.511192e-01 2.696168e-02
4.328761e-01 2.866241e-02
5.336699e-01 3.047044e-02
6.579332e-01 3.239257e-02
8.111308e-01 3.443602e-02
1.000000e+00 3.660853e-02
1.232847e+00 3.891835e-02
1.519911e+00 4.137428e-02
1.873817e+00 4.398574e-02
2.310130e+00 4.676270e-02
2.848036e+00 4.971573e-02
3.511192e+00 5.285580e-02
4.328761e+00 5.619417e-02
5.336699e+00 5.974201e-02
6.579332e+00 6.350990e-02
8.111308e+00 6.750708e-02
1.000000e+01 7.174035e-02
1.232847e+01 7.621267e-02
1.519911e+01 8.092126e-02
1.873817e+01 8.585519e-02
2.310130e+01 9.099250e-02
2.848036e+01 9.629677e-02
3.511192e+01 1.017135e-01
4.328761e+01 1.071661e-01
5.336699e+01 1.125528e-01
6.579332e+01 1.177442e-01
8.111308e+01 1.225829e-01
1.000000e+02 1.268859e-01
1.232847e+02 1.304517e-01
1.519911e+02 1.330711e-01
1.873817e+02 1.345432e-01
2.310130e+02 1.346953e-01
2.848036e+02 1.334043e-01
3.511192e+02 1.306164e-01
4.328761e+02 1.263617e-01
5.336699e+02 1.207589e-01
6.579332e+02 1.140095e-01
8.111308e+02 1.063803e-01
1.000000e+03 9.817741e-02
1.232847e+03 8.971584e-02
1.519911e+03 8.129077e-02
1.873817e+03 7.315433e-02
2.310130e+03 6.550117e-02
2.848036e+03 5.846325e-02
3.511192e+03 5.211267e-02
4.328761e+03 4.646998e-02
5.336699e+03 4.151527e-02
6.579332e+03 3.719968e-02
8.111308e+03 3.345571e-02
1.000000e+04 3.020555e-02
1.232847e+04 2.736743e-02
1.519911e+04 2.486006e-02
1.873817e+04 2.260609e-02
2.310130e+04 2.053494e-02
2.848036e+04 1.858560e-02
3.511192e+04 1.670970e-02
4.328761e+04 1.487447e-02
5.336699e+04 1.306507e-02
6.579332e+04 1.128532e-02
8.111308e+04 9.555909e-03
1.000000e+05 7.909619e-03
1.232847e+05 6.384283e-03
1.519911e+05 5.014920e-03
1.873817e+05 3.827095e-03
2.310130e+05 2.833082e-03
2.848036e+05 2.031315e-03
3.511192e+05 1.408507e-03
4.328761e+05 9.431663e-04
5.336699e+05 6.093322e-04
6.579332e+05 3.798201e-04
8.111308e+05 2.287861e-04
1.000000e+06 1.336021e-04
1.232847e+06 7.598873e-05
1.519911e+06 4.232363e-05
1.873817e+06 2.320846e-05
2.310130e+06 1.258896e-05
2.848036e+06 6.780243e-06
3.511192e+06 3.635858e-06
4.328761e+06 1.944862e-06
5.336699e+06 1.038984e-06
6.579332e+06 5.547200e-07
8.111308e+06 2.961069e-07
1.000000e+07 1.580543e-07
