1.000000e-02 1.051112e-02
1.232847e-02 1.133592e-02
1.519911e-02 1.222544e-02
1.873817e-02 1.318476e-02
2.310130e-02 1.421936e-02
2.848036e-02 1.533514e-02
3.511192e-02 1.653848e-02
4.328761e-02 1.783625e-02
5.336699e-02 1.923585e-02
6.579332e-02 2.074527e-02
8.111308e-02 2.237314e-02
1.000000e-01 2.412874e-02
1.232847e-01 2.602211e-02
1.519911e-01 2.806405e-02
1.873817e-01 3.026622e-02
2.310130e-01 3.264118e-02
2.848036e-01 3.520251e-02
3.511192e-01 3.796481e-02
4.328761e-01 4.094382e-02
5.336699e-01 4.415646e-02
6.579332e-01 4.762082e-02
8.111308e-01 5.135616e-02
1.000000e+00 5.538263e-02
1.232847e+00 5.972094e-02
1.519911e+00 6.439154e-02
1.873817e+00 6.941337e-02
2.310130e+00 7.480187e-02
2.848036e+00 8.056601e-02
3.511192e+00 8.670407e-02
4.328761e+00 9.319791e-02
5.336699e+00 1.000056e-01
6.579332e+00 1.070521e-01
8.111308e+00 1.142196e-01
1.000000e+01 1.213364e-01
1.232847e+01 1.281691e-01
1.519911e+01 1.344190e-01
1.873817e+01 1.397278e-01
2.310130e+01 1.436963e-01
2.848036e+01 1.459197e-01
3.511192e+01 1.460379e-01
4.328761e+01 1.437966e-01
5.336699e+01 1.391055e-01
6.579332e+01 1.320797e-01
8.111308e+01 1.230462e-01
1.000000e+02 1.125111e-01
1.232847e+02 1.010898e-01
1.519911e+02 8.941918e-02
1.873817e+02 7.807296e-02
2.310130e+02 6.750113e-02
2.848036e+02 5.800234e-02
3.511192e+02 4.972771e-02
4.328761e+02 4.270647e-02
5.336699e+02 3.688128e-02
6.579332e+02 3.214341e-02
8.111308e+02 2.836147e-02
1.000000e+03 2.540188e-02
1.232847e+03 2.314116e-02
1.519911e+03 2.147189e-02
1.873817e+03 2.030407e-02
2.310130e+03 1.956346e-02
2.848036e+03 1.918789e-02
3.511192e+03 1.912206e-02
4.328761e+03 1.931106e-02
5.336699e+03 1.969286e-02
6.579332e+03 2.019014e-02
8.111308e+03 2.070284e-02
1.000000e+04 2.110378e-02
1.232847e+04 2.124086e-02
1.519911e+04 2.095015e-02
1.873817e+04 2.008268e-02
2.310130e+04 1.854340e-02
2.848036e+04 1.633383e-02
3.511192e+04 1.358266e-02
4.328761e+04 1.054490e-02
5.336699e+04 7.555867e-03
6.579332e+04 4.943691e-03
8.111308e+04 2.930074e-03
1.000000e+05 1.569356e-03
1.232847e+05 7.638756e-04
1.519911e+05 3.425927e-04
1.873817e+05 1.442843e-04
2.310130e+05 5.818142e-05
2.848036e+05 2.283056e-05
3.511192e+05 8.819361e-06
4.328761e+05 3.378402e-06
5.336699e+05 1.288691e-06
6.579332e+05 4.905769e-07
8.111308e+05 1.865784e-07
1.000000e+06 7.093108e-08
1.232847e+06 2.696091e-08
1.519911e+06 1.024708e-08
1.873817e+06 3.894504e-09
2.310130e+06 1.480126e-09
2.848036e+06 5.625268e-10
3.511192e+06 2.137897e-10
4.328761e+06 8.125127e-11
5.336699e+06 3.087972e-11
6.579332e+06 1.173590e-11
8.111308e+06 4.460254e-12
1.000000e+07 1.695129e-12
