1.000000e-02 1.359132e-02
1.232847e-02 1.425104e-02
1.519911e-02 1.494279e-02
1.873817e-02 1.566812e-02
2.310130e-02 1.642866e-02
2.848036e-02 1.722611e-02
3.511192e-02 1.806227e-02
4.328761e-02 1.893902e-02
5.336699e-02 1.985833e-02
6.579332e-02 2.082226e-02
8.111308e-02 2.183297e-02
1.000000e-01 2.289275e-02
1.232847e-01 2.400398e-02
1.519911e-01 2.516914e-02
1.873817e-01 2.639086e-02
2.310130e-01 2.767188e-02
2.848036e-01 2.901508e-02
3.511192e-01 3.042349e-02
4.328761e-01 3.190027e-02
5.336699e-01 3.344878e-02
6.579332e-01 3.507254e-02
8.111308e-01 3.677531e-02
1.000000e+00 3.856112e-02
1.232847e+00 4.043431e-02
1.519911e+00 4.239967e-02
1.873817e+00 4.446248e-02
2.310130e+00 4.662868e-02
2.848036e+00 4.890502e-02
3.511192e+00 5.129918e-02
4.328761e+00 5.382003e-02
5.336699e+00 5.647774e-02
6.579332e+00 5.928398e-02
8.111308e+00 6.225205e-02
1.000000e+01 6.539696e-02
1.232847e+01 6.873541e-02
1.519911e+01 7.228558e-02
1.873817e+01 7.606678e-02
2.310130e+01 8.009877e-02
2.848036e+01 8.440069e-02
3.511192e+01 8.898946e-02
4.328761e+01 9.387755e-02
5.336699e+01 9.906995e-02
6.579332e+01 1.045601e-01
8.111308e+01 1.103249e-01
1.000000e+02 1.163185e-01
1.232847e+02 1.224649e-01
1.519911e+02 1.286507e-01
1.873817e+02 1.347175e-01
2.310130e+02 1.404561e-01
2.848036e+02 1.456042e-01
3.511192e+02 1.498502e-01
4.328761e+02 1.528448e-01
5.336699e+02 1.542226e-01
6.579332e+02 1.536339e-01
8.111308e+02 1.507838e-01
1.000000e+03 1.454757e-01
1.232847e+03 1.376494e-01
1.519911e+03 1.274096e-01
1.873817e+03 1.150373e-01
2.310130e+03 1.009842e-01
2.848036e+03 8.585066e-02
3.511192e+03 7.035126e-02
4.328761e+03 5.526444e-02
5.336699e+03 4.136043e-02
6.579332e+03 2.930321e-02
8.111308e+03 1.953931e-02
1.000000e+04 1.221105e-02
1.232847e+04 7.142511e-03
1.519911e+04 3.919375e-03
1.873817e+04 2.030339e-03
2.310130e+04 1.002324e-03
2.848036e+04 4.767982e-04
3.511192e+04 2.209210e-04
4.328761e+04 1.006160e-04
5.336699e+04 4.534822e-05
6.579332e+04 2.031772e-05
8.111308e+04 9.074141e-06
1.000000e+05 4.046011e-06
1.232847e+05 1.802600e-06
1.519911e+05 8.027953e-07
1.873817e+05 3.574640e-07
2.310130e+05 1.591564e-07
2.848036e+05 7.085976e-08
3.511192e+05 3.154772e-08
4.328761e+05 1.404537e-08
5.336699e+05 6.253120e-09
6.579332e+05 2.783940e-09
8.111308e+05 1.239432e-09
1.000000e+06 5.518044e-10
1.232847e+06 2.456675e-10
1.519911e+06 1.093730e-10
1.873817e+06 4.869370e-11
2.310130e+06 2.167880e-11
2.848036e+06 9.651567e-12
3.511192e+06 4.296950e-12
4.328761e+06 1.913035e-12
5.336699e+06 8.516975e-13
6.579332e+06 3.791821e-13
8.111308e+06 1.688148e-13
1.000000e+07 7.515760e-14
