1.000000e-02 5.078377e-03
1.232847e-02 5.371418e-03
1.519911e-02 5.681369e-03
1.873817e-02 6.009204e-03
2.310130e-02 6.355957e-03
2.848036e-02 6.722719e-03
3.511192e-02 7.110645e-03
4.328761e-02 7.520955e-03
5.336699e-02 7.954942e-03
6.579332e-02 8.413971e-03
8.111308e-02 8.899488e-03
1.000000e-01 9.413021e-03
1.232847e-01 9.956186e-03
1.519911e-01 1.053069e-02
1.873817e-01 1.113835e-02
2.310130e-01 1.178108e-02
2.848036e-01 1.246089e-02
3.511192e-01 1.317993e-02
4.328761e-01 1.394045e-02
5.336699e-01 1.474486e-02
6.579332e-01 1.559568e-02
8.111308e-01 1.649556e-02
1.000000e+00 1.744732e-02
1.232847e+00 1.845391e-02
1.519911e+00 1.951842e-02
1.873817e+00 2.064407e-02
2.310130e+00 2.183421e-02
2.848036e+00 2.309230e-02
3.511192e+00 2.442189e-02
4.328761e+00 2.582658e-02
5.336699e+00 2.730998e-02
6.579332e+00 2.887567e-02
8.111308e+00 3.052713e-02
1.000000e+01 3.226767e-02
1.232847e+01 3.410033e-02
1.519911e+01 3.602779e-02
1.873817e+01 3.805225e-02
2.310130e+01 4.017527e-02
2.848036e+01 4.239769e-02
3.511192e+01 4.471942e-02
4.328761e+01 4.713935e-02
5.336699e+01 4.965523e-02
6.579332e+01 5.226354e-02
8.111308e+01 5.495952e-02
1.000000e+02 5.773720e-02
1.232847e+02 6.058955e-02
1.519911e+02 6.350885e-02
1.873817e+02 6.648713e-02
2.310130e+02 6.951696e-02
2.848036e+02 7.259239e-02
3.511192e+02 7.571022e-02
4.328761e+02 7.887151e-02
5.336699e+02 8.208341e-02
6.579332e+02 8.536116e-02
8.111308e+02 8.873034e-02
1.000000e+03 9.222920e-02
1.232847e+03 9.591095e-02
1.519911e+03 9.984595e-02
1.873817e+03 1.041235e-01
2.310130e+03 1.088525e-01
2.848036e+03 1.141614e-01
3.511192e+03 1.201938e-01
4.328761e+03 1.270998e-01
5.336699e+03 1.350170e-01
6.579332e+03 1.440334e-01
8.111308e+03 1.541223e-01
1.000000e+04 1.650319e-01
1.232847e+04 1.761145e-01
1.519911e+04 1.860988e-01
1.873817e+04 1.928580e-01
2.310130e+04 1.933562e-01
2.848036e+04 1.841213e-01
3.511192e+04 1.626437e-01
4.328761e+04 1.295803e-01
5.336699e+04 9.032313e-02
6.579332e+04 5.355942e-02
8.111308e+04 2.652374e-02
1.000000e+05 1.096295e-02
1.232847e+05 3.864601e-03
1.519911e+05 1.207642e-03
1.873817e+05 3.489862e-04
2.310130e+05 9.651567e-05
2.848036e+05 2.611804e-05
3.511192e+05 6.999756e-06
4.328761e+05 1.868611e-06
5.336699e+05 4.980946e-07
6.579332e+05 1.327019e-07
8.111308e+05 3.534811e-08
1.000000e+06 9.415222e-09
1.232847e+06 2.507767e-09
1.519911e+06 6.679464e-10
1.873817e+06 1.779079e-10
2.310130e+06 4.738587e-11
2.848036e+06 1.262125e-11
3.511192e+06 3.361675e-12
4.328761e+06 8.953836e-13
5.336699e+06 2.384858e-13
6.579332e+06 6.352080e-14
8.111308e+06 1.691879e-14
1.000000e+07 4.506328e-15
