1.000000e-02 1.815217e-02
1.232847e-02 1.906248e-02
1.519911e-02 2.001845e-02
1.873817e-02 2.102235e-02
2.310130e-02 2.207660e-02
2.848036e-02 2.318372e-02
3.511192e-02 2.434636e-02
4.328761e-02 2.556731e-02
5.336699e-02 2.684948e-02
6.579332e-02 2.819596e-02
8.111308e-02 2.960996e-02
1.000000e-01 3.109487e-02
1.232847e-01 3.265424e-02
1.519911e-01 3.429182e-02
1.873817e-01 3.601152e-02
2.310130e-01 3.781746e-02
2.848036e-01 3.971397e-02
3.511192e-01 4.170559e-02
4.328761e-01 4.379709e-02
5.336699e-01 4.599348e-02
6.579332e-01 4.830004e-02
8.111308e-01 5.072231e-02
1.000000e+00 5.326608e-02
1.232847e+00 5.593747e-02
1.519911e+00 5.874280e-02
1.873817e+00 6.168864e-02
2.310130e+00 6.478167e-02
2.848036e+00 6.802854e-02
3.511192e+00 7.143562e-02
4.328761e+00 7.500860e-02
5.336699e+00 7.875202e-02
6.579332e+00 8.266842e-02
8.111308e+00 8.675740e-02
1.000000e+01 9.101426e-02
1.232847e+01 9.542830e-02
1.519911e+01 9.998071e-02
1.873817e+01 1.046420e-01
2.310130e+01 1.093693e-01
2.848036e+01 1.141027e-01
3.511192e+01 1.187627e-01
4.328761e+01 1.232465e-01
5.336699e+01 1.274266e-01
6.579332e+01 1.311493e-01
8.111308e+01 1.342374e-01
1.000000e+02 1.364945e-01
1.232847e+02 1.377143e-01
1.519911e+02 1.376945e-01
1.873817e+02 1.362545e-01
2.310130e+02 1.332562e-01
2.848036e+02 1.286263e-01
3.511192e+02 1.223742e-01
4.328761e+02 1.146046e-01
5.336699e+02 1.055189e-01
6.579332e+02 9.540543e-02
8.111308e+02 8.461773e-02
1.000000e+03 7.354502e-02
1.232847e+03 6.257841e-02
1.519911e+03 5.207863e-02
1.873817e+03 4.234921e-02
2.310130e+03 3.361815e-02
2.848036e+03 2.602896e-02
3.511192e+03 1.964062e-02
4.328761e+03 1.443511e-02
5.336699e+03 1.033092e-02
6.579332e+03 7.200634e-03
8.111308e+03 4.890617e-03
1.000000e+04 3.239942e-03
1.232847e+04 2.096210e-03
1.519911e+04 1.326340e-03
1.873817e+04 8.218369e-04
2.310130e+04 4.993118e-04
2.848036e+04 2.978051e-04
3.511192e+04 1.745923e-04
4.328761e+04 1.007694e-04
5.336699e+04 5.736962e-05
6.579332e+04 3.228937e-05
8.111308e+04 1.800884e-05
1.000000e+05 9.975457e-06
1.232847e+05 5.498459e-06
1.519911e+05 3.020506e-06
1.873817e+05 1.655568e-06
2.310130e+05 9.061346e-07
2.848036e+05 4.955096e-07
3.511192e+05 2.708174e-07
4.328761e+05 1.479657e-07
5.336699e+05 8.082833e-08
6.579332e+05 4.414877e-08
8.111308e+05 2.411274e-08
1.000000e+06 1.316919e-08
1.232847e+06 7.192222e-09
1.519911e+06 3.927916e-09
1.873817e+06 2.145155e-09
2.310130e+06 1.171531e-09
2.848036e+06 6.398057e-10
3.511192e+06 3.494154e-10
4.328761e+06 1.908252e-10
5.336699e+06 1.042148e-10
6.579332e+06 5.691450e-11
8.111308e+06 3.108254e-11
1.000000e+07 1.697501e-11
