1.000000e-02 6.405038e-02
1.232847e-02 6.475061e-02
1.519911e-02 6.545849e-02
1.873817e-02 6.617412e-02
2.310130e-02 6.689757e-02
2.848036e-02 6.762893e-02
3.511192e-02 6.836828e-02
4.328761e-02 6.911572e-02
5.336699e-02 6.987133e-02
6.579332e-02 7.063520e-02
8.111308e-02 7.140742e-02
1.000000e-01 7.218808e-02
1.232847e-01 7.297728e-02
1.519911e-01 7.377511e-02
1.873817e-01 7.458165e-02
2.310130e-01 7.539701e-02
2.848036e-01 7.622123e-02
3.511192e-01 7.705434e-02
4.328761e-01 7.789617e-02
5.336699e-01 7.874627e-02
6.579332e-01 7.960362e-02
8.111308e-01 8.046629e-02
1.000000e+00 8.133103e-02
1.232847e+00 8.219271e-02
1.519911e+00 8.304382e-02
1.873817e+00 8.387395e-02
2.310130e+00 8.466939e-02
2.848036e+00 8.541282e-02
3.511192e+00 8.608336e-02
4.328761e+00 8.665674e-02
5.336699e+00 8.710597e-02
6.579332e+00 8.740230e-02
8.111308e+00 8.751649e-02
1.000000e+01 8.742052e-02
1.232847e+01 8.708937e-02
1.519911e+01 8.650294e-02
1.873817e+01 8.564790e-02
2.310130e+01 8.451915e-02
2.848036e+01 8.312087e-02
3.511192e+01 8.146696e-02
4.328761e+01 7.958071e-02
5.336699e+01 7.749390e-02
6.579332e+01 7.524514e-02
8.111308e+01 7.287790e-02
1.000000e+02 7.043824e-02
1.232847e+02 6.797252e-02
1.519911e+02 6.552527e-02
1.873817e+02 6.313747e-02
2.310130e+02 6.084515e-02
2.848036e+02 5.867853e-02
3.511192e+02 5.666151e-02
4.328761e+02 5.481157e-02
5.336699e+02 5.313987e-02
6.579332e+02 5.165156e-02
8.111308e+02 5.034603e-02
1.000000e+03 4.921726e-02
1.232847e+03 4.825392e-02
1.519911e+03 4.743946e-02
1.873817e+03 4.675199e-02
2.310130e+03 4.616406e-02
2.848036e+03 4.564237e-02
3.511192e+03 4.514764e-02
4.328761e+03 4.463457e-02
5.336699e+03 4.405237e-02
6.579332e+03 4.334590e-02
8.111308e+03 4.245775e-02
1.000000e+04 4.133139e-02
1.232847e+04 3.991547e-02
1.519911e+04 3.816911e-02
1.873817e+04 3.606780e-02
2.310130e+04 3.360908e-02
2.848036e+04 3.081717e-02
3.511192e+04 2.774520e-02
4.328761e+04 2.447403e-02
5.336699e+04 2.110715e-02
6.579332e+04 1.776145e-02
8.111308e+04 1.455506e-02
1.000000e+05 1.159416e-02
1.232847e+05 8.961493e-03
1.519911e+05 6.708819e-03
1.873817e+05 4.854964e-03
2.310130e+05 3.388934e-03
2.848036e+05 2.276582e-03
3.511192e+05 1.468659e-03
4.328761e+05 9.085743e-04
5.336699e+05 5.390288e-04
6.579332e+05 3.073133e-04
8.111308e+05 1.690960e-04
1.000000e+06 9.033715e-05
1.232847e+06 4.717191e-05
1.519911e+06 2.422965e-05
1.873817e+06 1.230765e-05
2.310130e+06 6.207636e-06
2.848036e+06 3.117652e-06
3.511192e+06 1.561995e-06
4.328761e+06 7.815813e-07
5.336699e+06 3.908374e-07
6.579332e+06 1.953894e-07
8.111308e+06 9.767123e-08
1.000000e+07 4.882309e-08
