1.000000e-02 1.549669e-02
1.232847e-02 1.625352e-02
1.519911e-02 1.704732e-02
1.873817e-02 1.787988e-02
2.310130e-02 1.875310e-02
2.848036e-02 1.966897e-02
3.511192e-02 2.062957e-02
4.328761e-02 2.163708e-02
5.336699e-02 2.269380e-02
6.579332e-02 2.380212e-02
8.111308e-02 2.496458e-02
1.000000e-01 2.618380e-02
1.232847e-01 2.746257e-02
1.519911e-01 2.880380e-02
1.873817e-01 3.021053e-02
2.310130e-01 3.168596e-02
2.848036e-01 3.323344e-02
3.511192e-01 3.485651e-02
4.328761e-01 3.655887e-02
5.336699e-01 3.834440e-02
6.579332e-01 4.021722e-02
8.111308e-01 4.218171e-02
1.000000e+00 4.424252e-02
1.232847e+00 4.640470e-02
1.519911e+00 4.867370e-02
1.873817e+00 5.105553e-02
2.310130e+00 5.355684e-02
2.848036e+00 5.618503e-02
3.511192e+00 5.894841e-02
4.328761e+00 6.185622e-02
5.336699e+00 6.491879e-02
6.579332e+00 6.814748e-02
8.111308e+00 7.155463e-02
1.000000e+01 7.515331e-02
1.232847e+01 7.895689e-02
1.519911e+01 8.297836e-02
1.873817e+01 8.722924e-02
2.310130e+01 9.171806e-02
2.848036e+01 9.644824e-02
3.511192e+01 1.014152e-01
4.328761e+01 1.066028e-01
5.336699e+01 1.119785e-01
6.579332e+01 1.174881e-01
8.111308e+01 1.230490e-01
1.000000e+02 1.285443e-01
1.232847e+02 1.338156e-01
1.519911e+02 1.386594e-01
1.873817e+02 1.428254e-01
2.310130e+02 1.460216e-01
2.848036e+02 1.479275e-01
3.511192e+02 1.482163e-01
4.328761e+02 1.465892e-01
5.336699e+02 1.428161e-01
6.579332e+02 1.367797e-01
8.111308e+02 1.285126e-01
1.000000e+03 1.182178e-01
1.232847e+03 1.062646e-01
1.519911e+03 9.315693e-02
1.873817e+03 7.948094e-02
2.310130e+03 6.584167e-02
2.848036e+03 5.280320e-02
3.511192e+03 4.084237e-02
4.328761e+03 3.032046e-02
5.336699e+03 2.147058e-02
6.579332e+03 1.439430e-02
8.111308e+03 9.061653e-03
1.000000e+04 5.315590e-03
1.232847e+04 2.890625e-03
1.519911e+04 1.456868e-03
1.873817e+04 6.846440e-04
2.310130e+04 3.035157e-04
2.848036e+04 1.287798e-04
3.511192e+04 5.303119e-05
4.328761e+04 2.143491e-05
5.336699e+04 8.571239e-06
6.579332e+04 3.407567e-06
8.111308e+04 1.350695e-06
1.000000e+05 5.346156e-07
1.232847e+05 2.114613e-07
1.519911e+05 8.361531e-08
1.873817e+05 3.305835e-08
2.310130e+05 1.306925e-08
2.848036e+05 5.166652e-09
3.511192e+05 2.042505e-09
4.328761e+05 8.074487e-10
5.336699e+05 3.192024e-10
6.579332e+05 1.261877e-10
8.111308e+05 4.988472e-11
1.000000e+06 1.972051e-11
1.232847e+06 7.795945e-12
1.519911e+06 3.081906e-12
1.873817e+06 1.218344e-12
2.310130e+06 4.816377e-13
2.848036e+06 1.904018e-13
3.511192e+06 7.526996e-14
4.328761e+06 2.975584e-14
5.336699e+06 1.176313e-14
6.579332e+06 4.650219e-15
8.111308e+06 1.838332e-15
1.000000e+07 7.267325e-16
