1.000000e-02 7.705905e-03
1.232847e-02 8.120936e-03
1.519911e-02 8.558320e-03
1.873817e-02 9.019261e-03
2.310130e-02 9.505028e-03
2.848036e-02 1.001696e-02
3.511192e-02 1.055646e-02
4.328761e-02 1.112502e-02
5.336699e-02 1.172420e-02
6.579332e-02 1.235565e-02
8.111308e-02 1.302111e-02
1.000000e-01 1.372241e-02
1.232847e-01 1.446149e-02
1.519911e-01 1.524036e-02
1.873817e-01 1.606119e-02
2.310130e-01 1.692623e-02
2.848036e-01 1.783786e-02
3.511192e-01 1.879858e-02
4.328761e-01 1.981106e-02
5.336699e-01 2.087806e-02
6.579332e-01 2.200254e-02
8.111308e-01 2.318759e-02
1.000000e+00 2.443650e-02
1.232847e+00 2.575273e-02
1.519911e+00 2.713994e-02
1.873817e+00 2.860202e-02
2.310130e+00 3.014311e-02
2.848036e+00 3.176759e-02
3.511192e+00 3.348018e-02
4.328761e+00 3.528587e-02
5.336699e+00 3.719006e-02
6.579332e+00 3.919848e-02
8.111308e+00 4.131733e-02
1.000000e+01 4.355320e-02
1.232847e+01 4.591314e-02
1.519911e+01 4.840466e-02
1.873817e+01 5.103564e-02
2.310130e+01 5.381433e-02
2.848036e+01 5.674919e-02
3.511192e+01 5.984874e-02
4.328761e+01 6.312127e-02
5.336699e+01 6.657455e-02
6.579332e+01 7.021530e-02
8.111308e+01 7.404858e-02
1.000000e+02 7.807705e-02
1.232847e+02 8.229996e-02
1.519911e+02 8.671197e-02
1.873817e+02 9.130180e-02
2.310130e+02 9.605060e-02
2.848036e+02 1.009302e-01
3.511192e+02 1.059012e-01
4.328761e+02 1.109111e-01
5.336699e+02 1.158924e-01
6.579332e+02 1.207611e-01
8.111308e+02 1.254160e-01
1.000000e+03 1.297377e-01
1.232847e+03 1.335904e-01
1.519911e+03 1.368232e-01
1.873817e+03 1.392742e-01
2.310130e+03 1.407753e-01
2.848036e+03 1.411598e-01
3.511192e+03 1.402706e-01
4.328761e+03 1.379711e-01
5.336699e+03 1.341565e-01
6.579332e+03 1.287671e-01
8.111308e+03 1.218018e-01
1.000000e+04 1.133324e-01
1.232847e+04 1.035156e-01
1.519911e+04 9.260041e-02
1.873817e+04 8.092774e-02
2.310130e+04 6.891588e-02
2.848036e+04 5.703089e-02
3.511192e+04 4.574171e-02
4.328761e+04 3.546644e-02
5.336699e+04 2.652111e-02
6.579332e+04 1.908430e-02
8.111308e+04 1.318762e-02
1.000000e+05 8.733447e-03
1.232847e+05 5.532190e-03
1.519911e+05 3.346643e-03
1.873817e+05 1.931997e-03
2.310130e+05 1.065288e-03
2.848036e+05 5.627784e-04
3.511192e+05 2.863955e-04
4.328761e+05 1.413886e-04
5.336699e+05 6.822579e-05
6.579332e+05 3.240026e-05
8.111308e+05 1.522683e-05
1.000000e+06 7.109980e-06
1.232847e+06 3.307368e-06
1.519911e+06 1.535226e-06
1.873817e+06 7.118068e-07
2.310130e+06 3.298302e-07
2.848036e+06 1.527869e-07
3.511192e+06 7.076479e-08
4.328761e+06 3.277314e-08
5.336699e+06 1.517769e-08
6.579332e+06 7.028908e-09
8.111308e+06 3.255132e-09
1.000000e+07 1.507471e-09
