1.000000e-02 8.448919e-03
1.232847e-02 8.963364e-03
1.519911e-02 9.509133e-03
1.873817e-02 1.008813e-02
2.310130e-02 1.070239e-02
2.848036e-02 1.135404e-02
3.511192e-02 1.204538e-02
4.328761e-02 1.277881e-02
5.336699e-02 1.355689e-02
6.579332e-02 1.438236e-02
8.111308e-02 1.525808e-02
1.000000e-01 1.618713e-02
1.232847e-01 1.717275e-02
1.519911e-01 1.821837e-02
1.873817e-01 1.932767e-02
2.310130e-01 2.050451e-02
2.848036e-01 2.175300e-02
3.511192e-01 2.307751e-02
4.328761e-01 2.448264e-02
5.336699e-01 2.597327e-02
6.579332e-01 2.755452e-02
8.111308e-01 2.923173e-02
1.000000e+00 3.101040e-02
1.232847e+00 3.289613e-02
1.519911e+00 3.489443e-02
1.873817e+00 3.701053e-02
2.310130e+00 3.924915e-02
2.848036e+00 4.161407e-02
3.511192e+00 4.410770e-02
4.328761e+00 4.673053e-02
5.336699e+00 4.948043e-02
6.579332e+00 5.235195e-02
8.111308e+00 5.533545e-02
1.000000e+01 5.841628e-02
1.232847e+01 6.157397e-02
1.519911e+01 6.478155e-02
1.873817e+01 6.800513e-02
2.310130e+01 7.120384e-02
2.848036e+01 7.433022e-02
3.511192e+01 7.733138e-02
4.328761e+01 8.015068e-02
5.336699e+01 8.273033e-02
6.579332e+01 8.501453e-02
8.111308e+01 8.695311e-02
1.000000e+02 8.850539e-02
1.232847e+02 8.964381e-02
1.519911e+02 9.035691e-02
1.873817e+02 9.065141e-02
2.310130e+02 9.055286e-02
2.848036e+02 9.010503e-02
3.511192e+02 8.936789e-02
4.328761e+02 8.841454e-02
5.336699e+02 8.732753e-02
6.579332e+02 8.619488e-02
8.111308e+02 8.510643e-02
1.000000e+03 8.415060e-02
1.232847e+03 8.341191e-02
1.519911e+03 8.296914e-02
1.873817e+03 8.289385e-02
2.310130e+03 8.324894e-02
2.848036e+03 8.408648e-02
3.511192e+03 8.544404e-02
4.328761e+03 8.733833e-02
5.336699e+03 8.975485e-02
6.579332e+03 9.263213e-02
8.111308e+03 9.583941e-02
1.000000e+04 9.914816e-02
1.232847e+04 1.022006e-01
1.519911e+04 1.044841e-01
1.873817e+04 1.053300e-01
2.310130e+04 1.039621e-01
2.848036e+04 9.962485e-02
3.511192e+04 9.180209e-02
4.328761e+04 8.048489e-02
5.336699e+04 6.638018e-02
6.579332e+04 5.090738e-02
8.111308e+04 3.588949e-02
1.000000e+05 2.301282e-02
1.232847e+05 1.330428e-02
1.519911e+05 6.901217e-03
1.873817e+05 3.217628e-03
2.310130e+05 1.362484e-03
2.848036e+05 5.335601e-04
3.511192e+05 1.974636e-04
4.328761e+05 7.045930e-05
5.336699e+05 2.461266e-05
6.579332e+05 8.500952e-06
8.111308e+05 2.919826e-06
1.000000e+06 1.000297e-06
1.232847e+06 3.423042e-07
1.519911e+06 1.170822e-07
1.873817e+06 4.003936e-08
2.310130e+06 1.369150e-08
2.848036e+06 4.681692e-09
3.511192e+06 1.600848e-09
4.328761e+06 5.473886e-10
5.336699e+06 1.871720e-10
6.579332e+06 6.400085e-11
8.111308e+06 2.188420e-11
1.000000e+07 7.482995e-12
