1.000000e-02 9.521232e-03
1.232847e-02 1.004018e-02
1.519911e-02 1.058742e-02
1.873817e-02 1.116449e-02
2.310130e-02 1.177300e-02
2.848036e-02 1.241469e-02
3.511192e-02 1.309135e-02
4.328761e-02 1.380489e-02
5.336699e-02 1.455732e-02
6.579332e-02 1.535076e-02
8.111308e-02 1.618745e-02
1.000000e-01 1.706975e-02
1.232847e-01 1.800013e-02
1.519911e-01 1.898122e-02
1.873817e-01 2.001579e-02
2.310130e-01 2.110674e-02
2.848036e-01 2.225716e-02
3.511192e-01 2.347028e-02
4.328761e-01 2.474952e-02
5.336699e-01 2.609849e-02
6.579332e-01 2.752099e-02
8.111308e-01 2.902104e-02
1.000000e+00 3.060286e-02
1.232847e+00 3.227093e-02
1.519911e+00 3.402997e-02
1.873817e+00 3.588495e-02
2.310130e+00 3.784111e-02
2.848036e+00 3.990399e-02
3.511192e+00 4.207935e-02
4.328761e+00 4.437324e-02
5.336699e+00 4.679189e-02
6.579332e+00 4.934173e-02
8.111308e+00 5.202921e-02
1.000000e+01 5.486072e-02
1.232847e+01 5.784241e-02
1.519911e+01 6.097985e-02
1.873817e+01 6.427777e-02
2.310130e+01 6.773955e-02
2.848036e+01 7.136668e-02
3.511192e+01 7.515802e-02
4.328761e+01 7.910898e-02
5.336699e+01 8.321049e-02
6.579332e+01 8.744785e-02
8.111308e+01 9.179946e-02
1.000000e+02 9.623544e-02
1.232847e+02 1.007163e-01
1.519911e+02 1.051916e-01
1.873817e+02 1.095989e-01
2.310130e+02 1.138636e-01
2.848036e+02 1.178980e-01
3.511192e+02 1.216035e-01
4.328761e+02 1.248712e-01
5.336699e+02 1.275861e-01
6.579332e+02 1.296308e-01
8.111308e+02 1.308910e-01
1.000000e+03 1.312620e-01
1.232847e+03 1.306548e-01
1.519911e+03 1.290025e-01
1.873817e+03 1.262656e-01
2.310130e+03 1.224360e-01
2.848036e+03 1.175394e-01
3.511192e+03 1.116360e-01
4.328761e+03 1.048201e-01
5.336699e+03 9.721773e-02
6.579332e+03 8.898404e-02
8.111308e+03 8.029881e-02
1.000000e+04 7.136103e-02
1.232847e+04 6.238176e-02
1.519911e+04 5.357483e-02
1.873817e+04 4.514539e-02
2.310130e+04 3.727714e-02
2.848036e+04 3.011993e-02
3.511192e+04 2.377999e-02
4.328761e+04 1.831493e-02
5.336699e+04 1.373444e-02
6.579332e+04 1.000599e-02
8.111308e+04 7.063904e-03
1.000000e+05 4.819440e-03
1.232847e+05 3.170008e-03
1.519911e+05 2.007087e-03
1.873817e+05 1.223293e-03
2.310130e+05 7.192184e-04
2.848036e+05 4.095781e-04
3.511192e+05 2.271662e-04
4.328761e+05 1.234444e-04
5.336699e+05 6.609060e-05
6.579332e+05 3.502377e-05
8.111308e+05 1.843622e-05
1.000000e+06 9.663809e-06
1.232847e+06 5.052574e-06
1.519911e+06 2.637683e-06
1.873817e+06 1.375809e-06
2.310130e+06 7.172740e-07
2.848036e+06 3.738512e-07
3.511192e+06 1.948288e-07
4.328761e+06 1.015261e-07
5.336699e+06 5.290401e-08
6.579332e+06 2.756725e-08
8.111308e+06 1.436470e-08
1.000000e+07 7.485125e-09
