1.000000e-02 1.412008e-02
1.232847e-02 1.489354e-02
1.519911e-02 1.570936e-02
1.873817e-02 1.656988e-02
2.310130e-02 1.747753e-02
2.848036e-02 1.843490e-02
3.511192e-02 1.944471e-02
4.328761e-02 2.050984e-02
5.336699e-02 2.163331e-02
6.579332e-02 2.281832e-02
8.111308e-02 2.406824e-02
1.000000e-01 2.538663e-02
1.232847e-01 2.677724e-02
1.519911e-01 2.824402e-02
1.873817e-01 2.979115e-02
2.310130e-01 3.142303e-02
2.848036e-01 3.314430e-02
3.511192e-01 3.495985e-02
4.328761e-01 3.687487e-02
5.336699e-01 3.889483e-02
6.579332e-01 4.102551e-02
8.111308e-01 4.327308e-02
1.000000e+00 4.564407e-02
1.232847e+00 4.814550e-02
1.519911e+00 5.078484e-02
1.873817e+00 5.357009e-02
2.310130e+00 5.650977e-02
2.848036e+00 5.961285e-02
3.511192e+00 6.288859e-02
4.328761e+00 6.634623e-02
5.336699e+00 6.999443e-02
6.579332e+00 7.384047e-02
8.111308e+00 7.788894e-02
1.000000e+01 8.213988e-02
1.232847e+01 8.658629e-02
1.519911e+01 9.121067e-02
1.873817e+01 9.598066e-02
2.310130e+01 1.008436e-01
2.848036e+01 1.057204e-01
3.511192e+01 1.104990e-01
4.328761e+01 1.150280e-01
5.336699e+01 1.191134e-01
6.579332e+01 1.225189e-01
8.111308e+01 1.249741e-01
1.000000e+02 1.261928e-01
1.232847e+02 1.259029e-01
1.519911e+02 1.238877e-01
1.873817e+02 1.200321e-01
2.310130e+02 1.143648e-01
2.848036e+02 1.070822e-01
3.511192e+02 9.854405e-02
4.328761e+02 8.923440e-02
5.336699e+02 7.969630e-02
6.579332e+02 7.045640e-02
8.111308e+02 6.196057e-02
1.000000e+03 5.453651e-02
1.232847e+03 4.838958e-02
1.519911e+03 4.362709e-02
1.873817e+03 4.030120e-02
2.310130e+03 3.846051e-02
2.848036e+03 3.820430e-02
3.511192e+03 3.973682e-02
4.328761e+03 4.341483e-02
5.336699e+03 4.975646e-02
6.579332e+03 5.930016e-02
8.111308e+03 7.201886e-02
1.000000e+04 8.577590e-02
1.232847e+04 9.390587e-02
1.519911e+04 8.577573e-02
1.873817e+04 5.816497e-02
2.310130e+04 2.690920e-02
2.848036e+04 8.636599e-03
3.511192e+04 2.144502e-03
4.328761e+04 4.638233e-04
5.336699e+04 9.443009e-05
6.579332e+04 1.879421e-05
8.111308e+04 3.712545e-06
1.000000e+05 7.317054e-07
1.232847e+05 1.441210e-07
1.519911e+05 2.838225e-08
1.873817e+05 5.589189e-09
2.310130e+05 1.100643e-09
2.848036e+05 2.167422e-10
3.511192e+05 4.268153e-11
4.328761e+05 8.404977e-12
5.336699e+05 1.655134e-12
6.579332e+05 3.259339e-13
8.111308e+05 6.418390e-14
1.000000e+06 1.263929e-14
1.232847e+06 2.488967e-15
1.519911e+06 4.901350e-16
1.873817e+06 9.651887e-17
2.310130e+06 1.900679e-17
2.848036e+06 3.742875e-18
3.511192e+06 7.370583e-19
4.328761e+06 1.451438e-19
5.336699e+06 2.858215e-20
6.579332e+06 5.628484e-21
8.111308e+06 1.108378e-21
1.000000e+07 2.182652e-22
