1.000000e-02 2.085415e-02
1.232847e-02 2.185428e-02
1.519911e-02 2.290238e-02
1.873817e-02 2.400073e-02
2.310130e-02 2.515177e-02
2.848036e-02 2.635800e-02
3.511192e-02 2.762209e-02
4.328761e-02 2.894679e-02
5.336699e-02 3.033503e-02
6.579332e-02 3.178985e-02
8.111308e-02 3.331443e-02
1.000000e-01 3.491213e-02
1.232847e-01 3.658646e-02
1.519911e-01 3.834108e-02
1.873817e-01 4.017985e-02
2.310130e-01 4.210681e-02
2.848036e-01 4.412617e-02
3.511192e-01 4.624235e-02
4.328761e-01 4.845994e-02
5.336699e-01 5.078369e-02
6.579332e-01 5.321839e-02
8.111308e-01 5.576881e-02
1.000000e+00 5.843944e-02
1.232847e+00 6.123422e-02
1.519911e+00 6.415613e-02
1.873817e+00 6.720660e-02
2.310130e+00 7.038483e-02
2.848036e+00 7.368695e-02
3.511192e+00 7.710497e-02
4.328761e+00 8.062570e-02
5.336699e+00 8.422951e-02
6.579332e+00 8.788913e-02
8.111308e+00 9.156853e-02
1.000000e+01 9.522203e-02
1.232847e+01 9.879379e-02
1.519911e+01 1.022179e-01
1.873817e+01 1.054194e-01
2.310130e+01 1.083159e-01
2.848036e+01 1.108205e-01
3.511192e+01 1.128460e-01
4.328761e+01 1.143094e-01
5.336699e+01 1.151377e-01
6.579332e+01 1.152731e-01
8.111308e+01 1.146784e-01
1.000000e+02 1.133407e-01
1.232847e+02 1.112738e-01
1.519911e+02 1.085181e-01
1.873817e+02 1.051382e-01
2.310130e+02 1.012192e-01
2.848036e+02 9.686038e-02
3.511192e+02 9.216852e-02
4.328761e+02 8.725119e-02
5.336699e+02 8.221036e-02
6.579332e+02 7.713733e-02
8.111308e+02 7.210912e-02
1.000000e+03 6.718646e-02
1.232847e+03 6.241329e-02
1.519911e+03 5.781758e-02
1.873817e+03 5.341318e-02
2.310130e+03 4.920225e-02
2.848036e+03 4.517822e-02
3.511192e+03 4.132876e-02
4.328761e+03 3.763882e-02
5.336699e+03 3.409350e-02
6.579332e+03 3.068068e-02
8.111308e+03 2.739317e-02
1.000000e+04 2.423037e-02
1.232847e+04 2.119908e-02
1.519911e+04 1.831337e-02
1.873817e+04 1.559340e-02
2.310130e+04 1.306316e-02
2.848036e+04 1.074736e-02
3.511192e+04 8.667869e-03
4.328761e+04 6.840403e-03
5.336699e+04 5.272058e-03
6.579332e+04 3.960205e-03
8.111308e+04 2.892826e-03
1.000000e+05 2.050000e-03
1.232847e+05 1.405986e-03
1.519911e+05 9.314206e-04
1.873817e+05 5.953924e-04
2.310130e+05 3.674249e-04
2.848036e+05 2.194101e-04
3.511192e+05 1.272974e-04
4.328761e+05 7.212478e-05
5.336699e+05 4.012362e-05
6.579332e+05 2.202556e-05
8.111308e+05 1.197988e-05
1.000000e+06 6.476414e-06
1.232847e+06 3.487696e-06
1.519911e+06 1.873757e-06
1.873817e+06 1.005254e-06
2.310130e+06 5.388711e-07
2.848036e+06 2.887329e-07
3.511192e+06 1.546681e-07
4.328761e+06 8.284196e-08
5.336699e+06 4.436838e-08
6.579332e+06 2.376214e-08
8.111308e+06 1.272605e-08
1.000000e+07 6.815555e-09
