1.000000e-02 3.700866e-02
1.232847e-02 3.863058e-02
1.519911e-02 4.032358e-02
1.873817e-02 4.209078e-02
2.310130e-02 4.393543e-02
2.848036e-02 4.586092e-02
3.511192e-02 4.787080e-02
4.328761e-02 4.996876e-02
5.336699e-02 5.215866e-02
6.579332e-02 5.444454e-02
8.111308e-02 5.683059e-02
1.000000e-01 5.932122e-02
1.232847e-01 6.192100e-02
1.519911e-01 6.463471e-02
1.873817e-01 6.746736e-02
2.310130e-01 7.042414e-02
2.848036e-01 7.351047e-02
3.511192e-01 7.673193e-02
4.328761e-01 8.009419e-02
5.336699e-01 8.360277e-02
6.579332e-01 8.726261e-02
8.111308e-01 9.107741e-02
1.000000e+00 9.504841e-02
1.232847e+00 9.917280e-02
1.519911e+00 1.034414e-01
1.873817e+00 1.078354e-01
2.310130e+00 1.123229e-01
2.848036e+00 1.168540e-01
3.511192e+00 1.213557e-01
4.328761e+00 1.257265e-01
5.336699e+00 1.298318e-01
6.579332e+00 1.335005e-01
8.111308e+00 1.365246e-01
1.000000e+01 1.386646e-01
1.232847e+01 1.396603e-01
1.519911e+01 1.392507e-01
1.873817e+01 1.372017e-01
2.310130e+01 1.333394e-01
2.848036e+01 1.275852e-01
3.511192e+01 1.199859e-01
4.328761e+01 1.107295e-01
5.336699e+01 1.001425e-01
6.579332e+01 8.866369e-02
8.111308e+01 7.679826e-02
1.000000e+02 6.506013e-02
1.232847e+02 5.391380e-02
1.519911e+02 4.372758e-02
1.873817e+02 3.474645e-02
2.310130e+02 2.708715e-02
2.848036e+02 2.075244e-02
3.511192e+02 1.565768e-02
4.328761e+02 1.166191e-02
5.336699e+02 8.597022e-03
6.579332e+02 6.291002e-03
8.111308e+02 4.583818e-03
1.000000e+03 3.336327e-03
1.232847e+03 2.433655e-03
1.519911e+03 1.784776e-03
1.873817e+03 1.319903e-03
2.310130e+03 9.869320e-04
2.848036e+03 7.477623e-04
3.511192e+03 5.749690e-04
4.328761e+03 4.490302e-04
5.336699e+03 3.561440e-04
6.579332e+03 2.865809e-04
8.111308e+03 2.334821e-04
1.000000e+04 1.920047e-04
1.232847e+04 1.587322e-04
1.519911e+04 1.312754e-04
1.873817e+04 1.080091e-04
2.310130e+04 8.789328e-05
2.848036e+04 7.033794e-05
3.511192e+04 5.507780e-05
4.328761e+04 4.204058e-05
5.336699e+04 3.121433e-05
6.579332e+04 2.253962e-05
8.111308e+04 1.585372e-05
1.000000e+05 1.089376e-05
1.232847e+05 7.339827e-06
1.519911e+05 4.867813e-06
1.873817e+05 3.189271e-06
2.310130e+05 2.070658e-06
2.848036e+05 1.335594e-06
3.511192e+05 8.574875e-07
4.328761e+05 5.487686e-07
5.336699e+05 3.504324e-07
6.579332e+05 2.234525e-07
8.111308e+05 1.423465e-07
1.000000e+06 9.062206e-08
1.232847e+06 5.766922e-08
1.519911e+06 3.668944e-08
1.873817e+06 2.333818e-08
2.310130e+06 1.484392e-08
2.848036e+06 9.440691e-09
3.511192e+06 6.004036e-09
4.328761e+06 3.818336e-09
5.336699e+06 2.428289e-09
6.579332e+06 1.544275e-09
8.111308e+06 9.820826e-10
1.000000e+07 6.245558e-10
