1.000000e-02 7.961931e-03
1.232847e-02 8.398688e-03
1.519911e-02 8.859404e-03
1.873817e-02 9.345393e-03
2.310130e-02 9.858041e-03
2.848036e-02 1.039881e-02
3.511192e-02 1.096925e-02
4.328761e-02 1.157097e-02
5.336699e-02 1.220571e-02
6.579332e-02 1.287526e-02
8.111308e-02 1.358154e-02
1.000000e-01 1.432656e-02
1.232847e-01 1.511246e-02
1.519911e-01 1.594146e-02
1.873817e-01 1.681594e-02
2.310130e-01 1.773839e-02
2.848036e-01 1.871145e-02
3.511192e-01 1.973788e-02
4.328761e-01 2.082061e-02
5.336699e-01 2.196275e-02
6.579332e-01 2.316754e-02
8.111308e-01 2.443844e-02
1.000000e+00 2.577909e-02
1.232847e+00 2.719334e-02
1.519911e+00 2.868527e-02
1.873817e+00 3.025922e-02
2.310130e+00 3.191977e-02
2.848036e+00 3.367181e-02
3.511192e+00 3.552054e-02
4.328761e+00 3.747149e-02
5.336699e+00 3.953055e-02
6.579332e+00 4.170395e-02
8.111308e+00 4.399830e-02
1.000000e+01 4.642054e-02
1.232847e+01 4.897789e-02
1.519911e+01 5.167782e-02
1.873817e+01 5.452787e-02
2.310130e+01 5.753550e-02
2.848036e+01 6.070781e-02
3.511192e+01 6.405123e-02
4.328761e+01 6.757103e-02
5.336699e+01 7.127074e-02
6.579332e+01 7.515144e-02
8.111308e+01 7.921086e-02
1.000000e+02 8.344227e-02
1.232847e+02 8.783331e-02
1.519911e+02 9.236457e-02
1.873817e+02 9.700808e-02
2.310130e+02 1.017257e-01
2.848036e+02 1.064678e-01
3.511192e+02 1.111717e-01
4.328761e+02 1.157610e-01
5.336699e+02 1.201448e-01
6.579332e+02 1.242190e-01
8.111308e+02 1.278668e-01
1.000000e+03 1.309623e-01
1.232847e+03 1.333739e-01
1.519911e+03 1.349697e-01
1.873817e+03 1.356238e-01
2.310130e+03 1.352231e-01
2.848036e+03 1.336746e-01
3.511192e+03 1.309116e-01
4.328761e+03 1.269001e-01
5.336699e+03 1.216436e-01
6.579332e+03 1.151870e-01
8.111308e+03 1.076199e-01
1.000000e+04 9.907891e-02
1.232847e+04 8.974906e-02
1.519911e+04 7.986186e-02
1.873817e+04 6.968916e-02
2.310130e+04 5.953046e-02
2.848036e+04 4.969307e-02
3.511192e+04 4.046688e-02
4.328761e+04 3.209728e-02
5.336699e+04 2.476193e-02
6.579332e+04 1.855636e-02
8.111308e+04 1.349198e-02
1.000000e+05 9.506465e-03
1.232847e+05 6.483026e-03
1.519911e+05 4.273429e-03
1.873817e+05 2.719378e-03
2.310130e+05 1.669120e-03
2.848036e+05 9.882238e-04
3.511192e+05 5.652168e-04
4.328761e+05 3.132826e-04
5.336699e+05 1.690527e-04
6.579332e+05 8.929498e-05
8.111308e+05 4.641982e-05
1.000000e+06 2.386264e-05
1.232847e+06 1.217609e-05
1.519911e+06 6.183883e-06
1.873817e+06 3.131734e-06
2.310130e+06 1.583417e-06
2.848036e+06 7.998497e-07
3.511192e+06 4.038398e-07
4.328761e+06 2.038460e-07
5.336699e+06 1.028832e-07
6.579332e+06 5.192369e-08
8.111308e+06 2.620473e-08
1.000000e+07 1.322491e-08
