1.000000e-02 2.331739e-02
1.232847e-02 2.445228e-02
1.519911e-02 2.564240e-02
1.873817e-02 2.689044e-02
2.310130e-02 2.819923e-02
2.848036e-02 2.957172e-02
3.511192e-02 3.101101e-02
4.328761e-02 3.252035e-02
5.336699e-02 3.410315e-02
6.579332e-02 3.576299e-02
8.111308e-02 3.750362e-02
1.000000e-01 3.932896e-02
1.232847e-01 4.124314e-02
1.519911e-01 4.325049e-02
1.873817e-01 4.535554e-02
2.310130e-01 4.756305e-02
2.848036e-01 4.987799e-02
3.511192e-01 5.230559e-02
4.328761e-01 5.485130e-02
5.336699e-01 5.752079e-02
6.579332e-01 6.031991e-02
8.111308e-01 6.325462e-02
1.000000e+00 6.633079e-02
1.232847e+00 6.955408e-02
1.519911e+00 7.292950e-02
1.873817e+00 7.646099e-02
2.310130e+00 8.015076e-02
2.848036e+00 8.399841e-02
3.511192e+00 8.799982e-02
4.328761e+00 9.214577e-02
5.336699e+00 9.642025e-02
6.579332e+00 1.007985e-01
8.111308e+00 1.052447e-01
1.000000e+01 1.097098e-01
1.232847e+01 1.141287e-01
1.519911e+01 1.184185e-01
1.873817e+01 1.224766e-01
2.310130e+01 1.261801e-01
2.848036e+01 1.293867e-01
3.511192e+01 1.319379e-01
4.328761e+01 1.336646e-01
5.336699e+01 1.343956e-01
6.579332e+01 1.339698e-01
8.111308e+01 1.322498e-01
1.000000e+02 1.291378e-01
1.232847e+02 1.245908e-01
1.519911e+02 1.186324e-01
1.873817e+02 1.113605e-01
2.310130e+02 1.029473e-01
2.848036e+02 9.363214e-02
3.511192e+02 8.370628e-02
4.328761e+02 7.349227e-02
5.336699e+02 6.331931e-02
6.579332e+02 5.349805e-02
8.111308e+02 4.429778e-02
1.000000e+03 3.592854e-02
1.232847e+03 2.853040e-02
1.519911e+03 2.217093e-02
1.873817e+03 1.685086e-02
2.310130e+03 1.251610e-02
2.848036e+03 9.073635e-03
3.511192e+03 6.408192e-03
4.328761e+03 4.396926e-03
5.336699e+03 2.920474e-03
6.579332e+03 1.869689e-03
8.111308e+03 1.148537e-03
1.000000e+04 6.744933e-04
1.232847e+04 3.780520e-04
1.519911e+04 2.025298e-04
1.873817e+04 1.041948e-04
2.310130e+04 5.184924e-05
2.848036e+04 2.515920e-05
3.511192e+04 1.199467e-05
4.328761e+04 5.652877e-06
5.336699e+04 2.645230e-06
6.579332e+04 1.232673e-06
8.111308e+04 5.730798e-07
1.000000e+05 2.660912e-07
1.232847e+05 1.234681e-07
1.519911e+05 5.727023e-08
1.873817e+05 2.655996e-08
2.310130e+05 1.231653e-08
2.848036e+05 5.711242e-09
3.511192e+05 2.648280e-09
4.328761e+05 1.227984e-09
5.336699e+05 5.694031e-10
6.579332e+05 2.640255e-10
8.111308e+05 1.224253e-10
1.000000e+06 5.676708e-11
1.232847e+06 2.632217e-11
1.519911e+06 1.220526e-11
1.873817e+06 5.659421e-12
2.310130e+06 2.624201e-12
2.848036e+06 1.216808e-12
3.511192e+06 5.642184e-13
4.328761e+06 2.616209e-13
5.336699e+06 1.213102e-13
6.579332e+06 5.625000e-14
8.111308e+06 2.608240e-14
1.000000e+07 1.209408e-14
