1.000000e-02 1.423850e-02
1.232847e-02 1.491770e-02
1.519911e-02 1.562930e-02
1.873817e-02 1.637485e-02
2.310130e-02 1.715596e-02
2.848036e-02 1.797433e-02
3.511192e-02 1.883173e-02
4.328761e-02 1.973004e-02
5.336699e-02 2.067120e-02
6.579332e-02 2.165725e-02
8.111308e-02 2.269034e-02
1.000000e-01 2.377272e-02
1.232847e-01 2.490672e-02
1.519911e-01 2.609481e-02
1.873817e-01 2.733958e-02
2.310130e-01 2.864373e-02
2.848036e-01 3.001009e-02
3.511192e-01 3.144162e-02
4.328761e-01 3.294145e-02
5.336699e-01 3.451281e-02
6.579332e-01 3.615913e-02
8.111308e-01 3.788398e-02
1.000000e+00 3.969111e-02
1.232847e+00 4.158442e-02
1.519911e+00 4.356803e-02
1.873817e+00 4.564623e-02
2.310130e+00 4.782351e-02
2.848036e+00 5.010455e-02
3.511192e+00 5.249426e-02
4.328761e+00 5.499770e-02
5.336699e+00 5.762014e-02
6.579332e+00 6.036694e-02
8.111308e+00 6.324356e-02
1.000000e+01 6.625540e-02
1.232847e+01 6.940766e-02
1.519911e+01 7.270511e-02
1.873817e+01 7.615175e-02
2.310130e+01 7.975035e-02
2.848036e+01 8.350184e-02
3.511192e+01 8.740452e-02
4.328761e+01 9.145296e-02
5.336699e+01 9.563668e-02
6.579332e+01 9.993855e-02
8.111308e+01 1.043328e-01
1.000000e+02 1.087828e-01
1.232847e+02 1.132385e-01
1.519911e+02 1.176337e-01
1.873817e+02 1.218838e-01
2.310130e+02 1.258833e-01
2.848036e+02 1.295047e-01
3.511192e+02 1.325987e-01
4.328761e+02 1.349963e-01
5.336699e+02 1.365141e-01
6.579332e+02 1.369618e-01
8.111308e+02 1.361548e-01
1.000000e+03 1.339279e-01
1.232847e+03 1.301531e-01
1.519911e+03 1.247576e-01
1.873817e+03 1.177407e-01
2.310130e+03 1.091883e-01
2.848036e+03 9.928152e-02
3.511192e+03 8.829730e-02
4.328761e+03 7.659975e-02
5.336699e+03 6.462040e-02
6.579332e+03 5.282702e-02
8.111308e+03 4.168307e-02
1.000000e+04 3.160193e-02
1.232847e+04 2.290279e-02
1.519911e+04 1.577606e-02
1.873817e+04 1.026567e-02
2.310130e+04 6.272666e-03
2.848036e+04 3.581644e-03
3.511192e+04 1.906779e-03
4.328761e+04 9.482694e-04
5.336699e+04 4.435404e-04
6.579332e+04 1.972575e-04
8.111308e+04 8.447963e-05
1.000000e+05 3.526109e-05
1.232847e+05 1.448213e-05
1.519911e+05 5.892365e-06
1.873817e+05 2.385161e-06
2.310130e+05 9.629229e-07
2.848036e+05 3.882342e-07
3.511192e+05 1.564313e-07
4.328761e+05 6.301257e-08
5.336699e+05 2.537897e-08
6.579332e+05 1.022105e-08
8.111308e+05 4.116294e-09
1.000000e+06 1.657725e-09
1.232847e+06 6.676004e-10
1.519911e+06 2.688561e-10
1.873817e+06 1.082737e-10
2.310130e+06 4.360393e-11
2.848036e+06 1.756016e-11
3.511192e+06 7.071819e-12
4.328761e+06 2.847960e-12
5.336699e+06 1.146929e-12
6.579332e+06 4.618908e-13
8.111308e+06 1.860124e-13
1.000000e+07 7.491085e-14
