1.000000e-02 1.448617e-02
1.232847e-02 1.525283e-02
1.519911e-02 1.606006e-02
1.873817e-02 1.691001e-02
2.310130e-02 1.780494e-02
2.848036e-02 1.874724e-02
3.511192e-02 1.973940e-02
4.328761e-02 2.078407e-02
5.336699e-02 2.188404e-02
6.579332e-02 2.304221e-02
8.111308e-02 2.426168e-02
1.000000e-01 2.554568e-02
1.232847e-01 2.689764e-02
1.519911e-01 2.832116e-02
1.873817e-01 2.982000e-02
2.310130e-01 3.139817e-02
2.848036e-01 3.305987e-02
3.511192e-01 3.480951e-02
4.328761e-01 3.665176e-02
5.336699e-01 3.859154e-02
6.579332e-01 4.063406e-02
8.111308e-01 4.278484e-02
1.000000e+00 4.504977e-02
1.232847e+00 4.743512e-02
1.519911e+00 4.994767e-02
1.873817e+00 5.259466e-02
2.310130e+00 5.538396e-02
2.848036e+00 5.832399e-02
3.511192e+00 6.142377e-02
4.328761e+00 6.469284e-02
5.336699e+00 6.814108e-02
6.579332e+00 7.177840e-02
8.111308e+00 7.561429e-02
1.000000e+01 7.965706e-02
1.232847e+01 8.391285e-02
1.519911e+01 8.838416e-02
1.873817e+01 9.306802e-02
2.310130e+01 9.795358e-02
2.848036e+01 1.030191e-01
3.511192e+01 1.082285e-01
4.328761e+01 1.135272e-01
5.336699e+01 1.188377e-01
6.579332e+01 1.240558e-01
8.111308e+01 1.290465e-01
1.000000e+02 1.336424e-01
1.232847e+02 1.376442e-01
1.519911e+02 1.408259e-01
1.873817e+02 1.429438e-01
2.310130e+02 1.437525e-01
2.848036e+02 1.430259e-01
3.511192e+02 1.405816e-01
4.328761e+02 1.363081e-01
5.336699e+02 1.301873e-01
6.579332e+02 1.223112e-01
8.111308e+02 1.128854e-01
1.000000e+03 1.022197e-01
1.232847e+03 9.070376e-02
1.519911e+03 7.877315e-02
1.873817e+03 6.687060e-02
2.310130e+03 5.540917e-02
2.848036e+03 4.474276e-02
3.511192e+03 3.514585e-02
4.328761e+03 2.680261e-02
5.336699e+03 1.980367e-02
6.579332e+03 1.414957e-02
8.111308e+03 9.760772e-03
1.000000e+04 6.494517e-03
1.232847e+04 4.167529e-03
1.519911e+04 2.581507e-03
1.873817e+04 1.546682e-03
2.310130e+04 8.990348e-04
2.848036e+04 5.089380e-04
3.511192e+04 2.817985e-04
4.328761e+04 1.532901e-04
5.336699e+04 8.226146e-05
6.579332e+04 4.370844e-05
8.111308e+04 2.306273e-05
1.000000e+05 1.211215e-05
1.232847e+05 6.341802e-06
1.519911e+05 3.314190e-06
1.873817e+05 1.729972e-06
2.310130e+05 9.024071e-07
2.848036e+05 4.705359e-07
3.511192e+05 2.452927e-07
4.328761e+05 1.278560e-07
5.336699e+05 6.663879e-08
6.579332e+05 3.473092e-08
8.111308e+05 1.810075e-08
1.000000e+06 9.433479e-09
1.232847e+06 4.916371e-09
1.519911e+06 2.562218e-09
1.873817e+06 1.335324e-09
2.310130e+06 6.959162e-10
2.848036e+06 3.626829e-10
3.511192e+06 1.890153e-10
4.328761e+06 9.850697e-11
5.336699e+06 5.133775e-11
6.579332e+06 2.675511e-11
8.111308e+06 1.394366e-11
1.000000e+07 7.266856e-12
