1.000000e-02 5.875560e-03
1.232847e-02 6.199189e-03
1.519911e-02 6.540645e-03
1.873817e-02 6.900907e-03
2.310130e-02 7.281014e-03
2.848036e-02 7.682057e-03
3.511192e-02 8.105190e-03
4.328761e-02 8.551629e-03
5.336699e-02 9.022658e-03
6.579332e-02 9.519632e-03
8.111308e-02 1.004398e-02
1.000000e-01 1.059721e-02
1.232847e-01 1.118091e-02
1.519911e-01 1.179676e-02
1.873817e-01 1.244653e-02
2.310130e-01 1.313210e-02
2.848036e-01 1.385542e-02
3.511192e-01 1.461859e-02
4.328761e-01 1.542379e-02
5.336699e-01 1.627333e-02
6.579332e-01 1.716967e-02
8.111308e-01 1.811535e-02
1.000000e+00 1.911310e-02
1.232847e+00 2.016573e-02
1.519911e+00 2.127624e-02
1.873817e+00 2.244774e-02
2.310130e+00 2.368348e-02
2.848036e+00 2.498684e-02
3.511192e+00 2.636134e-02
4.328761e+00 2.781060e-02
5.336699e+00 2.933836e-02
6.579332e+00 3.094844e-02
8.111308e+00 3.264473e-02
1.000000e+01 3.443119e-02
1.232847e+01 3.631178e-02
1.519911e+01 3.829047e-02
1.873817e+01 4.037119e-02
2.310130e+01 4.255780e-02
2.848036e+01 4.485403e-02
3.511192e+01 4.726349e-02
4.328761e+01 4.978960e-02
5.336699e+01 5.243553e-02
6.579332e+01 5.520428e-02
8.111308e+01 5.809859e-02
1.000000e+02 6.112102e-02
1.232847e+02 6.427404e-02
1.519911e+02 6.756015e-02
1.873817e+02 7.098211e-02
2.310130e+02 7.454322e-02
2.848036e+02 7.824780e-02
3.511192e+02 8.210167e-02
4.328761e+02 8.611288e-02
5.336699e+02 9.029244e-02
6.579332e+02 9.465521e-02
8.111308e+02 9.922075e-02
1.000000e+03 1.040140e-01
1.232847e+03 1.090656e-01
1.519911e+03 1.144114e-01
1.873817e+03 1.200904e-01
2.310130e+03 1.261406e-01
2.848036e+03 1.325904e-01
3.511192e+03 1.394442e-01
4.328761e+03 1.466581e-01
5.336699e+03 1.541026e-01
6.579332e+03 1.615066e-01
8.111308e+03 1.683837e-01
1.000000e+04 1.739443e-01
1.232847e+04 1.770214e-01
1.519911e+04 1.760677e-01
1.873817e+04 1.693261e-01
2.310130e+04 1.552944e-01
2.848036e+04 1.335201e-01
3.511192e+04 1.054842e-01
4.328761e+04 7.492313e-02
5.336699e+04 4.685346e-02
6.579332e+04 2.539449e-02
8.111308e+04 1.187248e-02
1.000000e+05 4.839719e-03
1.232847e+05 1.764417e-03
1.519911e+05 5.942382e-04
1.873817e+05 1.905145e-04
2.310130e+05 5.944207e-05
2.848036e+05 1.829712e-05
3.511192e+05 5.597411e-06
4.328761e+05 1.707854e-06
5.336699e+05 5.205444e-07
6.579332e+05 1.585955e-07
8.111308e+05 4.831257e-08
1.000000e+06 1.471659e-08
1.232847e+06 4.482768e-09
1.519911e+06 1.365472e-09
1.873817e+06 4.159284e-10
2.310130e+06 1.266934e-10
2.848036e+06 3.859130e-11
3.511192e+06 1.175506e-11
4.328761e+06 3.580635e-12
5.336699e+06 1.090675e-12
6.579332e+06 3.322237e-13
8.111308e+06 1.011966e-13
1.000000e+07 3.082487e-14
