1.000000e-02 8.585105e-03
1.232847e-02 9.016818e-03
1.519911e-02 9.470240e-03
1.873817e-02 9.946463e-03
2.310130e-02 1.044663e-02
2.848036e-02 1.097195e-02
3.511192e-02 1.152369e-02
4.328761e-02 1.210318e-02
5.336699e-02 1.271180e-02
6.579332e-02 1.335103e-02
8.111308e-02 1.402240e-02
1.000000e-01 1.472754e-02
1.232847e-01 1.546813e-02
1.519911e-01 1.624596e-02
1.873817e-01 1.706291e-02
2.310130e-01 1.792094e-02
2.848036e-01 1.882212e-02
3.511192e-01 1.976861e-02
4.328761e-01 2.076270e-02
5.336699e-01 2.180678e-02
6.579332e-01 2.290337e-02
8.111308e-01 2.405511e-02
1.000000e+00 2.526479e-02
1.232847e+00 2.653534e-02
1.519911e+00 2.786986e-02
1.873817e+00 2.927163e-02
2.310130e+00 3.074413e-02
2.848036e+00 3.229106e-02
3.511192e+00 3.391640e-02
4.328761e+00 3.562444e-02
5.336699e+00 3.741979e-02
6.579332e+00 3.930751e-02
8.111308e+00 4.129312e-02
1.000000e+01 4.338272e-02
1.232847e+01 4.558301e-02
1.519911e+01 4.790147e-02
1.873817e+01 5.034638e-02
2.310130e+01 5.292695e-02
2.848036e+01 5.565335e-02
3.511192e+01 5.853684e-02
4.328761e+01 6.158970e-02
5.336699e+01 6.482527e-02
6.579332e+01 6.825775e-02
8.111308e+01 7.190201e-02
1.000000e+02 7.577318e-02
1.232847e+02 7.988600e-02
1.519911e+02 8.425391e-02
1.873817e+02 8.888776e-02
2.310130e+02 9.379407e-02
2.848036e+02 9.897262e-02
3.511192e+02 1.044134e-01
4.328761e+02 1.100926e-01
5.336699e+02 1.159678e-01
6.579332e+02 1.219721e-01
8.111308e+02 1.280074e-01
1.000000e+03 1.339369e-01
1.232847e+03 1.395786e-01
1.519911e+03 1.446988e-01
1.873817e+03 1.490107e-01
2.310130e+03 1.521776e-01
2.848036e+03 1.538257e-01
3.511192e+03 1.535703e-01
4.328761e+03 1.510551e-01
5.336699e+03 1.460083e-01
6.579332e+03 1.383067e-01
8.111308e+03 1.280379e-01
1.000000e+04 1.155418e-01
1.232847e+04 1.014103e-01
1.519911e+04 8.643110e-02
1.873817e+04 7.147749e-02
2.310130e+04 5.737060e-02
2.848036e+04 4.475256e-02
3.511192e+04 3.400930e-02
4.328761e+04 2.526022e-02
5.336699e+04 1.840591e-02
6.579332e+04 1.320662e-02
8.111308e+04 9.361882e-03
1.000000e+05 6.571516e-03
1.232847e+05 4.571739e-03
1.519911e+05 3.149650e-03
1.873817e+05 2.143383e-03
2.310130e+05 1.434866e-03
2.848036e+05 9.400782e-04
3.511192e+05 5.995654e-04
4.328761e+05 3.705823e-04
5.336699e+05 2.214160e-04
6.579332e+05 1.278994e-04
8.111308e+05 7.162996e-05
1.000000e+06 3.908313e-05
1.232847e+06 2.089504e-05
1.519911e+06 1.100721e-05
1.873817e+06 5.740399e-06
2.310130e+06 2.974436e-06
2.848036e+06 1.535209e-06
3.511192e+06 7.905984e-07
4.328761e+06 4.066501e-07
5.336699e+06 2.090389e-07
6.579332e+06 1.074288e-07
8.111308e+06 5.520476e-08
1.000000e+07 2.836777e-08
