1.000000e-02 5.564542e-03
1.232847e-02 5.884972e-03
1.519911e-02 6.223855e-03
1.873817e-02 6.582251e-03
2.310130e-02 6.961286e-03
2.848036e-02 7.362147e-03
3.511192e-02 7.786092e-03
4.328761e-02 8.234449e-03
5.336699e-02 8.708624e-03
6.579332e-02 9.210105e-03
8.111308e-02 9.740463e-03
1.000000e-01 1.030136e-02
1.232847e-01 1.089456e-02
1.519911e-01 1.152191e-02
1.873817e-01 1.218540e-02
2.310130e-01 1.288708e-02
2.848036e-01 1.362918e-02
3.511192e-01 1.441401e-02
4.328761e-01 1.524403e-02
5.336699e-01 1.612184e-02
6.579332e-01 1.705019e-02
8.111308e-01 1.803199e-02
1.000000e+00 1.907028e-02
1.232847e+00 2.016830e-02
1.519911e+00 2.132944e-02
1.873817e+00 2.255724e-02
2.310130e+00 2.385541e-02
2.848036e+00 2.522784e-02
3.511192e+00 2.667852e-02
4.328761e+00 2.821160e-02
5.336699e+00 2.983130e-02
6.579332e+00 3.154192e-02
8.111308e+00 3.334779e-02
1.000000e+01 3.525319e-02
1.232847e+01 3.726232e-02
1.519911e+01 3.937920e-02
1.873817e+01 4.160756e-02
2.310130e+01 4.395078e-02
2.848036e+01 4.641170e-02
3.511192e+01 4.899251e-02
4.328761e+01 5.169463e-02
5.336699e+01 5.451847e-02
6.579332e+01 5.746335e-02
8.111308e+01 6.052732e-02
1.000000e+02 6.370705e-02
1.232847e+02 6.699776e-02
1.519911e+02 7.039321e-02
1.873817e+02 7.388578e-02
2.310130e+02 7.746671e-02
2.848036e+02 8.112639e-02
3.511192e+02 8.485488e-02
4.328761e+02 8.864255e-02
5.336699e+02 9.248087e-02
6.579332e+02 9.636330e-02
8.111308e+02 1.002861e-01
1.000000e+03 1.042494e-01
1.232847e+03 1.082571e-01
1.519911e+03 1.123173e-01
1.873817e+03 1.164411e-01
2.310130e+03 1.206400e-01
2.848036e+03 1.249213e-01
3.511192e+03 1.292806e-01
4.328761e+03 1.336900e-01
5.336699e+03 1.380808e-01
6.579332e+03 1.423203e-01
8.111308e+03 1.461814e-01
1.000000e+04 1.493069e-01
1.232847e+04 1.511767e-01
1.519911e+04 1.510915e-01
1.873817e+04 1.482030e-01
2.310130e+04 1.416279e-01
2.848036e+04 1.306822e-01
3.511192e+04 1.152244e-01
4.328761e+04 9.599746e-02
5.336699e+04 7.474591e-02
6.579332e+04 5.388620e-02
8.111308e+04 3.575200e-02
1.000000e+05 2.179850e-02
1.232847e+05 1.226027e-02
1.519911e+05 6.416222e-03
1.873817e+05 3.162713e-03
2.310130e+05 1.488740e-03
2.848036e+05 6.781506e-04
3.511192e+05 3.023143e-04
4.328761e+05 1.330087e-04
5.336699e+05 5.808466e-05
6.579332e+05 2.526504e-05
8.111308e+05 1.096762e-05
1.000000e+06 4.756525e-06
1.232847e+06 2.061939e-06
1.519911e+06 8.936688e-07
1.873817e+06 3.872935e-07
2.310130e+06 1.678371e-07
2.848036e+06 7.273263e-08
3.511192e+06 3.151867e-08
4.328761e+06 1.365857e-08
5.336699e+06 5.918917e-09
6.579332e+06 2.564951e-09
8.111308e+06 1.111516e-09
1.000000e+07 4.816735e-10
