1.000000e-02 1.360934e-02
1.232847e-02 1.431769e-02
1.519911e-02 1.506290e-02
1.873817e-02 1.584691e-02
2.310130e-02 1.667172e-02
2.848036e-02 1.753946e-02
3.511192e-02 1.845236e-02
4.328761e-02 1.941279e-02
5.336699e-02 2.042320e-02
6.579332e-02 2.148620e-02
8.111308e-02 2.260452e-02
1.000000e-01 2.378106e-02
1.232847e-01 2.501883e-02
1.519911e-01 2.632103e-02
1.873817e-01 2.769101e-02
2.310130e-01 2.913229e-02
2.848036e-01 3.064858e-02
3.511192e-01 3.224380e-02
4.328761e-01 3.392204e-02
5.336699e-01 3.568761e-02
6.579332e-01 3.754504e-02
8.111308e-01 3.949906e-02
1.000000e+00 4.155459e-02
1.232847e+00 4.371676e-02
1.519911e+00 4.599081e-02
1.873817e+00 4.838207e-02
2.310130e+00 5.089588e-02
2.848036e+00 5.353743e-02
3.511192e+00 5.631164e-02
4.328761e+00 5.922288e-02
5.336699e+00 6.227472e-02
6.579332e+00 6.546957e-02
8.111308e+00 6.880817e-02
1.000000e+01 7.228906e-02
1.232847e+01 7.590791e-02
1.519911e+01 7.965671e-02
1.873817e+01 8.352285e-02
2.310130e+01 8.748811e-02
2.848036e+01 9.152756e-02
3.511192e+01 9.560847e-02
4.328761e+01 9.968920e-02
5.336699e+01 1.037183e-01
6.579332e+01 1.076340e-01
8.111308e+01 1.113638e-01
1.000000e+02 1.148254e-01
1.232847e+02 1.179277e-01
1.519911e+02 1.205735e-01
1.873817e+02 1.226627e-01
2.310130e+02 1.240974e-01
2.848036e+02 1.247873e-01
3.511192e+02 1.246556e-01
4.328761e+02 1.236459e-01
5.336699e+02 1.217272e-01
6.579332e+02 1.188981e-01
8.111308e+02 1.151888e-01
1.000000e+03 1.106601e-01
1.232847e+03 1.053995e-01
1.519911e+03 9.951533e-02
1.873817e+03 9.312860e-02
2.310130e+03 8.636407e-02
2.848036e+03 7.934197e-02
3.511192e+03 7.217141e-02
4.328761e+03 6.494669e-02
5.336699e+03 5.774741e-02
6.579332e+03 5.064282e-02
8.111308e+03 4.369972e-02
1.000000e+04 3.699230e-02
1.232847e+04 3.061062e-02
1.519911e+04 2.466333e-02
1.873817e+04 1.927070e-02
2.310130e+04 1.454710e-02
2.848036e+04 1.057670e-02
3.511192e+04 7.391502e-03
4.328761e+04 4.961168e-03
5.336699e+04 3.199807e-03
6.579332e+04 1.986380e-03
8.111308e+04 1.189834e-03
1.000000e+05 6.898467e-04
1.232847e+05 3.885318e-04
1.519911e+05 2.134273e-04
1.873817e+05 1.148395e-04
2.310130e+05 6.079156e-05
2.848036e+05 3.178947e-05
3.511192e+05 1.647954e-05
4.328761e+05 8.492772e-06
5.336699e+05 4.360125e-06
6.579332e+05 2.233156e-06
8.111308e+05 1.142143e-06
1.000000e+06 5.836615e-07
1.232847e+06 2.981236e-07
1.519911e+06 1.522360e-07
1.873817e+06 7.772776e-08
2.310130e+06 3.968274e-08
2.848036e+06 2.025862e-08
3.511192e+06 1.034211e-08
4.328761e+06 5.279640e-09
5.336699e+06 2.695240e-09
6.579332e+06 1.375909e-09
8.111308e+06 7.023955e-10
1.000000e+07 3.585698e-10
