1.000000e-02 3.027733e-03
1.232847e-02 3.245824e-03
1.519911e-02 3.479624e-03
1.873817e-02 3.730264e-03
2.310130e-02 3.998959e-03
2.848036e-02 4.287008e-03
3.511192e-02 4.595806e-03
4.328761e-02 4.926847e-03
5.336699e-02 5.281732e-03
6.579332e-02 5.662181e-03
8.111308e-02 6.070034e-03
1.000000e-01 6.507265e-03
1.232847e-01 6.975990e-03
1.519911e-01 7.478477e-03
1.873817e-01 8.017160e-03
2.310130e-01 8.594644e-03
2.848036e-01 9.213725e-03
3.511192e-01 9.877399e-03
4.328761e-01 1.058888e-02
5.336699e-01 1.135161e-02
6.579332e-01 1.216928e-02
8.111308e-01 1.304585e-02
1.000000e+00 1.398556e-02
1.232847e+00 1.499296e-02
1.519911e+00 1.607293e-02
1.873817e+00 1.723069e-02
2.310130e+00 1.847182e-02
2.848036e+00 1.980227e-02
3.511192e+00 2.122841e-02
4.328761e+00 2.275696e-02
5.336699e+00 2.439501e-02
6.579332e+00 2.615000e-02
8.111308e+00 2.802957e-02
1.000000e+01 3.004155e-02
1.232847e+01 3.219367e-02
1.519911e+01 3.449341e-02
1.873817e+01 3.694758e-02
2.310130e+01 3.956190e-02
2.848036e+01 4.234040e-02
3.511192e+01 4.528467e-02
4.328761e+01 4.839300e-02
5.336699e+01 5.165926e-02
6.579332e+01 5.507178e-02
8.111308e+01 5.861207e-02
1.000000e+02 6.225363e-02
1.232847e+02 6.596094e-02
1.519911e+02 6.968881e-02
1.873817e+02 7.338247e-02
2.310130e+02 7.697851e-02
2.848036e+02 8.040717e-02
3.511192e+02 8.359594e-02
4.328761e+02 8.647478e-02
5.336699e+02 8.898256e-02
6.579332e+02 9.107452e-02
8.111308e+02 9.272978e-02
1.000000e+03 9.395833e-02
1.232847e+03 9.480633e-02
1.519911e+03 9.535931e-02
1.873817e+03 9.574298e-02
2.310130e+03 9.612206e-02
2.848036e+03 9.669819e-02
3.511192e+03 9.770823e-02
4.328761e+03 9.942428e-02
5.336699e+03 1.021561e-01
6.579332e+03 1.062550e-01
8.111308e+03 1.121143e-01
1.000000e+04 1.201552e-01
1.232847e+04 1.307730e-01
1.519911e+04 1.441947e-01
1.873817e+04 1.601684e-01
2.310130e+04 1.773889e-01
2.848036e+04 1.926607e-01
3.511192e+04 2.002260e-01
4.328761e+04 1.925762e-01
5.336699e+04 1.645471e-01
6.579332e+04 1.197211e-01
8.111308e+04 7.181327e-02
1.000000e+05 3.520877e-02
1.232847e+05 1.441641e-02
1.519911e+05 5.150524e-03
1.873817e+05 1.685947e-03
2.310130e+05 5.259927e-04
2.848036e+05 1.604047e-04
3.511192e+05 4.845654e-05
4.328761e+05 1.458798e-05
5.336699e+05 4.386943e-06
6.579332e+05 1.318861e-06
8.111308e+05 3.964675e-07
1.000000e+06 1.191826e-07
1.232847e+06 3.582773e-08
1.519911e+06 1.077027e-08
1.873817e+06 3.237683e-09
2.310130e+06 9.732903e-10
2.848036e+06 2.925839e-10
3.511192e+06 8.795461e-11
4.328761e+06 2.644032e-11
5.336699e+06 7.948312e-12
6.579332e+06 2.389368e-12
8.111308e+06 7.182758e-13
1.000000e+07 2.159232e-13
