1.000000e-02 2.955949e-02
1.232847e-02 3.078612e-02
1.519911e-02 3.206364e-02
1.873817e-02 3.339417e-02
2.310130e-02 3.477992e-02
2.848036e-02 3.622317e-02
3.511192e-02 3.772632e-02
4.328761e-02 3.929183e-02
5.336699e-02 4.092232e-02
6.579332e-02 4.262046e-02
8.111308e-02 4.438907e-02
1.000000e-01 4.623107e-02
1.232847e-01 4.814950e-02
1.519911e-01 5.014755e-02
1.873817e-01 5.222851e-02
2.310130e-01 5.439582e-02
2.848036e-01 5.665305e-02
3.511192e-01 5.900392e-02
4.328761e-01 6.145222e-02
5.336699e-01 6.400182e-02
6.579332e-01 6.665652e-02
8.111308e-01 6.941984e-02
1.000000e+00 7.229480e-02
1.232847e+00 7.528345e-02
1.519911e+00 7.838632e-02
1.873817e+00 8.160172e-02
2.310130e+00 8.492480e-02
2.848036e+00 8.834653e-02
3.511192e+00 9.185247e-02
4.328761e+00 9.542142e-02
5.336699e+00 9.902407e-02
6.579332e+00 1.026217e-01
8.111308e+00 1.061648e-01
1.000000e+01 1.095928e-01
1.232847e+01 1.128331e-01
1.519911e+01 1.158021e-01
1.873817e+01 1.184061e-01
2.310130e+01 1.205445e-01
2.848036e+01 1.221128e-01
3.511192e+01 1.230082e-01
4.328761e+01 1.231353e-01
5.336699e+01 1.224127e-01
6.579332e+01 1.207797e-01
8.111308e+01 1.182019e-01
1.000000e+02 1.146763e-01
1.232847e+02 1.102330e-01
1.519911e+02 1.049352e-01
1.873817e+02 9.887751e-02
2.310130e+02 9.218068e-02
2.848036e+02 8.498638e-02
3.511192e+02 7.745054e-02
4.328761e+02 6.973674e-02
5.336699e+02 6.200983e-02
6.579332e+02 5.442970e-02
8.111308e+02 4.714519e-02
1.000000e+03 4.028810e-02
1.232847e+03 3.396722e-02
1.519911e+03 2.826315e-02
1.873817e+03 2.322445e-02
2.310130e+03 1.886615e-02
2.848036e+03 1.517130e-02
3.511192e+03 1.209554e-02
4.328761e+03 9.574187e-03
5.336699e+03 7.530669e-03
6.579332e+03 5.884811e-03
8.111308e+03 4.560079e-03
1.000000e+04 3.489207e-03
1.232847e+04 2.618144e-03
1.519911e+04 1.908178e-03
1.873817e+04 1.335538e-03
2.310130e+04 8.874971e-04
2.848036e+04 5.551181e-04
3.511192e+04 3.257379e-04
4.328761e+04 1.798980e-04
5.336699e+04 9.433601e-05
6.579332e+04 4.752009e-05
8.111308e+04 2.326336e-05
1.000000e+05 1.117595e-05
1.232847e+05 5.306711e-06
1.519911e+05 2.502549e-06
1.873817e+05 1.175592e-06
2.310130e+05 5.510794e-07
2.848036e+05 2.580395e-07
3.511192e+05 1.207555e-07
4.328761e+05 5.649371e-08
5.336699e+05 2.642589e-08
6.579332e+05 1.236026e-08
8.111308e+05 5.781095e-09
1.000000e+06 2.703866e-09
1.232847e+06 1.264610e-09
1.519911e+06 5.914616e-10
1.873817e+06 2.766277e-10
2.310130e+06 1.293791e-10
2.848036e+06 6.051077e-11
3.511192e+06 2.830095e-11
4.328761e+06 1.323638e-11
5.336699e+06 6.190670e-12
6.579332e+06 2.895383e-12
8.111308e+06 1.354173e-12
1.000000e+07 6.333483e-13
