1.000000e-02 5.839870e-03
1.232847e-02 6.163851e-03
1.519911e-02 6.505806e-03
1.873817e-02 6.866732e-03
2.310130e-02 7.247681e-03
2.848036e-02 7.649764e-03
3.511192e-02 8.074154e-03
4.328761e-02 8.522087e-03
5.336699e-02 8.994871e-03
6.579332e-02 9.493884e-03
8.111308e-02 1.002058e-02
1.000000e-01 1.057650e-02
1.232847e-01 1.116325e-02
1.519911e-01 1.178256e-02
1.873817e-01 1.243623e-02
2.310130e-01 1.312616e-02
2.848036e-01 1.385437e-02
3.511192e-01 1.462297e-02
4.328761e-01 1.543422e-02
5.336699e-01 1.629047e-02
6.579332e-01 1.719422e-02
8.111308e-01 1.814812e-02
1.000000e+00 1.915494e-02
1.232847e+00 2.021761e-02
1.519911e+00 2.133926e-02
1.873817e+00 2.252315e-02
2.310130e+00 2.377277e-02
2.848036e+00 2.509179e-02
3.511192e+00 2.648410e-02
4.328761e+00 2.795385e-02
5.336699e+00 2.950543e-02
6.579332e+00 3.114353e-02
8.111308e+00 3.287311e-02
1.000000e+01 3.469952e-02
1.232847e+01 3.662841e-02
1.519911e+01 3.866582e-02
1.873817e+01 4.081821e-02
2.310130e+01 4.309238e-02
2.848036e+01 4.549556e-02
3.511192e+01 4.803530e-02
4.328761e+01 5.071949e-02
5.336699e+01 5.355618e-02
6.579332e+01 5.655351e-02
8.111308e+01 5.971948e-02
1.000000e+02 6.306167e-02
1.232847e+02 6.658691e-02
1.519911e+02 7.030076e-02
1.873817e+02 7.420700e-02
2.310130e+02 7.830682e-02
2.848036e+02 8.259803e-02
3.511192e+02 8.707396e-02
4.328761e+02 9.172228e-02
5.336699e+02 9.652368e-02
6.579332e+02 1.014503e-01
8.111308e+02 1.064643e-01
1.000000e+03 1.115160e-01
1.232847e+03 1.165424e-01
1.519911e+03 1.214656e-01
1.873817e+03 1.261916e-01
2.310130e+03 1.306092e-01
2.848036e+03 1.345898e-01
3.511192e+03 1.379874e-01
4.328761e+03 1.406402e-01
5.336699e+03 1.423734e-01
6.579332e+03 1.430039e-01
8.111308e+03 1.423485e-01
1.000000e+04 1.402352e-01
1.232847e+04 1.365182e-01
1.519911e+04 1.310977e-01
1.873817e+04 1.239424e-01
2.310130e+04 1.151125e-01
2.848036e+04 1.047796e-01
3.511192e+04 9.323702e-02
4.328761e+04 8.089505e-02
5.336699e+04 6.825489e-02
6.579332e+04 5.586096e-02
8.111308e+04 4.423678e-02
1.000000e+05 3.381830e-02
1.232847e+05 2.490163e-02
1.519911e+05 1.761936e-02
1.873817e+05 1.194887e-02
2.310130e+05 7.745340e-03
2.848036e+05 4.786091e-03
3.511192e+05 2.814154e-03
4.328761e+05 1.574431e-03
5.336699e+05 8.403487e-04
6.579332e+05 4.302931e-04
8.111308e+05 2.129962e-04
1.000000e+06 1.027839e-04
1.232847e+06 4.872777e-05
1.519911e+06 2.283615e-05
1.873817e+06 1.062704e-05
2.310130e+06 4.925328e-06
2.848036e+06 2.277659e-06
3.511192e+06 1.052051e-06
4.328761e+06 4.856643e-07
5.336699e+06 2.241414e-07
6.579332e+06 1.034338e-07
8.111308e+06 4.772961e-08
1.000000e+07 2.202476e-08
