1.000000e-02 7.152135e-03
1.232847e-02 7.548897e-03
1.519911e-02 7.967670e-03
1.873817e-02 8.409673e-03
2.310130e-02 8.876197e-03
2.848036e-02 9.368601e-03
3.511192e-02 9.888322e-03
4.328761e-02 1.043687e-02
5.336699e-02 1.101586e-02
6.579332e-02 1.162696e-02
8.111308e-02 1.227196e-02
1.000000e-01 1.295274e-02
1.232847e-01 1.367129e-02
1.519911e-01 1.442970e-02
1.873817e-01 1.523018e-02
2.310130e-01 1.607507e-02
2.848036e-01 1.696683e-02
3.511192e-01 1.790806e-02
4.328761e-01 1.890151e-02
5.336699e-01 1.995007e-02
6.579332e-01 2.105682e-02
8.111308e-01 2.222498e-02
1.000000e+00 2.345801e-02
1.232847e+00 2.475954e-02
1.519911e+00 2.613346e-02
1.873817e+00 2.758391e-02
2.310130e+00 2.911531e-02
2.848036e+00 3.073243e-02
3.511192e+00 3.244039e-02
4.328761e+00 3.424475e-02
5.336699e+00 3.615151e-02
6.579332e+00 3.816716e-02
8.111308e+00 4.029877e-02
1.000000e+01 4.255395e-02
1.232847e+01 4.494090e-02
1.519911e+01 4.746839e-02
1.873817e+01 5.014567e-02
2.310130e+01 5.298239e-02
2.848036e+01 5.598837e-02
3.511192e+01 5.917332e-02
4.328761e+01 6.254641e-02
5.336699e+01 6.611568e-02
6.579332e+01 6.988731e-02
8.111308e+01 7.386459e-02
1.000000e+02 7.804672e-02
1.232847e+02 8.242733e-02
1.519911e+02 8.699274e-02
1.873817e+02 9.172004e-02
2.310130e+02 9.657502e-02
2.848036e+02 1.015102e-01
3.511192e+02 1.064628e-01
4.328761e+02 1.113538e-01
5.336699e+02 1.160876e-01
6.579332e+02 1.205524e-01
8.111308e+02 1.246237e-01
1.000000e+03 1.281685e-01
1.232847e+03 1.310523e-01
1.519911e+03 1.331476e-01
1.873817e+03 1.343435e-01
2.310130e+03 1.345557e-01
2.848036e+03 1.337343e-01
3.511192e+03 1.318687e-01
4.328761e+03 1.289876e-01
5.336699e+03 1.251541e-01
6.579332e+03 1.204550e-01
8.111308e+03 1.149866e-01
1.000000e+04 1.088388e-01
1.232847e+04 1.020804e-01
1.519911e+04 9.474900e-02
1.873817e+04 8.684892e-02
2.310130e+04 7.836059e-02
2.848036e+04 6.926602e-02
3.511192e+04 5.959275e-02
4.328761e+04 4.947329e-02
5.336699e+04 3.920459e-02
6.579332e+04 2.927295e-02
8.111308e+04 2.029991e-02
1.000000e+05 1.288578e-02
1.232847e+05 7.396119e-03
1.519911e+05 3.813441e-03
1.873817e+05 1.770484e-03
2.310130e+05 7.494916e-04
2.848036e+05 2.951209e-04
3.511192e+05 1.104858e-04
4.328761e+05 4.007817e-05
5.336699e+05 1.428021e-05
6.579332e+05 5.040847e-06
8.111308e+05 1.771324e-06
1.000000e+06 6.211361e-07
1.232847e+06 2.176104e-07
1.519911e+06 7.620902e-08
1.873817e+06 2.668491e-08
2.310130e+06 9.343265e-09
2.848036e+06 3.271307e-09
3.511192e+06 1.145355e-09
4.328761e+06 4.010121e-10
5.336699e+06 1.404024e-10
6.579332e+06 4.915765e-11
8.111308e+06 1.721107e-11
1.000000e+07 6.025937e-12
