1.000000e-02 1.756664e-02
1.232847e-02 1.842338e-02
1.519911e-02 1.932191e-02
1.873817e-02 2.026426e-02
2.310130e-02 2.125257e-02
2.848036e-02 2.228908e-02
3.511192e-02 2.337614e-02
4.328761e-02 2.451621e-02
5.336699e-02 2.571189e-02
6.579332e-02 2.696589e-02
8.111308e-02 2.828104e-02
1.000000e-01 2.966034e-02
1.232847e-01 3.110690e-02
1.519911e-01 3.262402e-02
1.873817e-01 3.421512e-02
2.310130e-01 3.588383e-02
2.848036e-01 3.763393e-02
3.511192e-01 3.946943e-02
4.328761e-01 4.139455e-02
5.336699e-01 4.341386e-02
6.579332e-01 4.553235e-02
8.111308e-01 4.775567e-02
1.000000e+00 5.009041e-02
1.232847e+00 5.254451e-02
1.519911e+00 5.512785e-02
1.873817e+00 5.785292e-02
2.310130e+00 6.073567e-02
2.848036e+00 6.379646e-02
3.511192e+00 6.706108e-02
4.328761e+00 7.056182e-02
5.336699e+00 7.433839e-02
6.579332e+00 7.843867e-02
8.111308e+00 8.291901e-02
1.000000e+01 8.784377e-02
1.232847e+01 9.328357e-02
1.519911e+01 9.931166e-02
1.873817e+01 1.059972e-01
2.310130e+01 1.133941e-01
2.848036e+01 1.215234e-01
3.511192e+01 1.303475e-01
4.328761e+01 1.397335e-01
5.336699e+01 1.494069e-01
6.579332e+01 1.588984e-01
8.111308e+01 1.674968e-01
1.000000e+02 1.742308e-01
1.232847e+02 1.779159e-01
1.519911e+02 1.773064e-01
1.873817e+02 1.713708e-01
2.310130e+02 1.596515e-01
2.848036e+02 1.425841e-01
3.511192e+02 1.215956e-01
4.328761e+02 9.885044e-02
5.336699e+02 7.669326e-02
6.579332e+02 5.703038e-02
8.111308e+02 4.094024e-02
1.000000e+03 2.864327e-02
1.232847e+03 1.974574e-02
1.519911e+03 1.356530e-02
1.873817e+03 9.388150e-03
2.310130e+03 6.607558e-03
2.848036e+03 4.765590e-03
3.511192e+03 3.541242e-03
4.328761e+03 2.719481e-03
5.336699e+03 2.159803e-03
6.579332e+03 1.771208e-03
8.111308e+03 1.494483e-03
1.000000e+04 1.290463e-03
1.232847e+04 1.132614e-03
1.519911e+04 1.002574e-03
1.873817e+04 8.876656e-04
2.310130e+04 7.796454e-04
2.848036e+04 6.740970e-04
3.511192e+04 5.699412e-04
4.328761e+04 4.687018e-04
5.336699e+04 3.734333e-04
6.579332e+04 2.875042e-04
8.111308e+04 2.135702e-04
1.000000e+05 1.529887e-04
1.232847e+05 1.057164e-04
1.519911e+05 7.056049e-05
1.873817e+05 4.560153e-05
2.310130e+05 2.863811e-05
2.848036e+05 1.755375e-05
3.511192e+05 1.055173e-05
4.328761e+05 6.248853e-06
5.336699e+05 3.660562e-06
6.579332e+05 2.128051e-06
8.111308e+05 1.230771e-06
1.000000e+06 7.094248e-07
1.232847e+06 4.080385e-07
1.519911e+06 2.343771e-07
1.873817e+06 1.345168e-07
2.310130e+06 7.716654e-08
2.848036e+06 4.425485e-08
3.511192e+06 2.537613e-08
4.328761e+06 1.454970e-08
5.336699e+06 8.341903e-09
6.579332e+06 4.782647e-09
8.111308e+06 2.742009e-09
1.000000e+07 1.572059e-09
