1.000000e-02 7.721013e-02
1.232847e-02 7.808344e-02
1.519911e-02 7.896662e-02
1.873817e-02 7.985979e-02
2.310130e-02 8.076307e-02
2.848036e-02 8.167656e-02
3.511192e-02 8.260038e-02
4.328761e-02 8.353466e-02
5.336699e-02 8.447950e-02
6.579332e-02 8.543503e-02
8.111308e-02 8.640136e-02
1.000000e-01 8.737863e-02
1.232847e-01 8.836695e-02
1.519911e-01 8.936645e-02
1.873817e-01 9.037725e-02
2.310130e-01 9.139946e-02
2.848036e-01 9.243317e-02
3.511192e-01 9.347832e-02
4.328761e-01 9.453459e-02
5.336699e-01 9.560109e-02
6.579332e-01 9.667586e-02
8.111308e-01 9.775527e-02
1.000000e+00 9.883313e-02
1.232847e+00 9.989975e-02
1.519911e+00 1.009409e-01
1.873817e+00 1.019369e-01
2.310130e+00 1.028618e-01
2.848036e+00 1.036828e-01
3.511192e+00 1.043608e-01
4.328761e+00 1.048505e-01
5.336699e+00 1.051024e-01
6.579332e+00 1.050645e-01
8.111308e+00 1.046859e-01
1.000000e+01 1.039200e-01
1.232847e+01 1.027283e-01
1.519911e+01 1.010846e-01
1.873817e+01 9.897774e-02
2.310130e+01 9.641416e-02
2.848036e+01 9.341865e-02
3.511192e+01 9.003354e-02
4.328761e+01 8.631644e-02
5.336699e+01 8.233654e-02
6.579332e+01 7.817003e-02
8.111308e+01 7.389517e-02
1.000000e+02 6.958755e-02
1.232847e+02 6.531605e-02
1.519911e+02 6.113976e-02
1.873817e+02 5.710606e-02
2.310130e+02 5.324986e-02
2.848036e+02 4.959372e-02
3.511192e+02 4.614882e-02
4.328761e+02 4.291639e-02
5.336699e+02 3.988941e-02
6.579332e+02 3.705446e-02
8.111308e+02 3.439355e-02
1.000000e+03 3.188589e-02
1.232847e+03 2.950958e-02
1.519911e+03 2.724306e-02
1.873817e+03 2.506657e-02
2.310130e+03 2.296334e-02
2.848036e+03 2.092062e-02
3.511192e+03 1.893054e-02
4.328761e+03 1.699063e-02
5.336699e+03 1.510395e-02
6.579332e+03 1.327884e-02
8.111308e+03 1.152806e-02
1.000000e+04 9.867525e-03
1.232847e+04 8.314523e-03
1.519911e+04 6.885800e-03
1.873817e+04 5.595639e-03
2.310130e+04 4.454258e-03
2.848036e+04 3.466722e-03
3.511192e+04 2.632524e-03
4.328761e+04 1.945820e-03
5.336699e+04 1.396203e-03
6.579332e+04 9.697656e-04
8.111308e+04 6.502238e-04
1.000000e+05 4.199697e-04
1.232847e+05 2.610852e-04
1.519911e+05 1.563985e-04
1.873817e+05 9.056484e-05
2.310130e+05 5.094538e-05
2.848036e+05 2.800284e-05
3.511192e+05 1.512778e-05
4.328761e+05 8.072964e-06
5.336699e+05 4.272908e-06
6.579332e+05 2.249691e-06
8.111308e+05 1.180605e-06
1.000000e+06 6.183534e-07
1.232847e+06 3.234990e-07
1.519911e+06 1.691323e-07
1.873817e+06 8.839394e-08
2.310130e+06 4.618834e-08
2.848036e+06 2.413216e-08
3.511192e+06 1.260772e-08
4.328761e+06 6.586652e-09
5.336699e+06 3.441023e-09
6.579332e+06 1.797662e-09
8.111308e+06 9.391347e-10
1.000000e+07 4.906226e-10
