1.000000e-02 4.998744e-03
1.232847e-02 5.296277e-03
1.519911e-02 5.611520e-03
1.873817e-02 5.945527e-03
2.310130e-02 6.299415e-03
2.848036e-02 6.674367e-03
3.511192e-02 7.071636e-03
4.328761e-02 7.492552e-03
5.336699e-02 7.938521e-03
6.579332e-02 8.411035e-03
8.111308e-02 8.911673e-03
1.000000e-01 9.442111e-03
1.232847e-01 1.000412e-02
1.519911e-01 1.059958e-02
1.873817e-01 1.123049e-02
2.310130e-01 1.189895e-02
2.848036e-01 1.260719e-02
3.511192e-01 1.335759e-02
4.328761e-01 1.415266e-02
5.336699e-01 1.499507e-02
6.579332e-01 1.588764e-02
8.111308e-01 1.683340e-02
1.000000e+00 1.783556e-02
1.232847e+00 1.889757e-02
1.519911e+00 2.002318e-02
1.873817e+00 2.121642e-02
2.310130e+00 2.248171e-02
2.848036e+00 2.382393e-02
3.511192e+00 2.524846e-02
4.328761e+00 2.676132e-02
5.336699e+00 2.836927e-02
6.579332e+00 3.007990e-02
8.111308e+00 3.190175e-02
1.000000e+01 3.384446e-02
1.232847e+01 3.591883e-02
1.519911e+01 3.813692e-02
1.873817e+01 4.051205e-02
2.310130e+01 4.305878e-02
2.848036e+01 4.579273e-02
3.511192e+01 4.873030e-02
4.328761e+01 5.188815e-02
5.336699e+01 5.528249e-02
6.579332e+01 5.892791e-02
8.111308e+01 6.283600e-02
1.000000e+02 6.701331e-02
1.232847e+02 7.145896e-02
1.519911e+02 7.616166e-02
1.873817e+02 8.109638e-02
2.310130e+02 8.622082e-02
2.848036e+02 9.147215e-02
3.511192e+02 9.676466e-02
4.328761e+02 1.019891e-01
5.336699e+02 1.070149e-01
6.579332e+02 1.116960e-01
8.111308e+02 1.158815e-01
1.000000e+03 1.194304e-01
1.232847e+03 1.222303e-01
1.519911e+03 1.242173e-01
1.873817e+03 1.253938e-01
2.310130e+03 1.258410e-01
2.848036e+03 1.257232e-01
3.511192e+03 1.252818e-01
4.328761e+03 1.248208e-01
5.336699e+03 1.246838e-01
6.579332e+03 1.252249e-01
8.111308e+03 1.267686e-01
1.000000e+04 1.295468e-01
1.232847e+04 1.335839e-01
1.519911e+04 1.384883e-01
1.873817e+04 1.431070e-01
2.310130e+04 1.450886e-01
2.848036e+04 1.406998e-01
3.511192e+04 1.257984e-01
4.328761e+04 9.892472e-02
5.336699e+04 6.504464e-02
6.579332e+04 3.438926e-02
8.111308e+04 1.448313e-02
1.000000e+05 4.996803e-03
1.232847e+05 1.489334e-03
1.519911e+05 4.054196e-04
1.873817e+05 1.051413e-04
2.310130e+05 2.665280e-05
2.848036e+05 6.691633e-06
3.511192e+05 1.673821e-06
4.328761e+05 4.181288e-07
5.336699e+05 1.044042e-07
6.579332e+05 2.606538e-08
8.111308e+05 6.507164e-09
1.000000e+06 1.624478e-09
1.232847e+06 4.055408e-10
1.519911e+06 1.012406e-10
1.873817e+06 2.527405e-11
2.310130e+06 6.309498e-12
2.848036e+06 1.575124e-12
3.511192e+06 3.932193e-13
4.328761e+06 9.816459e-14
5.336699e+06 2.450614e-14
6.579332e+06 6.117794e-15
8.111308e+06 1.527267e-15
1.000000e+07 3.812720e-16
