1.000000e-02 8.921075e-03
1.232847e-02 9.377889e-03
1.519911e-02 9.858094e-03
1.873817e-02 1.036289e-02
2.310130e-02 1.089353e-02
2.848036e-02 1.145135e-02
3.511192e-02 1.203773e-02
4.328761e-02 1.265413e-02
5.336699e-02 1.330210e-02
6.579332e-02 1.398325e-02
8.111308e-02 1.469928e-02
1.000000e-01 1.545197e-02
1.232847e-01 1.624320e-02
1.519911e-01 1.707496e-02
1.873817e-01 1.794930e-02
2.310130e-01 1.886841e-02
2.848036e-01 1.983459e-02
3.511192e-01 2.085024e-02
4.328761e-01 2.191788e-02
5.336699e-01 2.304017e-02
6.579332e-01 2.421987e-02
8.111308e-01 2.545983e-02
1.000000e+00 2.676303e-02
1.232847e+00 2.813245e-02
1.519911e+00 2.957111e-02
1.873817e+00 3.108197e-02
2.310130e+00 3.266785e-02
2.848036e+00 3.433131e-02
3.511192e+00 3.607458e-02
4.328761e+00 3.789936e-02
5.336699e+00 3.980672e-02
6.579332e+00 4.179691e-02
8.111308e+00 4.386923e-02
1.000000e+01 4.602186e-02
1.232847e+01 4.825178e-02
1.519911e+01 5.055473e-02
1.873817e+01 5.292522e-02
2.310130e+01 5.535670e-02
2.848036e+01 5.784185e-02
3.511192e+01 6.037302e-02
4.328761e+01 6.294294e-02
5.336699e+01 6.554554e-02
6.579332e+01 6.817710e-02
8.111308e+01 7.083751e-02
1.000000e+02 7.353181e-02
1.232847e+02 7.627180e-02
1.519911e+02 7.907782e-02
1.873817e+02 8.198046e-02
2.310130e+02 8.502233e-02
2.848036e+02 8.825962e-02
3.511192e+02 9.176345e-02
4.328761e+02 9.562076e-02
5.336699e+02 9.993447e-02
6.579332e+02 1.048222e-01
8.111308e+02 1.104128e-01
1.000000e+03 1.168378e-01
1.232847e+03 1.242161e-01
1.519911e+03 1.326257e-01
1.873817e+03 1.420550e-01
2.310130e+03 1.523271e-01
2.848036e+03 1.629887e-01
3.511192e+03 1.731702e-01
4.328761e+03 1.814529e-01
5.336699e+03 1.858360e-01
6.579332e+03 1.839652e-01
8.111308e+03 1.737898e-01
1.000000e+04 1.546130e-01
1.232847e+04 1.280471e-01
1.519911e+04 9.800968e-02
1.873817e+04 6.931922e-02
2.310130e+04 4.567279e-02
2.848036e+04 2.847956e-02
3.511192e+04 1.715913e-02
4.328761e+04 1.021236e-02
5.336699e+04 6.124250e-03
6.579332e+04 3.756829e-03
8.111308e+04 2.378318e-03
1.000000e+05 1.557217e-03
1.232847e+05 1.050264e-03
1.519911e+05 7.229465e-04
1.873817e+05 5.014153e-04
2.310130e+05 3.453925e-04
2.848036e+05 2.330704e-04
3.511192e+05 1.524025e-04
4.328761e+05 9.594709e-05
5.336699e+05 5.807482e-05
6.579332e+05 3.389564e-05
8.111308e+05 1.918769e-05
1.000000e+06 1.060774e-05
1.232847e+06 5.765080e-06
1.519911e+06 3.097058e-06
1.873817e+06 1.651376e-06
2.310130e+06 8.764891e-07
2.848036e+06 4.639536e-07
3.511192e+06 2.452143e-07
4.328761e+06 1.294999e-07
5.336699e+06 6.836329e-08
6.579332e+06 3.608304e-08
8.111308e+06 1.904401e-08
1.000000e+07 1.005100e-08
