1.000000e-02 6.565199e-03
1.232847e-02 6.908049e-03
1.519911e-02 7.268804e-03
1.873817e-02 7.648398e-03
2.310130e-02 8.047816e-03
2.848036e-02 8.468092e-03
3.511192e-02 8.910315e-03
4.328761e-02 9.375633e-03
5.336699e-02 9.865251e-03
6.579332e-02 1.038044e-02
8.111308e-02 1.092253e-02
1.000000e-01 1.149293e-02
1.232847e-01 1.209312e-02
1.519911e-01 1.272465e-02
1.873817e-01 1.338916e-02
2.310130e-01 1.408837e-02
2.848036e-01 1.482410e-02
3.511192e-01 1.559825e-02
4.328761e-01 1.641283e-02
5.336699e-01 1.726994e-02
6.579332e-01 1.817181e-02
8.111308e-01 1.912076e-02
1.000000e+00 2.011924e-02
1.232847e+00 2.116983e-02
1.519911e+00 2.227521e-02
1.873817e+00 2.343820e-02
2.310130e+00 2.466176e-02
2.848036e+00 2.594897e-02
3.511192e+00 2.730307e-02
4.328761e+00 2.872744e-02
5.336699e+00 3.022563e-02
6.579332e+00 3.180139e-02
8.111308e+00 3.345866e-02
1.000000e+01 3.520159e-02
1.232847e+01 3.703464e-02
1.519911e+01 3.896254e-02
1.873817e+01 4.099039e-02
2.310130e+01 4.312370e-02
2.848036e+01 4.536843e-02
3.511192e+01 4.773110e-02
4.328761e+01 5.021880e-02
5.336699e+01 5.283927e-02
6.579332e+01 5.560097e-02
8.111308e+01 5.851311e-02
1.000000e+02 6.158566e-02
1.232847e+02 6.482935e-02
1.519911e+02 6.825561e-02
1.873817e+02 7.187645e-02
2.310130e+02 7.570430e-02
2.848036e+02 7.975172e-02
3.511192e+02 8.403100e-02
4.328761e+02 8.855360e-02
5.336699e+02 9.332938e-02
6.579332e+02 9.836561e-02
8.111308e+02 1.036656e-01
1.000000e+03 1.092266e-01
1.232847e+03 1.150379e-01
1.519911e+03 1.210769e-01
1.873817e+03 1.273049e-01
2.310130e+03 1.336608e-01
2.848036e+03 1.400528e-01
3.511192e+03 1.463470e-01
4.328761e+03 1.523525e-01
5.336699e+03 1.578024e-01
6.579332e+03 1.623328e-01
8.111308e+03 1.654611e-01
1.000000e+04 1.665726e-01
1.232847e+04 1.649283e-01
1.519911e+04 1.597149e-01
1.873817e+04 1.501668e-01
2.310130e+04 1.357858e-01
2.848036e+04 1.166613e-01
3.511192e+04 9.381277e-02
4.328761e+04 6.936131e-02
5.336699e+04 4.624194e-02
6.579332e+04 2.729908e-02
8.111308e+04 1.410795e-02
1.000000e+05 6.390122e-03
1.232847e+05 2.578876e-03
1.519911e+05 9.529835e-04
1.873817e+05 3.320430e-04
2.310130e+05 1.117371e-04
2.848036e+05 3.691079e-05
3.511192e+05 1.208322e-05
4.328761e+05 3.939405e-06
5.336699e+05 1.282087e-06
6.579332e+05 4.169609e-07
8.111308e+05 1.355665e-07
1.000000e+06 4.407213e-08
1.232847e+06 1.432712e-08
1.519911e+06 4.657445e-09
1.873817e+06 1.514030e-09
2.310130e+06 4.921761e-10
2.848036e+06 1.599950e-10
3.511192e+06 5.201062e-11
4.328761e+06 1.690743e-11
5.336699e+06 5.496211e-12
6.579332e+06 1.786689e-12
8.111308e+06 5.808108e-13
1.000000e+07 1.888080e-13
