1.000000e-02 6.147790e-03
1.232847e-02 6.494392e-03
1.519911e-02 6.860536e-03
1.873817e-02 7.247322e-03
2.310130e-02 7.655914e-03
2.848036e-02 8.087542e-03
3.511192e-02 8.543505e-03
4.328761e-02 9.025174e-03
5.336699e-02 9.533998e-03
6.579332e-02 1.007151e-02
8.111308e-02 1.063933e-02
1.000000e-01 1.123915e-02
1.232847e-01 1.187280e-02
1.519911e-01 1.254217e-02
1.873817e-01 1.324927e-02
2.310130e-01 1.399625e-02
2.848036e-01 1.478533e-02
3.511192e-01 1.561891e-02
4.328761e-01 1.649948e-02
5.336699e-01 1.742969e-02
6.579332e-01 1.841235e-02
8.111308e-01 1.945041e-02
1.000000e+00 2.054700e-02
1.232847e+00 2.170543e-02
1.519911e+00 2.292918e-02
1.873817e+00 2.422195e-02
2.310130e+00 2.558765e-02
2.848036e+00 2.703041e-02
3.511192e+00 2.855461e-02
4.328761e+00 3.016489e-02
5.336699e+00 3.186614e-02
6.579332e+00 3.366355e-02
8.111308e+00 3.556260e-02
1.000000e+01 3.756906e-02
1.232847e+01 3.968897e-02
1.519911e+01 4.192866e-02
1.873817e+01 4.429470e-02
2.310130e+01 4.679383e-02
2.848036e+01 4.943286e-02
3.511192e+01 5.221859e-02
4.328761e+01 5.515759e-02
5.336699e+01 5.825600e-02
6.579332e+01 6.151919e-02
8.111308e+01 6.495140e-02
1.000000e+02 6.855525e-02
1.232847e+02 7.233114e-02
1.519911e+02 7.627657e-02
1.873817e+02 8.038532e-02
2.310130e+02 8.464651e-02
2.848036e+02 8.904365e-02
3.511192e+02 9.355347e-02
4.328761e+02 9.814491e-02
5.336699e+02 1.027780e-01
6.579332e+02 1.074029e-01
8.111308e+02 1.119591e-01
1.000000e+03 1.163751e-01
1.232847e+03 1.205683e-01
1.519911e+03 1.244450e-01
1.873817e+03 1.279021e-01
2.310130e+03 1.308281e-01
2.848036e+03 1.331056e-01
3.511192e+03 1.346141e-01
4.328761e+03 1.352336e-01
5.336699e+03 1.348495e-01
6.579332e+03 1.333576e-01
8.111308e+03 1.306718e-01
1.000000e+04 1.267318e-01
1.232847e+04 1.215133e-01
1.519911e+04 1.150373e-01
1.873817e+04 1.073801e-01
2.310130e+04 9.867985e-02
2.848036e+04 8.913915e-02
3.511192e+04 7.902077e-02
4.328761e+04 6.863482e-02
5.336699e+04 5.831712e-02
6.579332e+04 4.840020e-02
8.111308e+04 3.918167e-02
1.000000e+05 3.089612e-02
1.232847e+05 2.369670e-02
1.519911e+05 1.764980e-02
1.873817e+05 1.274235e-02
2.310130e+05 8.897855e-03
2.848036e+05 5.995968e-03
3.511192e+05 3.891307e-03
4.328761e+05 2.429370e-03
5.336699e+05 1.459573e-03
6.579332e+05 8.459361e-04
8.111308e+05 4.750305e-04
1.000000e+06 2.599245e-04
1.232847e+06 1.394295e-04
1.519911e+06 7.373656e-05
1.873817e+06 3.862252e-05
2.310130e+06 2.010653e-05
2.848036e+06 1.042856e-05
3.511192e+06 5.397477e-06
4.328761e+06 2.790373e-06
5.336699e+06 1.441747e-06
6.579332e+06 7.447487e-07
8.111308e+06 3.846751e-07
1.000000e+07 1.986881e-07
