1.000000e-02 2.035562e-02
1.232847e-02 2.140018e-02
1.519911e-02 2.249833e-02
1.873817e-02 2.365283e-02
2.310130e-02 2.486658e-02
2.848036e-02 2.614262e-02
3.511192e-02 2.748413e-02
4.328761e-02 2.889448e-02
5.336699e-02 3.037721e-02
6.579332e-02 3.193602e-02
8.111308e-02 3.357482e-02
1.000000e-01 3.529772e-02
1.232847e-01 3.710903e-02
1.519911e-01 3.901329e-02
1.873817e-01 4.101526e-02
2.310130e-01 4.311997e-02
2.848036e-01 4.533267e-02
3.511192e-01 4.765892e-02
4.328761e-01 5.010452e-02
5.336699e-01 5.267557e-02
6.579332e-01 5.537841e-02
8.111308e-01 5.821965e-02
1.000000e+00 6.120604e-02
1.232847e+00 6.434438e-02
1.519911e+00 6.764130e-02
1.873817e+00 7.110298e-02
2.310130e+00 7.473471e-02
2.848036e+00 7.854024e-02
3.511192e+00 8.252098e-02
4.328761e+00 8.667488e-02
5.336699e+00 9.099498e-02
6.579332e+00 9.546768e-02
8.111308e+00 1.000706e-01
1.000000e+01 1.047699e-01
1.232847e+01 1.095177e-01
1.519911e+01 1.142491e-01
1.873817e+01 1.188792e-01
2.310130e+01 1.233003e-01
2.848036e+01 1.273811e-01
3.511192e+01 1.309666e-01
4.328761e+01 1.338804e-01
5.336699e+01 1.359314e-01
6.579332e+01 1.369239e-01
8.111308e+01 1.366713e-01
1.000000e+02 1.350148e-01
1.232847e+02 1.318427e-01
1.519911e+02 1.271098e-01
1.873817e+02 1.208523e-01
2.310130e+02 1.131948e-01
2.848036e+02 1.043483e-01
3.511192e+02 9.459651e-02
4.328761e+02 8.427350e-02
5.336699e+02 7.373526e-02
6.579332e+02 6.332951e-02
8.111308e+02 5.336854e-02
1.000000e+03 4.410858e-02
1.232847e+03 3.573772e-02
1.519911e+03 2.837263e-02
1.873817e+03 2.206237e-02
2.310130e+03 1.679714e-02
2.848036e+03 1.251964e-02
3.511192e+03 9.137400e-03
4.328761e+03 6.535236e-03
5.336699e+03 4.587076e-03
6.579332e+03 3.166686e-03
8.111308e+03 2.156494e-03
1.000000e+04 1.453801e-03
1.232847e+04 9.739991e-04
1.519911e+04 6.510035e-04
1.873817e+04 4.355837e-04
2.310130e+04 2.925320e-04
2.848036e+04 1.975029e-04
3.511192e+04 1.341019e-04
4.328761e+04 9.150022e-05
5.336699e+04 6.263365e-05
6.579332e+04 4.291862e-05
8.111308e+04 2.937454e-05
1.000000e+05 2.004358e-05
1.232847e+05 1.361806e-05
1.519911e+05 9.207515e-06
1.873817e+05 6.195300e-06
2.310130e+05 4.150107e-06
2.848036e+05 2.769583e-06
3.511192e+05 1.842633e-06
4.328761e+05 1.223007e-06
5.336699e+05 8.102917e-07
6.579332e+05 5.361493e-07
8.111308e+05 3.544252e-07
1.000000e+06 2.341423e-07
1.232847e+06 1.546112e-07
1.519911e+06 1.020636e-07
1.873817e+06 6.736196e-08
2.310130e+06 4.445316e-08
2.848036e+06 2.933293e-08
3.511192e+06 1.935473e-08
4.328761e+06 1.277046e-08
5.336699e+06 8.425959e-09
6.579332e+06 5.559415e-09
8.111308e+06 3.668070e-09
1.000000e+07 2.420171e-09
