1.000000e-02 5.462140e-03
1.232847e-02 5.778652e-03
1.519911e-02 6.113505e-03
1.873817e-02 6.467762e-03
2.310130e-02 6.842547e-03
2.848036e-02 7.239049e-03
3.511192e-02 7.658527e-03
4.328761e-02 8.102312e-03
5.336699e-02 8.571813e-03
6.579332e-02 9.068520e-03
8.111308e-02 9.594010e-03
1.000000e-01 1.014995e-02
1.232847e-01 1.073810e-02
1.519911e-01 1.136034e-02
1.873817e-01 1.201863e-02
2.310130e-01 1.271507e-02
2.848036e-01 1.345187e-02
3.511192e-01 1.423135e-02
4.328761e-01 1.505601e-02
5.336699e-01 1.592845e-02
6.579332e-01 1.685145e-02
8.111308e-01 1.782792e-02
1.000000e+00 1.886096e-02
1.232847e+00 1.995382e-02
1.519911e+00 2.110997e-02
1.873817e+00 2.233302e-02
2.310130e+00 2.362679e-02
2.848036e+00 2.499530e-02
3.511192e+00 2.644275e-02
4.328761e+00 2.797355e-02
5.336699e+00 2.959226e-02
6.579332e+00 3.130365e-02
8.111308e+00 3.311262e-02
1.000000e+01 3.502421e-02
1.232847e+01 3.704354e-02
1.519911e+01 3.917576e-02
1.873817e+01 4.142598e-02
2.310130e+01 4.379920e-02
2.848036e+01 4.630016e-02
3.511192e+01 4.893323e-02
4.328761e+01 5.170222e-02
5.336699e+01 5.461015e-02
6.579332e+01 5.765905e-02
8.111308e+01 6.084965e-02
1.000000e+02 6.418105e-02
1.232847e+02 6.765043e-02
1.519911e+02 7.125264e-02
1.873817e+02 7.497987e-02
2.310130e+02 7.882131e-02
2.848036e+02 8.276285e-02
3.511192e+02 8.678690e-02
4.328761e+02 9.087224e-02
5.336699e+02 9.499412e-02
6.579332e+02 9.912440e-02
8.111308e+02 1.032319e-01
1.000000e+03 1.072828e-01
1.232847e+03 1.112412e-01
1.519911e+03 1.150694e-01
1.873817e+03 1.187284e-01
2.310130e+03 1.221769e-01
2.848036e+03 1.253707e-01
3.511192e+03 1.282602e-01
4.328761e+03 1.307868e-01
5.336699e+03 1.328777e-01
6.579332e+03 1.344390e-01
8.111308e+03 1.353479e-01
1.000000e+04 1.354443e-01
1.232847e+04 1.345260e-01
1.519911e+04 1.323484e-01
1.873817e+04 1.286371e-01
2.310130e+04 1.231166e-01
2.848036e+04 1.155625e-01
3.511192e+04 1.058774e-01
4.328761e+04 9.417722e-02
5.336699e+04 8.086399e-02
6.579332e+04 6.664030e-02
8.111308e+04 5.243187e-02
1.000000e+05 3.921479e-02
1.232847e+05 2.779888e-02
1.519911e+05 1.865461e-02
1.873817e+05 1.185623e-02
2.310130e+05 7.151967e-03
2.848036e+05 4.108746e-03
3.511192e+05 2.257968e-03
4.328761e+05 1.193157e-03
5.336699e+05 6.097355e-04
6.579332e+05 3.031764e-04
8.111308e+05 1.475731e-04
1.000000e+06 7.071843e-05
1.232847e+06 3.352449e-05
1.519911e+06 1.578070e-05
1.873817e+06 7.396011e-06
2.310130e+06 3.457475e-06
2.848036e+06 1.613994e-06
3.511192e+06 7.528651e-07
4.328761e+06 3.510499e-07
5.336699e+06 1.636609e-07
6.579332e+06 7.629399e-08
8.111308e+06 3.556524e-08
1.000000e+07 1.657904e-08
