1.000000e-02 6.145392e-03
1.232847e-02 6.516133e-03
1.519911e-02 6.909240e-03
1.873817e-02 7.326062e-03
2.310130e-02 7.768031e-03
2.848036e-02 8.236663e-03
3.511192e-02 8.733566e-03
4.328761e-02 9.260447e-03
5.336699e-02 9.819114e-03
6.579332e-02 1.041148e-02
8.111308e-02 1.103959e-02
1.000000e-01 1.170559e-02
1.232847e-01 1.241177e-02
1.519911e-01 1.316055e-02
1.873817e-01 1.395450e-02
2.310130e-01 1.479635e-02
2.848036e-01 1.568899e-02
3.511192e-01 1.663548e-02
4.328761e-01 1.763907e-02
5.336699e-01 1.870320e-02
6.579332e-01 1.983154e-02
8.111308e-01 2.102795e-02
1.000000e+00 2.229654e-02
1.232847e+00 2.364168e-02
1.519911e+00 2.506797e-02
1.873817e+00 2.658032e-02
2.310130e+00 2.818389e-02
2.848036e+00 2.988414e-02
3.511192e+00 3.168682e-02
4.328761e+00 3.359793e-02
5.336699e+00 3.562372e-02
6.579332e+00 3.777060e-02
8.111308e+00 4.004508e-02
1.000000e+01 4.245365e-02
1.232847e+01 4.500256e-02
1.519911e+01 4.769763e-02
1.873817e+01 5.054391e-02
2.310130e+01 5.354531e-02
2.848036e+01 5.670405e-02
3.511192e+01 6.002011e-02
4.328761e+01 6.349050e-02
5.336699e+01 6.710851e-02
6.579332e+01 7.086280e-02
8.111308e+01 7.473655e-02
1.000000e+02 7.870667e-02
1.232847e+02 8.274311e-02
1.519911e+02 8.680850e-02
1.873817e+02 9.085820e-02
2.310130e+02 9.484098e-02
2.848036e+02 9.870042e-02
3.511192e+02 1.023772e-01
4.328761e+02 1.058121e-01
5.336699e+02 1.089501e-01
6.579332e+02 1.117444e-01
8.111308e+02 1.141611e-01
1.000000e+03 1.161829e-01
1.232847e+03 1.178117e-01
1.519911e+03 1.190694e-01
1.873817e+03 1.199958e-01
2.310130e+03 1.206442e-01
2.848036e+03 1.210725e-01
3.511192e+03 1.213322e-01
4.328761e+03 1.214522e-01
5.336699e+03 1.214188e-01
6.579332e+03 1.211528e-01
8.111308e+03 1.204838e-01
1.000000e+04 1.191270e-01
1.232847e+04 1.166752e-01
1.519911e+04 1.126225e-01
1.873817e+04 1.064448e-01
2.310130e+04 9.775465e-02
2.848036e+04 8.651072e-02
3.511192e+04 7.319969e-02
4.328761e+04 5.885828e-02
5.336699e+04 4.484208e-02
6.579332e+04 3.240851e-02
8.111308e+04 2.234012e-02
1.000000e+05 1.481667e-02
1.232847e+05 9.551832e-03
1.519911e+05 6.043193e-03
1.873817e+05 3.779620e-03
2.310130e+05 2.346272e-03
2.848036e+05 1.446871e-03
3.511192e+05 8.851354e-04
4.328761e+05 5.359967e-04
5.336699e+05 3.207191e-04
6.579332e+05 1.895208e-04
8.111308e+05 1.106839e-04
1.000000e+06 6.399454e-05
1.232847e+06 3.670707e-05
1.519911e+06 2.093193e-05
1.873817e+06 1.188769e-05
2.310130e+06 6.733133e-06
2.848036e+06 3.807189e-06
3.511192e+06 2.150582e-06
4.328761e+06 1.214127e-06
5.336699e+06 6.852472e-07
6.579332e+06 3.866997e-07
8.111308e+06 2.182128e-07
1.000000e+07 1.231354e-07
