1.000000e-02 5.809996e-03
1.232847e-02 6.129307e-03
1.519911e-02 6.466167e-03
1.873817e-02 6.821541e-03
2.310130e-02 7.196446e-03
2.848036e-02 7.591955e-03
3.511192e-02 8.009201e-03
4.328761e-02 8.449378e-03
5.336699e-02 8.913747e-03
6.579332e-02 9.403637e-03
8.111308e-02 9.920451e-03
1.000000e-01 1.046567e-02
1.232847e-01 1.104085e-02
1.519911e-01 1.164764e-02
1.873817e-01 1.228779e-02
2.310130e-01 1.296311e-02
2.848036e-01 1.367555e-02
3.511192e-01 1.442714e-02
4.328761e-01 1.522004e-02
5.336699e-01 1.605652e-02
6.579332e-01 1.693896e-02
8.111308e-01 1.786990e-02
1.000000e+00 1.885199e-02
1.232847e+00 1.988804e-02
1.519911e+00 2.098100e-02
1.873817e+00 2.213398e-02
2.310130e+00 2.335026e-02
2.848036e+00 2.463328e-02
3.511192e+00 2.598667e-02
4.328761e+00 2.741427e-02
5.336699e+00 2.892009e-02
6.579332e+00 3.050838e-02
8.111308e+00 3.218362e-02
1.000000e+01 3.395054e-02
1.232847e+01 3.581413e-02
1.519911e+01 3.777965e-02
1.873817e+01 3.985268e-02
2.310130e+01 4.203907e-02
2.848036e+01 4.434503e-02
3.511192e+01 4.677703e-02
4.328761e+01 4.934187e-02
5.336699e+01 5.204660e-02
6.579332e+01 5.489846e-02
8.111308e+01 5.790485e-02
1.000000e+02 6.107313e-02
1.232847e+02 6.441050e-02
1.519911e+02 6.792377e-02
1.873817e+02 7.161905e-02
2.310130e+02 7.550138e-02
2.848036e+02 7.957425e-02
3.511192e+02 8.383902e-02
4.328761e+02 8.829420e-02
5.336699e+02 9.293453e-02
6.579332e+02 9.774997e-02
8.111308e+02 1.027244e-01
1.000000e+03 1.078339e-01
1.232847e+03 1.130451e-01
1.519911e+03 1.183125e-01
1.873817e+03 1.235757e-01
2.310130e+03 1.287561e-01
2.848036e+03 1.337520e-01
3.511192e+03 1.384340e-01
4.328761e+03 1.426393e-01
5.336699e+03 1.461664e-01
6.579332e+03 1.487710e-01
8.111308e+03 1.501658e-01
1.000000e+04 1.500275e-01
1.232847e+04 1.480148e-01
1.519911e+04 1.438020e-01
1.873817e+04 1.371322e-01
2.310130e+04 1.278856e-01
2.848036e+04 1.161561e-01
3.511192e+04 1.023128e-01
4.328761e+04 8.701834e-02
5.336699e+04 7.117489e-02
6.579332e+04 5.579138e-02
8.111308e+04 4.179958e-02
1.000000e+05 2.987969e-02
1.232847e+05 2.035947e-02
1.519911e+05 1.321784e-02
1.873817e+05 8.174363e-03
2.310130e+05 4.814237e-03
2.848036e+05 2.699697e-03
3.511192e+05 1.442378e-03
4.328761e+05 7.358860e-04
5.336699e+05 3.601779e-04
6.579332e+05 1.702768e-04
8.111308e+05 7.837591e-05
1.000000e+06 3.539672e-05
1.232847e+06 1.578762e-05
1.519911e+06 6.987728e-06
1.873817e+06 3.079125e-06
2.310130e+06 1.353511e-06
2.848036e+06 5.942168e-07
3.511192e+06 2.607077e-07
4.328761e+06 1.143494e-07
5.336699e+06 5.014842e-08
6.579332e+06 2.199170e-08
8.111308e+06 9.643920e-09
1.000000e+07 4.229093e-09
