1.000000e-02 1.239284e-01
1.232847e-02 1.231954e-01
1.519911e-02 1.224668e-01
1.873817e-02 1.217425e-01
2.310130e-02 1.210225e-01
2.848036e-02 1.203068e-01
3.511192e-02 1.195953e-01
4.328761e-02 1.188880e-01
5.336699e-02 1.181849e-01
6.579332e-02 1.174859e-01
8.111308e-02 1.167911e-01
1.000000e-01 1.161004e-01
1.232847e-01 1.154137e-01
1.519911e-01 1.147311e-01
1.873817e-01 1.140526e-01
2.310130e-01 1.133780e-01
2.848036e-01 1.127073e-01
3.511192e-01 1.120401e-01
4.328761e-01 1.113757e-01
5.336699e-01 1.107123e-01
6.579332e-01 1.100467e-01
8.111308e-01 1.093734e-01
1.000000e+00 1.086836e-01
1.232847e+00 1.079644e-01
1.519911e+00 1.071979e-01
1.873817e+00 1.063610e-01
2.310130e+00 1.054254e-01
2.848036e+00 1.043580e-01
3.511192e+00 1.031224e-01
4.328761e+00 1.016808e-01
5.336699e+00 9.999664e-02
6.579332e+00 9.803735e-02
8.111308e+00 9.577778e-02
1.000000e+01 9.320311e-02
1.232847e+01 9.031123e-02
1.519911e+01 8.711429e-02
1.873817e+01 8.363896e-02
2.310130e+01 7.992536e-02
2.848036e+01 7.602480e-02
3.511192e+01 7.199640e-02
4.328761e+01 6.790318e-02
5.336699e+01 6.380797e-02
6.579332e+01 5.976969e-02
8.111308e+01 5.584022e-02
1.000000e+02 5.206228e-02
1.232847e+02 4.846819e-02
1.519911e+02 4.507964e-02
1.873817e+02 4.190812e-02
2.310130e+02 3.895597e-02
2.848036e+02 3.621772e-02
3.511192e+02 3.368162e-02
4.328761e+02 3.133114e-02
5.336699e+02 2.914649e-02
6.579332e+02 2.710591e-02
8.111308e+02 2.518702e-02
1.000000e+03 2.336789e-02
1.232847e+03 2.162823e-02
1.519911e+03 1.995025e-02
1.873817e+03 1.831965e-02
2.310130e+03 1.672622e-02
2.848036e+03 1.516443e-02
3.511192e+03 1.363366e-02
4.328761e+03 1.213804e-02
5.336699e+03 1.068607e-02
6.579332e+03 9.289641e-03
8.111308e+03 7.962851e-03
1.000000e+04 6.720495e-03
1.232847e+04 5.576489e-03
1.519911e+04 4.542423e-03
1.873817e+04 3.626413e-03
2.310130e+04 2.832392e-03
2.848036e+04 2.159901e-03
3.511192e+04 1.604359e-03
4.328761e+04 1.157693e-03
5.336699e+04 8.091685e-04
6.579332e+04 5.462287e-04
8.111308e+04 3.552705e-04
1.000000e+05 2.223652e-04
1.232847e+05 1.340200e-04
1.519911e+05 7.799596e-05
1.873817e+05 4.403524e-05
2.310130e+05 2.425856e-05
2.848036e+05 1.311738e-05
3.511192e+05 6.999378e-06
4.328761e+05 3.701395e-06
5.336699e+05 1.946006e-06
6.579332e+05 1.019413e-06
8.111308e+05 5.328544e-07
1.000000e+06 2.781707e-07
1.232847e+06 1.451096e-07
1.519911e+06 7.566628e-08
1.873817e+06 3.944667e-08
2.310130e+06 2.056200e-08
2.848036e+06 1.071747e-08
3.511192e+06 5.586049e-09
4.328761e+06 2.911455e-09
5.336699e+06 1.517442e-09
6.579332e+06 7.908841e-10
8.111308e+06 4.122048e-10
1.000000e+07 2.148391e-10
