1.000000e-02 1.465479e-02
1.232847e-02 1.537372e-02
1.519911e-02 1.612793e-02
1.873817e-02 1.691913e-02
2.310130e-02 1.774914e-02
2.848036e-02 1.861988e-02
3.511192e-02 1.953333e-02
4.328761e-02 2.049159e-02
5.336699e-02 2.149687e-02
6.579332e-02 2.255146e-02
8.111308e-02 2.365778e-02
1.000000e-01 2.481838e-02
1.232847e-01 2.603592e-02
1.519911e-01 2.731318e-02
1.873817e-01 2.865311e-02
2.310130e-01 3.005877e-02
2.848036e-01 3.153339e-02
3.511192e-01 3.308034e-02
4.328761e-01 3.470315e-02
5.336699e-01 3.640551e-02
6.579332e-01 3.819124e-02
8.111308e-01 4.006423e-02
1.000000e+00 4.202844e-02
1.232847e+00 4.408777e-02
1.519911e+00 4.624595e-02
1.873817e+00 4.850638e-02
2.310130e+00 5.087191e-02
2.848036e+00 5.334461e-02
3.511192e+00 5.592550e-02
4.328761e+00 5.861420e-02
5.336699e+00 6.140864e-02
6.579332e+00 6.430475e-02
8.111308e+00 6.729616e-02
1.000000e+01 7.037407e-02
1.232847e+01 7.352715e-02
1.519911e+01 7.674173e-02
1.873817e+01 8.000213e-02
2.310130e+01 8.329139e-02
2.848036e+01 8.659223e-02
3.511192e+01 8.988841e-02
4.328761e+01 9.316631e-02
5.336699e+01 9.641682e-02
6.579332e+01 9.963726e-02
8.111308e+01 1.028331e-01
1.000000e+02 1.060195e-01
1.232847e+02 1.092218e-01
1.519911e+02 1.124750e-01
1.873817e+02 1.158220e-01
2.310130e+02 1.193082e-01
2.848036e+02 1.229743e-01
3.511192e+02 1.268426e-01
4.328761e+02 1.308979e-01
5.336699e+02 1.350582e-01
6.579332e+02 1.391354e-01
8.111308e+02 1.427844e-01
1.000000e+03 1.454481e-01
1.232847e+03 1.463184e-01
1.519911e+03 1.443552e-01
1.873817e+03 1.384277e-01
2.310130e+03 1.276425e-01
2.848036e+03 1.118383e-01
3.511192e+03 9.204563e-02
4.328761e+03 7.052643e-02
5.336699e+03 5.012022e-02
6.579332e+03 3.315316e-02
8.111308e+03 2.064467e-02
1.000000e+04 1.231594e-02
1.232847e+04 7.183969e-03
1.519911e+04 4.177650e-03
1.873817e+04 2.458846e-03
2.310130e+04 1.477541e-03
2.848036e+04 9.079469e-04
3.511192e+04 5.678283e-04
4.328761e+04 3.580402e-04
5.336699e+04 2.250334e-04
6.579332e+04 1.394902e-04
8.111308e+04 8.463285e-05
1.000000e+05 5.009173e-05
1.232847e+05 2.893742e-05
1.519911e+05 1.636897e-05
1.873817e+05 9.106914e-06
2.310130e+05 5.005338e-06
2.848036e+05 2.727993e-06
3.511192e+05 1.478594e-06
4.328761e+05 7.986053e-07
5.336699e+05 4.304092e-07
6.579332e+05 2.316713e-07
8.111308e+05 1.246051e-07
1.000000e+06 6.699022e-08
1.232847e+06 3.600645e-08
1.519911e+06 1.935038e-08
1.873817e+06 1.039838e-08
2.310130e+06 5.587588e-09
2.848036e+06 3.002433e-09
3.511192e+06 1.613308e-09
4.328761e+06 8.668798e-10
5.336699e+06 4.657997e-10
6.579332e+06 2.502875e-10
8.111308e+06 1.344865e-10
1.000000e+07 7.226342e-11
