1.000000e-02 8.329871e-03
1.232847e-02 8.760504e-03
1.519911e-02 9.213401e-03
1.873817e-02 9.689710e-03
2.310130e-02 1.019064e-02
2.848036e-02 1.071747e-02
3.511192e-02 1.127154e-02
4.328761e-02 1.185425e-02
5.336699e-02 1.246709e-02
6.579332e-02 1.311160e-02
8.111308e-02 1.378944e-02
1.000000e-01 1.450232e-02
1.232847e-01 1.525205e-02
1.519911e-01 1.604055e-02
1.873817e-01 1.686980e-02
2.310130e-01 1.774193e-02
2.848036e-01 1.865914e-02
3.511192e-01 1.962378e-02
4.328761e-01 2.063828e-02
5.336699e-01 2.170522e-02
6.579332e-01 2.282733e-02
8.111308e-01 2.400746e-02
1.000000e+00 2.524860e-02
1.232847e+00 2.655394e-02
1.519911e+00 2.792679e-02
1.873817e+00 2.937070e-02
2.310130e+00 3.088938e-02
2.848036e+00 3.248679e-02
3.511192e+00 3.416714e-02
4.328761e+00 3.593488e-02
5.336699e+00 3.779479e-02
6.579332e+00 3.975200e-02
8.111308e+00 4.181199e-02
1.000000e+01 4.398065e-02
1.232847e+01 4.626433e-02
1.519911e+01 4.866985e-02
1.873817e+01 5.120450e-02
2.310130e+01 5.387609e-02
2.848036e+01 5.669288e-02
3.511192e+01 5.966354e-02
4.328761e+01 6.279706e-02
5.336699e+01 6.610257e-02
6.579332e+01 6.958907e-02
8.111308e+01 7.326515e-02
1.000000e+02 7.713847e-02
1.232847e+02 8.121516e-02
1.519911e+02 8.549905e-02
1.873817e+02 8.999065e-02
2.310130e+02 9.468595e-02
2.848036e+02 9.957491e-02
3.511192e+02 1.046397e-01
4.328761e+02 1.098527e-01
5.336699e+02 1.151738e-01
6.579332e+02 1.205484e-01
8.111308e+02 1.259036e-01
1.000000e+03 1.311455e-01
1.232847e+03 1.361557e-01
1.519911e+03 1.407874e-01
1.873817e+03 1.448619e-01
2.310130e+03 1.481652e-01
2.848036e+03 1.504455e-01
3.511192e+03 1.514131e-01
4.328761e+03 1.507440e-01
5.336699e+03 1.480922e-01
6.579332e+03 1.431150e-01
8.111308e+03 1.355189e-01
1.000000e+04 1.251320e-01
1.232847e+04 1.120011e-01
1.519911e+04 9.649804e-02
1.873817e+04 7.939237e-02
2.310130e+04 6.183155e-02
2.848036e+04 4.517687e-02
3.511192e+04 3.070497e-02
4.328761e+04 1.927645e-02
5.336699e+04 1.112908e-02
6.579332e+04 5.906437e-03
8.111308e+04 2.895121e-03
1.000000e+05 1.323789e-03
1.232847e+05 5.725381e-04
1.519911e+05 2.377765e-04
1.873817e+05 9.611833e-05
2.310130e+05 3.821806e-05
2.848036e+05 1.505415e-05
3.511192e+05 5.900288e-06
4.328761e+05 2.306723e-06
5.336699e+05 9.007202e-07
6.579332e+05 3.515115e-07
8.111308e+05 1.371447e-07
1.000000e+06 5.350207e-08
1.232847e+06 2.087091e-08
1.519911e+06 8.141479e-09
1.873817e+06 3.175863e-09
2.310130e+06 1.238850e-09
2.848036e+06 4.832535e-10
3.511192e+06 1.885086e-10
4.328761e+06 7.353381e-11
5.336699e+06 2.868422e-11
6.579332e+06 1.118920e-11
8.111308e+06 4.364706e-12
1.000000e+07 1.702593e-12
