1.000000e-02 6.525444e-03
1.232847e-02 6.897043e-03
1.519911e-02 7.289802e-03
1.873817e-02 7.704928e-03
2.310130e-02 8.143693e-03
2.848036e-02 8.607444e-03
3.511192e-02 9.097604e-03
4.328761e-02 9.615677e-03
5.336699e-02 1.016325e-02
6.579332e-02 1.074201e-02
8.111308e-02 1.135372e-02
1.000000e-01 1.200027e-02
1.232847e-01 1.268364e-02
1.519911e-01 1.340593e-02
1.873817e-01 1.416934e-02
2.310130e-01 1.497623e-02
2.848036e-01 1.582907e-02
3.511192e-01 1.673047e-02
4.328761e-01 1.768320e-02
5.336699e-01 1.869019e-02
6.579332e-01 1.975452e-02
8.111308e-01 2.087945e-02
1.000000e+00 2.206844e-02
1.232847e+00 2.332510e-02
1.519911e+00 2.465329e-02
1.873817e+00 2.605704e-02
2.310130e+00 2.754060e-02
2.848036e+00 2.910844e-02
3.511192e+00 3.076524e-02
4.328761e+00 3.251589e-02
5.336699e+00 3.436546e-02
6.579332e+00 3.631921e-02
8.111308e+00 3.838257e-02
1.000000e+01 4.056102e-02
1.232847e+01 4.286012e-02
1.519911e+01 4.528536e-02
1.873817e+01 4.784205e-02
2.310130e+01 5.053521e-02
2.848036e+01 5.336933e-02
3.511192e+01 5.634814e-02
4.328761e+01 5.947434e-02
5.336699e+01 6.274917e-02
6.579332e+01 6.617206e-02
8.111308e+01 6.974007e-02
1.000000e+02 7.344732e-02
1.232847e+02 7.728436e-02
1.519911e+02 8.123748e-02
1.873817e+02 8.528794e-02
2.310130e+02 8.941130e-02
2.848036e+02 9.357671e-02
3.511192e+02 9.774631e-02
4.328761e+02 1.018749e-01
5.336699e+02 1.059095e-01
6.579332e+02 1.097899e-01
8.111308e+02 1.134489e-01
1.000000e+03 1.168131e-01
1.232847e+03 1.198048e-01
1.519911e+03 1.223432e-01
1.873817e+03 1.243472e-01
2.310130e+03 1.257373e-01
2.848036e+03 1.264389e-01
3.511192e+03 1.263844e-01
4.328761e+03 1.255161e-01
5.336699e+03 1.237891e-01
6.579332e+03 1.211737e-01
8.111308e+03 1.176582e-01
1.000000e+04 1.132508e-01
1.232847e+04 1.079826e-01
1.519911e+04 1.019087e-01
1.873817e+04 9.511083e-02
2.310130e+04 8.769712e-02
2.848036e+04 7.980243e-02
3.511192e+04 7.158589e-02
4.328761e+04 6.322637e-02
5.336699e+04 5.491516e-02
6.579332e+04 4.684581e-02
8.111308e+04 3.920171e-02
1.000000e+05 3.214281e-02
1.232847e+05 2.579348e-02
1.519911e+05 2.023407e-02
1.873817e+05 1.549790e-02
2.310130e+05 1.157402e-02
2.848036e+05 8.414792e-03
3.511192e+05 5.945908e-03
4.328761e+05 4.076642e-03
5.336699e+05 2.708785e-03
6.579332e+05 1.743822e-03
8.111308e+05 1.088761e-03
1.000000e+06 6.609523e-04
1.232847e+06 3.916410e-04
1.519911e+06 2.275583e-04
1.873817e+06 1.302672e-04
2.310130e+06 7.378545e-05
2.848036e+06 4.149732e-05
3.511192e+06 2.323436e-05
4.328761e+06 1.297505e-05
5.336699e+06 7.235762e-06
6.579332e+06 4.032550e-06
8.111308e+06 2.246849e-06
1.000000e+07 1.251839e-06
