1.000000e-02 1.006898e-01
1.232847e-02 1.011205e-01
1.519911e-02 1.015531e-01
1.873817e-02 1.019875e-01
2.310130e-02 1.024238e-01
2.848036e-02 1.028619e-01
3.511192e-02 1.033019e-01
4.328761e-02 1.037438e-01
5.336699e-02 1.041876e-01
6.579332e-02 1.046333e-01
8.111308e-02 1.050809e-01
1.000000e-01 1.055304e-01
1.232847e-01 1.059819e-01
1.519911e-01 1.064352e-01
1.873817e-01 1.068905e-01
2.310130e-01 1.073477e-01
2.848036e-01 1.078068e-01
3.511192e-01 1.082674e-01
4.328761e-01 1.087288e-01
5.336699e-01 1.091892e-01
6.579332e-01 1.096455e-01
8.111308e-01 1.100914e-01
1.000000e+00 1.105170e-01
1.232847e+00 1.109071e-01
1.519911e+00 1.112398e-01
1.873817e+00 1.114854e-01
2.310130e+00 1.116056e-01
2.848036e+00 1.115533e-01
3.511192e+00 1.112737e-01
4.328761e+00 1.107055e-01
5.336699e+00 1.097843e-01
6.579332e+00 1.084461e-01
8.111308e+00 1.066328e-01
1.000000e+01 1.042970e-01
1.232847e+01 1.014079e-01
1.519911e+01 9.795561e-02
1.873817e+01 9.395472e-02
2.310130e+01 8.944543e-02
2.848036e+01 8.449249e-02
3.511192e+01 7.918179e-02
4.328761e+01 7.361494e-02
5.336699e+01 6.790263e-02
6.579332e+01 6.215738e-02
8.111308e+01 5.648670e-02
1.000000e+02 5.098727e-02
1.232847e+02 4.574065e-02
1.519911e+02 4.081072e-02
1.873817e+02 3.624286e-02
2.310130e+02 3.206452e-02
2.848036e+02 2.828697e-02
3.511192e+02 2.490777e-02
4.328761e+02 2.191351e-02
5.336699e+02 1.928270e-02
6.579332e+02 1.698837e-02
8.111308e+02 1.500034e-02
1.000000e+03 1.328712e-02
1.232847e+03 1.181728e-02
1.519911e+03 1.056050e-02
1.873817e+03 9.488121e-03
2.310130e+03 8.573498e-03
2.848036e+03 7.791999e-03
3.511192e+03 7.120860e-03
4.328761e+03 6.538881e-03
5.336699e+03 6.026059e-03
6.579332e+03 5.563232e-03
8.111308e+03 5.131834e-03
1.000000e+04 4.713931e-03
1.232847e+04 4.292740e-03
1.519911e+04 3.853877e-03
1.873817e+04 3.387524e-03
2.310130e+04 2.891403e-03
2.848036e+04 2.373828e-03
3.511192e+04 1.855226e-03
4.328761e+04 1.365928e-03
5.336699e+04 9.389020e-04
6.579332e+04 5.990838e-04
8.111308e+04 3.546490e-04
1.000000e+05 1.958651e-04
1.232847e+05 1.019981e-04
1.519911e+05 5.075484e-05
1.873817e+05 2.445182e-05
2.310130e+05 1.153097e-05
2.848036e+05 5.366290e-06
3.511192e+05 2.478054e-06
4.328761e+05 1.139347e-06
5.336699e+05 5.226115e-07
6.579332e+05 2.394232e-07
8.111308e+05 1.096174e-07
1.000000e+06 5.017135e-08
1.232847e+06 2.295961e-08
1.519911e+06 1.050608e-08
1.873817e+06 4.807299e-09
2.310130e+06 2.199653e-09
2.848036e+06 1.006477e-09
3.511192e+06 4.605236e-10
4.328761e+06 2.107168e-10
5.336699e+06 9.641538e-11
6.579332e+06 4.411571e-11
8.111308e+06 2.018553e-11
1.000000e+07 9.236070e-12
