1.000000e-02 1.107536e-02
1.232847e-02 1.169930e-02
1.519911e-02 1.235838e-02
1.873817e-02 1.305459e-02
2.310130e-02 1.379002e-02
2.848036e-02 1.456688e-02
3.511192e-02 1.538751e-02
4.328761e-02 1.625436e-02
5.336699e-02 1.717006e-02
6.579332e-02 1.813733e-02
8.111308e-02 1.915910e-02
1.000000e-01 2.023843e-02
1.232847e-01 2.137856e-02
1.519911e-01 2.258293e-02
1.873817e-01 2.385514e-02
2.310130e-01 2.519902e-02
2.848036e-01 2.661861e-02
3.511192e-01 2.811817e-02
4.328761e-01 2.970221e-02
5.336699e-01 3.137549e-02
6.579332e-01 3.314303e-02
8.111308e-01 3.501014e-02
1.000000e+00 3.698240e-02
1.232847e+00 3.906572e-02
1.519911e+00 4.126627e-02
1.873817e+00 4.359052e-02
2.310130e+00 4.604517e-02
2.848036e+00 4.863710e-02
3.511192e+00 5.137330e-02
4.328761e+00 5.426066e-02
5.336699e+00 5.730580e-02
6.579332e+00 6.051473e-02
8.111308e+00 6.389249e-02
1.000000e+01 6.744254e-02
1.232847e+01 7.116614e-02
1.519911e+01 7.506144e-02
1.873817e+01 7.912245e-02
2.310130e+01 8.333779e-02
2.848036e+01 8.768931e-02
3.511192e+01 9.215047e-02
4.328761e+01 9.668473e-02
5.336699e+01 1.012439e-01
6.579332e+01 1.057669e-01
8.111308e+01 1.101785e-01
1.000000e+02 1.143893e-01
1.232847e+02 1.182962e-01
1.519911e+02 1.217845e-01
1.873817e+02 1.247316e-01
2.310130e+02 1.270119e-01
2.848036e+02 1.285040e-01
3.511192e+02 1.290984e-01
4.328761e+02 1.287068e-01
5.336699e+02 1.272701e-01
6.579332e+02 1.247657e-01
8.111308e+02 1.212121e-01
1.000000e+03 1.166702e-01
1.232847e+03 1.112404e-01
1.519911e+03 1.050570e-01
1.873817e+03 9.827813e-02
2.310130e+03 9.107506e-02
2.848036e+03 8.362023e-02
3.511192e+03 7.607659e-02
4.328761e+03 6.858901e-02
5.336699e+03 6.127876e-02
6.579332e+03 5.424135e-02
8.111308e+03 4.754734e-02
1.000000e+04 4.124563e-02
1.232847e+04 3.536814e-02
1.519911e+04 2.993510e-02
1.873817e+04 2.495988e-02
2.310130e+04 2.045267e-02
2.848036e+04 1.642258e-02
3.511192e+04 1.287749e-02
4.328761e+04 9.822135e-03
5.336699e+04 7.254629e-03
6.579332e+04 5.162694e-03
8.111308e+04 3.520570e-03
1.000000e+05 2.287580e-03
1.232847e+05 1.408994e-03
1.519911e+05 8.195829e-04
1.873817e+05 4.497936e-04
2.310130e+05 2.335731e-04
2.848036e+05 1.155518e-04
3.511192e+05 5.498043e-05
4.328761e+05 2.541952e-05
5.336699e+05 1.152520e-05
6.579332e+05 5.161393e-06
8.111308e+05 2.294553e-06
1.000000e+06 1.015857e-06
1.232847e+06 4.487437e-07
1.519911e+06 1.979982e-07
1.873817e+06 8.731143e-08
2.310130e+06 3.849085e-08
2.848036e+06 1.696622e-08
3.511192e+06 7.478002e-09
4.328761e+06 3.295900e-09
5.336699e+06 1.452638e-09
6.579332e+06 6.402344e-10
8.111308e+06 2.821759e-10
1.000000e+07 1.243658e-10
