1.000000e-02 1.332190e-02
1.232847e-02 1.402795e-02
1.519911e-02 1.477142e-02
1.873817e-02 1.555429e-02
2.310130e-02 1.637865e-02
2.848036e-02 1.724671e-02
3.511192e-02 1.816077e-02
4.328761e-02 1.912327e-02
5.336699e-02 2.013679e-02
6.579332e-02 2.120402e-02
8.111308e-02 2.232782e-02
1.000000e-01 2.351117e-02
1.232847e-01 2.475725e-02
1.519911e-01 2.606936e-02
1.873817e-01 2.745101e-02
2.310130e-01 2.890589e-02
2.848036e-01 3.043788e-02
3.511192e-01 3.205106e-02
4.328761e-01 3.374974e-02
5.336699e-01 3.553844e-02
6.579332e-01 3.742192e-02
8.111308e-01 3.940520e-02
1.000000e+00 4.149352e-02
1.232847e+00 4.369236e-02
1.519911e+00 4.600744e-02
1.873817e+00 4.844467e-02
2.310130e+00 5.101009e-02
2.848036e+00 5.370979e-02
3.511192e+00 5.654980e-02
4.328761e+00 5.953589e-02
5.336699e+00 6.267330e-02
6.579332e+00 6.596647e-02
8.111308e+00 6.941853e-02
1.000000e+01 7.303077e-02
1.232847e+01 7.680192e-02
1.519911e+01 8.072729e-02
1.873817e+01 8.479772e-02
2.310130e+01 8.899837e-02
2.848036e+01 9.330733e-02
3.511192e+01 9.769411e-02
4.328761e+01 1.021181e-01
5.336699e+01 1.065270e-01
6.579332e+01 1.108556e-01
8.111308e+01 1.150248e-01
1.000000e+02 1.189414e-01
1.232847e+02 1.224991e-01
1.519911e+02 1.255798e-01
1.873817e+02 1.280581e-01
2.310130e+02 1.298053e-01
2.848036e+02 1.306969e-01
3.511192e+02 1.306201e-01
4.328761e+02 1.294829e-01
5.336699e+02 1.272219e-01
6.579332e+02 1.238109e-01
8.111308e+02 1.192653e-01
1.000000e+03 1.136456e-01
1.232847e+03 1.070564e-01
1.519911e+03 9.964206e-02
1.873817e+03 9.157944e-02
2.310130e+03 8.306797e-02
2.848036e+03 7.431833e-02
3.511192e+03 6.554107e-02
4.328761e+03 5.693610e-02
5.336699e+03 4.868389e-02
6.579332e+03 4.093886e-02
8.111308e+03 3.382475e-02
1.000000e+04 2.743165e-02
1.232847e+04 2.181448e-02
1.519911e+04 1.699292e-02
1.873817e+04 1.295310e-02
2.310130e+04 9.651625e-03
2.848036e+04 7.021727e-03
3.511192e+04 4.981063e-03
4.328761e+04 3.439898e-03
5.336699e+04 2.308462e-03
6.579332e+04 1.502548e-03
8.111308e+04 9.470212e-04
1.000000e+05 5.775263e-04
1.232847e+05 3.409732e-04
1.519911e+05 1.953446e-04
1.873817e+05 1.090166e-04
2.310130e+05 5.955243e-05
2.848036e+05 3.200486e-05
3.511192e+05 1.699945e-05
4.328761e+05 8.957357e-06
5.336699e+05 4.695322e-06
6.579332e+05 2.453229e-06
8.111308e+05 1.279254e-06
1.000000e+06 6.663052e-07
1.232847e+06 3.468181e-07
1.519911e+06 1.804548e-07
1.873817e+06 9.387416e-08
2.310130e+06 4.882874e-08
2.848036e+06 2.539683e-08
3.511192e+06 1.320901e-08
4.328761e+06 6.869970e-09
5.336699e+06 3.573027e-09
6.579332e+06 1.858303e-09
8.111308e+06 9.664879e-10
1.000000e+07 5.026622e-10
