1.000000e-02 5.696608e-02
1.232847e-02 5.835307e-02
1.519911e-02 5.977382e-02
1.873817e-02 6.122917e-02
2.310130e-02 6.271995e-02
2.848036e-02 6.424702e-02
3.511192e-02 6.581128e-02
4.328761e-02 6.741362e-02
5.336699e-02 6.905498e-02
6.579332e-02 7.073629e-02
8.111308e-02 7.245855e-02
1.000000e-01 7.422274e-02
1.232847e-01 7.602988e-02
1.519911e-01 7.788102e-02
1.873817e-01 7.977722e-02
2.310130e-01 8.171958e-02
2.848036e-01 8.370917e-02
3.511192e-01 8.574697e-02
4.328761e-01 8.783372e-02
5.336699e-01 8.996957e-02
6.579332e-01 9.215356e-02
8.111308e-01 9.438282e-02
1.000000e+00 9.665140e-02
1.232847e+00 9.894886e-02
1.519911e+00 1.012586e-01
1.873817e+00 1.035558e-01
2.310130e+00 1.058059e-01
2.848036e+00 1.079626e-01
3.511192e+00 1.099669e-01
4.328761e+00 1.117465e-01
5.336699e+00 1.132169e-01
6.579332e+00 1.142839e-01
8.111308e+00 1.148477e-01
1.000000e+01 1.148092e-01
1.232847e+01 1.140778e-01
1.519911e+01 1.125806e-01
1.873817e+01 1.102712e-01
2.310130e+01 1.071377e-01
2.848036e+01 1.032080e-01
3.511192e+01 9.855137e-02
4.328761e+01 9.327546e-02
5.336699e+01 8.751920e-02
6.579332e+01 8.144208e-02
8.111308e+01 7.521146e-02
1.000000e+02 6.898987e-02
1.232847e+02 6.292387e-02
1.519911e+02 5.713585e-02
1.873817e+02 5.171943e-02
2.310130e+02 4.673830e-02
2.848036e+02 4.222799e-02
3.511192e+02 3.819969e-02
4.328761e+02 3.464505e-02
5.336699e+02 3.154127e-02
6.579332e+02 2.885575e-02
8.111308e+02 2.654998e-02
1.000000e+03 2.458254e-02
1.232847e+03 2.291105e-02
1.519911e+03 2.149345e-02
1.873817e+03 2.028847e-02
2.310130e+03 1.925576e-02
2.848036e+03 1.835561e-02
3.511192e+03 1.754873e-02
4.328761e+03 1.679615e-02
5.336699e+03 1.605955e-02
6.579332e+03 1.530219e-02
8.111308e+03 1.449064e-02
1.000000e+04 1.359725e-02
1.232847e+04 1.260310e-02
1.519911e+04 1.150108e-02
1.873817e+04 1.029812e-02
2.310130e+04 9.016116e-03
2.848036e+04 7.690653e-03
3.511192e+04 6.367479e-03
4.328761e+04 5.097088e-03
5.336699e+04 3.928266e-03
6.579332e+04 2.901788e-03
8.111308e+04 2.045257e-03
1.000000e+05 1.369826e-03
1.232847e+05 8.693557e-04
1.519911e+05 5.225815e-04
1.873817e+05 2.983566e-04
2.310130e+05 1.627604e-04
2.848036e+05 8.554351e-05
3.511192e+05 4.370794e-05
4.328761e+05 2.189113e-05
5.336699e+05 1.082000e-05
6.579332e+05 5.303644e-06
8.111308e+05 2.586754e-06
1.000000e+06 1.258014e-06
1.232847e+06 6.108268e-07
1.519911e+06 2.963273e-07
1.873817e+06 1.436893e-07
2.310130e+06 6.965834e-08
2.848036e+06 3.376520e-08
3.511192e+06 1.636590e-08
4.328761e+06 7.932280e-09
5.336699e+06 3.844597e-09
6.579332e+06 1.863381e-09
8.111308e+06 9.031327e-10
1.000000e+07 4.377252e-10
