1.000000e-02 2.628462e-02
1.232847e-02 2.761223e-02
1.519911e-02 2.900689e-02
1.873817e-02 3.047199e-02
2.310130e-02 3.201110e-02
2.848036e-02 3.362794e-02
3.511192e-02 3.532645e-02
4.328761e-02 3.711074e-02
5.336699e-02 3.898516e-02
6.579332e-02 4.095426e-02
8.111308e-02 4.302281e-02
1.000000e-01 4.519584e-02
1.232847e-01 4.747863e-02
1.519911e-01 4.987672e-02
1.873817e-01 5.239594e-02
2.310130e-01 5.504239e-02
2.848036e-01 5.782250e-02
3.511192e-01 6.074298e-02
4.328761e-01 6.381082e-02
5.336699e-01 6.703319e-02
6.579332e-01 7.041731e-02
8.111308e-01 7.397010e-02
1.000000e+00 7.769770e-02
1.232847e+00 8.160475e-02
1.519911e+00 8.569321e-02
1.873817e+00 8.996088e-02
2.310130e+00 9.439938e-02
2.848036e+00 9.899161e-02
3.511192e+00 1.037087e-01
4.328761e+00 1.085064e-01
5.336699e+00 1.133213e-01
6.579332e+00 1.180671e-01
8.111308e+00 1.226315e-01
1.000000e+01 1.268739e-01
1.232847e+01 1.306263e-01
1.519911e+01 1.336966e-01
1.873817e+01 1.358767e-01
2.310130e+01 1.369555e-01
2.848036e+01 1.367365e-01
3.511192e+01 1.350590e-01
4.328761e+01 1.318202e-01
5.336699e+01 1.269944e-01
6.579332e+01 1.206446e-01
8.111308e+01 1.129257e-01
1.000000e+02 1.040739e-01
1.232847e+02 9.438836e-02
1.519911e+02 8.420436e-02
1.873817e+02 7.386592e-02
2.310130e+02 6.370014e-02
2.848036e+02 5.399701e-02
3.511192e+02 4.499501e-02
4.328761e+02 3.687207e-02
5.336699e+02 2.974110e-02
6.579332e+02 2.364976e-02
8.111308e+02 1.858496e-02
1.000000e+03 1.448230e-02
1.232847e+03 1.123991e-02
1.519911e+03 8.734552e-03
1.873817e+03 6.837188e-03
2.310130e+03 5.425534e-03
2.848036e+03 4.392186e-03
3.511192e+03 3.648261e-03
4.328761e+03 3.123436e-03
5.336699e+03 2.763518e-03
6.579332e+03 2.526470e-03
8.111308e+03 2.377319e-03
1.000000e+04 2.282071e-03
1.232847e+04 2.201271e-03
1.519911e+04 2.086114e-03
1.873817e+04 1.884289e-03
2.310130e+04 1.563978e-03
2.848036e+04 1.149056e-03
3.511192e+04 7.263399e-04
4.328761e+04 3.917382e-04
5.336699e+04 1.831646e-04
6.579332e+04 7.672911e-05
8.111308e+04 2.986385e-05
1.000000e+05 1.112629e-05
1.232847e+05 4.048673e-06
1.519911e+05 1.456005e-06
1.873817e+05 5.207362e-07
2.310130e+05 1.857830e-07
2.848036e+05 6.621225e-08
3.511192e+05 2.358754e-08
4.328761e+05 8.401392e-09
5.336699e+05 2.992197e-09
6.579332e+05 1.065658e-09
8.111308e+05 3.795254e-10
1.000000e+06 1.351644e-10
1.232847e+06 4.813748e-11
1.519911e+06 1.714368e-11
1.873817e+06 6.105547e-12
2.310130e+06 2.174429e-12
2.848036e+06 7.744007e-13
3.511192e+06 2.757949e-13
4.328761e+06 9.822157e-14
5.336699e+06 3.498061e-14
6.579332e+06 1.245799e-14
8.111308e+06 4.436787e-15
1.000000e+07 1.580116e-15
