1.000000e-02 1.254434e-02
1.232847e-02 1.317609e-02
1.519911e-02 1.383967e-02
1.873817e-02 1.453665e-02
2.310130e-02 1.526875e-02
2.848036e-02 1.603771e-02
3.511192e-02 1.684539e-02
4.328761e-02 1.769375e-02
5.336699e-02 1.858484e-02
6.579332e-02 1.952081e-02
8.111308e-02 2.050391e-02
1.000000e-01 2.153652e-02
1.232847e-01 2.262114e-02
1.519911e-01 2.376038e-02
1.873817e-01 2.495699e-02
2.310130e-01 2.621387e-02
2.848036e-01 2.753404e-02
3.511192e-01 2.892069e-02
4.328761e-01 3.037717e-02
5.336699e-01 3.190696e-02
6.579332e-01 3.351369e-02
8.111308e-01 3.520115e-02
1.000000e+00 3.697318e-02
1.232847e+00 3.883371e-02
1.519911e+00 4.078660e-02
1.873817e+00 4.283562e-02
2.310130e+00 4.498423e-02
2.848036e+00 4.723549e-02
3.511192e+00 4.959180e-02
4.328761e+00 5.205467e-02
5.336699e+00 5.462441e-02
6.579332e+00 5.729983e-02
8.111308e+00 6.007786e-02
1.000000e+01 6.295319e-02
1.232847e+01 6.591784e-02
1.519911e+01 6.896078e-02
1.873817e+01 7.206759e-02
2.310130e+01 7.522012e-02
2.848036e+01 7.839632e-02
3.511192e+01 8.157012e-02
4.328761e+01 8.471150e-02
5.336699e+01 8.778678e-02
6.579332e+01 9.075909e-02
8.111308e+01 9.358910e-02
1.000000e+02 9.623602e-02
1.232847e+02 9.865874e-02
1.519911e+02 1.008172e-01
1.873817e+02 1.026741e-01
2.310130e+02 1.041958e-01
2.848036e+02 1.053544e-01
3.511192e+02 1.061287e-01
4.328761e+02 1.065047e-01
5.336699e+02 1.064768e-01
6.579332e+02 1.060472e-01
8.111308e+02 1.052256e-01
1.000000e+03 1.040281e-01
1.232847e+03 1.024759e-01
1.519911e+03 1.005932e-01
1.873817e+03 9.840514e-02
2.310130e+03 9.593557e-02
2.848036e+03 9.320465e-02
3.511192e+03 9.022693e-02
4.328761e+03 8.700975e-02
5.336699e+03 8.355237e-02
6.579332e+03 7.984595e-02
8.111308e+03 7.587478e-02
1.000000e+04 7.161883e-02
1.232847e+04 6.705800e-02
1.519911e+04 6.217811e-02
1.873817e+04 5.697852e-02
2.310130e+04 5.148076e-02
2.848036e+04 4.573701e-02
3.511192e+04 3.983625e-02
4.328761e+04 3.390554e-02
5.336699e+04 2.810359e-02
6.579332e+04 2.260582e-02
8.111308e+04 1.758232e-02
1.000000e+05 1.317394e-02
1.232847e+05 9.472521e-03
1.519911e+05 6.510250e-03
1.873817e+05 4.260038e-03
2.310130e+05 2.645241e-03
2.848036e+05 1.555755e-03
3.511192e+05 8.672240e-04
4.328761e+05 4.599856e-04
5.336699e+05 2.337893e-04
6.579332e+05 1.148761e-04
8.111308e+05 5.506894e-05
1.000000e+06 2.595985e-05
1.232847e+06 1.210798e-05
1.519911e+06 5.611345e-06
1.873817e+06 2.591075e-06
2.310130e+06 1.194070e-06
2.848036e+06 5.497029e-07
3.511192e+06 2.529297e-07
4.328761e+06 1.163492e-07
5.336699e+06 5.351546e-08
6.579332e+06 2.461365e-08
8.111308e+06 1.132053e-08
1.000000e+07 5.206630e-09
