1.000000e-02 1.449131e-02
1.232847e-02 1.521007e-02
1.519911e-02 1.596448e-02
1.873817e-02 1.675631e-02
2.310130e-02 1.758741e-02
2.848036e-02 1.845974e-02
3.511192e-02 1.937533e-02
4.328761e-02 2.033633e-02
5.336699e-02 2.134500e-02
6.579332e-02 2.240370e-02
8.111308e-02 2.351491e-02
1.000000e-01 2.468123e-02
1.232847e-01 2.590540e-02
1.519911e-01 2.719029e-02
1.873817e-01 2.853891e-02
2.310130e-01 2.995443e-02
2.848036e-01 3.144014e-02
3.511192e-01 3.299955e-02
4.328761e-01 3.463628e-02
5.336699e-01 3.635415e-02
6.579332e-01 3.815713e-02
8.111308e-01 4.004932e-02
1.000000e+00 4.203493e-02
1.232847e+00 4.411821e-02
1.519911e+00 4.630338e-02
1.873817e+00 4.859451e-02
2.310130e+00 5.099539e-02
2.848036e+00 5.350930e-02
3.511192e+00 5.613884e-02
4.328761e+00 5.888560e-02
5.336699e+00 6.174991e-02
6.579332e+00 6.473040e-02
8.111308e+00 6.782365e-02
1.000000e+01 7.102374e-02
1.232847e+01 7.432180e-02
1.519911e+01 7.770556e-02
1.873817e+01 8.115888e-02
2.310130e+01 8.466134e-02
2.848036e+01 8.818790e-02
3.511192e+01 9.170865e-02
4.328761e+01 9.518868e-02
5.336699e+01 9.858811e-02
6.579332e+01 1.018623e-01
8.111308e+01 1.049624e-01
1.000000e+02 1.078359e-01
1.232847e+02 1.104277e-01
1.519911e+02 1.126810e-01
1.873817e+02 1.145390e-01
2.310130e+02 1.159464e-01
2.848036e+02 1.168510e-01
3.511192e+02 1.172053e-01
4.328761e+02 1.169686e-01
5.336699e+02 1.161081e-01
6.579332e+02 1.146007e-01
8.111308e+02 1.124341e-01
1.000000e+03 1.096075e-01
1.232847e+03 1.061317e-01
1.519911e+03 1.020296e-01
1.873817e+03 9.733564e-02
2.310130e+03 9.209534e-02
2.848036e+03 8.636527e-02
3.511192e+03 8.021304e-02
4.328761e+03 7.371772e-02
5.336699e+03 6.697036e-02
6.579332e+03 6.007422e-02
8.111308e+03 5.314397e-02
1.000000e+04 4.630323e-02
1.232847e+04 3.967968e-02
1.519911e+04 3.339801e-02
1.873817e+04 2.757114e-02
2.310130e+04 2.229146e-02
2.848036e+04 1.762376e-02
3.511192e+04 1.360148e-02
4.328761e+04 1.022670e-02
5.336699e+04 7.473670e-03
6.579332e+04 5.294505e-03
8.111308e+04 3.625646e-03
1.000000e+05 2.393821e-03
1.232847e+05 1.521226e-03
1.519911e+05 9.302946e-04
1.873817e+05 5.485281e-04
2.310130e+05 3.130788e-04
2.848036e+05 1.739217e-04
3.511192e+05 9.460377e-05
4.328761e+05 5.067343e-05
5.336699e+05 2.685565e-05
6.579332e+05 1.413364e-05
8.111308e+05 7.405527e-06
1.000000e+06 3.869821e-06
1.232847e+06 2.019001e-06
1.519911e+06 1.052411e-06
1.873817e+06 5.482908e-07
2.310130e+06 2.855712e-07
2.848036e+06 1.487141e-07
3.511192e+06 7.743833e-08
4.328761e+06 4.032207e-08
5.336699e+06 2.099528e-08
6.579332e+06 1.093194e-08
8.111308e+06 5.692093e-09
1.000000e+07 2.963783e-09
