1.000000e-02 7.775329e-03
1.232847e-02 8.209966e-03
1.519911e-02 8.668899e-03
1.873817e-02 9.153485e-03
2.310130e-02 9.665161e-03
2.848036e-02 1.020544e-02
3.511192e-02 1.077592e-02
4.328761e-02 1.137828e-02
5.336699e-02 1.201432e-02
6.579332e-02 1.268592e-02
8.111308e-02 1.339506e-02
1.000000e-01 1.414383e-02
1.232847e-01 1.493447e-02
1.519911e-01 1.576929e-02
1.873817e-01 1.665079e-02
2.310130e-01 1.758156e-02
2.848036e-01 1.856436e-02
3.511192e-01 1.960210e-02
4.328761e-01 2.069784e-02
5.336699e-01 2.185484e-02
6.579332e-01 2.307650e-02
8.111308e-01 2.436643e-02
1.000000e+00 2.572843e-02
1.232847e+00 2.716648e-02
1.519911e+00 2.868479e-02
1.873817e+00 3.028773e-02
2.310130e+00 3.197987e-02
2.848036e+00 3.376595e-02
3.511192e+00 3.565086e-02
4.328761e+00 3.763960e-02
5.336699e+00 3.973724e-02
6.579332e+00 4.194883e-02
8.111308e+00 4.427935e-02
1.000000e+01 4.673355e-02
1.232847e+01 4.931585e-02
1.519911e+01 5.203013e-02
1.873817e+01 5.487949e-02
2.310130e+01 5.786606e-02
2.848036e+01 6.099056e-02
3.511192e+01 6.425204e-02
4.328761e+01 6.764734e-02
5.336699e+01 7.117067e-02
6.579332e+01 7.481304e-02
8.111308e+01 7.856167e-02
1.000000e+02 8.239939e-02
1.232847e+02 8.630404e-02
1.519911e+02 9.024792e-02
1.873817e+02 9.419729e-02
2.310130e+02 9.811207e-02
2.848036e+02 1.019457e-01
3.511192e+02 1.056453e-01
4.328761e+02 1.091519e-01
5.336699e+02 1.124019e-01
6.579332e+02 1.153274e-01
8.111308e+02 1.178587e-01
1.000000e+03 1.199257e-01
1.232847e+03 1.214602e-01
1.519911e+03 1.223987e-01
1.873817e+03 1.226841e-01
2.310130e+03 1.222683e-01
2.848036e+03 1.211141e-01
3.511192e+03 1.191965e-01
4.328761e+03 1.165040e-01
5.336699e+03 1.130395e-01
6.579332e+03 1.088205e-01
8.111308e+03 1.038796e-01
1.000000e+04 9.826485e-02
1.232847e+04 9.204062e-02
1.519911e+04 8.528835e-02
1.873817e+04 7.810763e-02
2.310130e+04 7.061664e-02
2.848036e+04 6.295131e-02
3.511192e+04 5.526222e-02
4.328761e+04 4.770886e-02
5.336699e+04 4.045102e-02
6.579332e+04 3.363823e-02
8.111308e+04 2.739851e-02
1.000000e+05 2.182850e-02
1.232847e+05 1.698689e-02
1.519911e+05 1.289240e-02
1.873817e+05 9.526640e-03
2.310130e+05 6.840685e-03
2.848036e+05 4.763550e-03
3.511192e+05 3.210797e-03
4.328761e+05 2.092092e-03
5.336699e+05 1.317532e-03
6.579332e+05 8.030953e-04
8.111308e+05 4.752777e-04
1.000000e+06 2.743067e-04
1.232847e+06 1.551880e-04
1.519911e+06 8.649759e-05
1.873817e+06 4.770804e-05
2.310130e+06 2.613039e-05
2.848036e+06 1.424917e-05
3.511192e+06 7.749898e-06
4.328761e+06 4.208899e-06
5.336699e+06 2.284109e-06
6.579332e+06 1.239139e-06
8.111308e+06 6.721588e-07
1.000000e+07 3.645981e-07
