1.000000e-02 9.165876e-03
1.232847e-02 9.646180e-03
1.519911e-02 1.015165e-02
1.873817e-02 1.068361e-02
2.310130e-02 1.124345e-02
2.848036e-02 1.183262e-02
3.511192e-02 1.245267e-02
4.328761e-02 1.310520e-02
5.336699e-02 1.379193e-02
6.579332e-02 1.451465e-02
8.111308e-02 1.527524e-02
1.000000e-01 1.607568e-02
1.232847e-01 1.691807e-02
1.519911e-01 1.780460e-02
1.873817e-01 1.873759e-02
2.310130e-01 1.971946e-02
2.848036e-01 2.075279e-02
3.511192e-01 2.184027e-02
4.328761e-01 2.298474e-02
5.336699e-01 2.418920e-02
6.579332e-01 2.545683e-02
8.111308e-01 2.679100e-02
1.000000e+00 2.819531e-02
1.232847e+00 2.967363e-02
1.519911e+00 3.123018e-02
1.873817e+00 3.286957e-02
2.310130e+00 3.459693e-02
2.848036e+00 3.641803e-02
3.511192e+00 3.833937e-02
4.328761e+00 4.036840e-02
5.336699e+00 4.251366e-02
6.579332e+00 4.478497e-02
8.111308e+00 4.719360e-02
1.000000e+01 4.975240e-02
1.232847e+01 5.247593e-02
1.519911e+01 5.538044e-02
1.873817e+01 5.848375e-02
2.310130e+01 6.180486e-02
2.848036e+01 6.536333e-02
3.511192e+01 6.917818e-02
4.328761e+01 7.326618e-02
5.336699e+01 7.763951e-02
6.579332e+01 8.230231e-02
8.111308e+01 8.724621e-02
1.000000e+02 9.244453e-02
1.232847e+02 9.784521e-02
1.519911e+02 1.033629e-01
1.873817e+02 1.088706e-01
2.310130e+02 1.141931e-01
2.848036e+02 1.191034e-01
3.511192e+02 1.233264e-01
4.328761e+02 1.265520e-01
5.336699e+02 1.284619e-01
6.579332e+02 1.287686e-01
8.111308e+02 1.272651e-01
1.000000e+03 1.238739e-01
1.232847e+03 1.186842e-01
1.519911e+03 1.119637e-01
1.873817e+03 1.041357e-01
2.310130e+03 9.572533e-02
2.848036e+03 8.728895e-02
3.511192e+03 7.934483e-02
4.328761e+03 7.232576e-02
5.336699e+03 6.656234e-02
6.579332e+03 6.229692e-02
8.111308e+03 5.971959e-02
1.000000e+04 5.901383e-02
1.232847e+04 6.039562e-02
1.519911e+04 6.411909e-02
1.873817e+04 7.038866e-02
2.310130e+04 7.904976e-02
2.848036e+04 8.885398e-02
3.511192e+04 9.625493e-02
4.328761e+04 9.480814e-02
5.336699e+04 7.848423e-02
6.579332e+04 5.016121e-02
8.111308e+04 2.343154e-02
1.000000e+05 8.115626e-03
1.232847e+05 2.252709e-03
1.519911e+05 5.490711e-04
1.873817e+05 1.256359e-04
2.310130e+05 2.799760e-05
2.848036e+05 6.178265e-06
3.511192e+05 1.358863e-06
4.328761e+05 2.985637e-07
5.336699e+05 6.557943e-08
6.579332e+05 1.440330e-08
8.111308e+05 3.163346e-09
1.000000e+06 6.947505e-10
1.232847e+06 1.525845e-10
1.519911e+06 3.351135e-11
1.873817e+06 7.359924e-12
2.310130e+06 1.616422e-12
2.848036e+06 3.550064e-13
3.511192e+06 7.796820e-14
4.328761e+06 1.712375e-14
5.336699e+06 3.760801e-15
6.579332e+06 8.259652e-16
8.111308e+06 1.814024e-16
1.000000e+07 3.984048e-17
