1.000000e-02 8.717724e-03
1.232847e-02 9.139780e-03
1.519911e-02 9.582270e-03
1.873817e-02 1.004618e-02
2.310130e-02 1.053255e-02
2.848036e-02 1.104247e-02
3.511192e-02 1.157708e-02
4.328761e-02 1.213757e-02
5.336699e-02 1.272519e-02
6.579332e-02 1.334127e-02
8.111308e-02 1.398716e-02
1.000000e-01 1.466433e-02
1.232847e-01 1.537429e-02
1.519911e-01 1.611861e-02
1.873817e-01 1.689897e-02
2.310130e-01 1.771711e-02
2.848036e-01 1.857486e-02
3.511192e-01 1.947414e-02
4.328761e-01 2.041695e-02
5.336699e-01 2.140541e-02
6.579332e-01 2.244171e-02
8.111308e-01 2.352818e-02
1.000000e+00 2.466723e-02
1.232847e+00 2.586140e-02
1.519911e+00 2.711335e-02
1.873817e+00 2.842586e-02
2.310130e+00 2.980187e-02
2.848036e+00 3.124445e-02
3.511192e+00 3.275689e-02
4.328761e+00 3.434266e-02
5.336699e+00 3.600551e-02
6.579332e+00 3.774949e-02
8.111308e+00 3.957902e-02
1.000000e+01 4.149900e-02
1.232847e+01 4.351490e-02
1.519911e+01 4.563288e-02
1.873817e+01 4.785991e-02
2.310130e+01 5.020399e-02
2.848036e+01 5.267423e-02
3.511192e+01 5.528112e-02
4.328761e+01 5.803667e-02
5.336699e+01 6.095456e-02
6.579332e+01 6.405031e-02
8.111308e+01 6.734140e-02
1.000000e+02 7.084718e-02
1.232847e+02 7.458884e-02
1.519911e+02 7.858903e-02
1.873817e+02 8.287129e-02
2.310130e+02 8.745906e-02
2.848036e+02 9.237416e-02
3.511192e+02 9.763461e-02
4.328761e+02 1.032515e-01
5.336699e+02 1.092245e-01
6.579332e+02 1.155363e-01
8.111308e+02 1.221445e-01
1.000000e+03 1.289725e-01
1.232847e+03 1.358974e-01
1.519911e+03 1.427372e-01
1.873817e+03 1.492373e-01
2.310130e+03 1.550597e-01
2.848036e+03 1.597781e-01
3.511192e+03 1.628858e-01
4.328761e+03 1.638230e-01
5.336699e+03 1.620302e-01
6.579332e+03 1.570332e-01
8.111308e+03 1.485513e-01
1.000000e+04 1.366121e-01
1.232847e+04 1.216358e-01
1.519911e+04 1.044482e-01
1.873817e+04 8.619137e-02
2.310130e+04 6.813826e-02
2.848036e+04 5.146035e-02
3.511192e+04 3.702659e-02
4.328761e+04 2.529959e-02
5.336699e+04 1.634685e-02
6.579332e+04 9.933723e-03
8.111308e+04 5.643127e-03
1.000000e+05 2.982082e-03
1.232847e+05 1.464151e-03
1.519911e+05 6.710174e-04
1.873817e+05 2.900912e-04
2.310130e+05 1.199648e-04
2.848036e+05 4.812384e-05
3.511192e+05 1.894221e-05
4.328761e+05 7.375195e-06
5.336699e+05 2.854873e-06
6.579332e+05 1.101852e-06
8.111308e+05 4.246652e-07
1.000000e+06 1.635636e-07
1.232847e+06 6.297968e-08
1.519911e+06 2.424707e-08
1.873817e+06 9.334581e-09
2.310130e+06 3.593525e-09
2.848036e+06 1.383384e-09
3.511192e+06 5.325532e-10
4.328761e+06 2.050136e-10
5.336699e+06 7.892275e-11
6.579332e+06 3.038237e-11
8.111308e+06 1.169610e-11
1.000000e+07 4.502570e-12
