1.000000e-02 6.302147e-03
1.232847e-02 6.652541e-03
1.519911e-02 7.022418e-03
1.873817e-02 7.412859e-03
2.310130e-02 7.825009e-03
2.848036e-02 8.260074e-03
3.511192e-02 8.719328e-03
4.328761e-02 9.204117e-03
5.336699e-02 9.715859e-03
6.579332e-02 1.025605e-02
8.111308e-02 1.082628e-02
1.000000e-01 1.142822e-02
1.232847e-01 1.206362e-02
1.519911e-01 1.273435e-02
1.873817e-01 1.344237e-02
2.310130e-01 1.418975e-02
2.848036e-01 1.497869e-02
3.511192e-01 1.581150e-02
4.328761e-01 1.669060e-02
5.336699e-01 1.761859e-02
6.579332e-01 1.859816e-02
8.111308e-01 1.963218e-02
1.000000e+00 2.072368e-02
1.232847e+00 2.187582e-02
1.519911e+00 2.309194e-02
1.873817e+00 2.437557e-02
2.310130e+00 2.573036e-02
2.848036e+00 2.716018e-02
3.511192e+00 2.866903e-02
4.328761e+00 3.026112e-02
5.336699e+00 3.194077e-02
6.579332e+00 3.371249e-02
8.111308e+00 3.558091e-02
1.000000e+01 3.755078e-02
1.232847e+01 3.962693e-02
1.519911e+01 4.181428e-02
1.873817e+01 4.411775e-02
2.310130e+01 4.654225e-02
2.848036e+01 4.909258e-02
3.511192e+01 5.177341e-02
4.328761e+01 5.458911e-02
5.336699e+01 5.754371e-02
6.579332e+01 6.064074e-02
8.111308e+01 6.388304e-02
1.000000e+02 6.727261e-02
1.232847e+02 7.081035e-02
1.519911e+02 7.449579e-02
1.873817e+02 7.832676e-02
2.310130e+02 8.229901e-02
2.848036e+02 8.640574e-02
3.511192e+02 9.063698e-02
4.328761e+02 9.497893e-02
5.336699e+02 9.941307e-02
6.579332e+02 1.039151e-01
8.111308e+02 1.084534e-01
1.000000e+03 1.129877e-01
1.232847e+03 1.174666e-01
1.519911e+03 1.218254e-01
1.873817e+03 1.259827e-01
2.310130e+03 1.298375e-01
2.848036e+03 1.332661e-01
3.511192e+03 1.361189e-01
4.328761e+03 1.382195e-01
5.336699e+03 1.393660e-01
6.579332e+03 1.393375e-01
8.111308e+03 1.379062e-01
1.000000e+04 1.348597e-01
1.232847e+04 1.300317e-01
1.519911e+04 1.233408e-01
1.873817e+04 1.148303e-01
2.310130e+04 1.046992e-01
2.848036e+04 9.331074e-02
3.511192e+04 8.116830e-02
4.328761e+04 6.885657e-02
5.336699e+04 5.695924e-02
6.579332e+04 4.597513e-02
8.111308e+04 3.625619e-02
1.000000e+05 2.798250e-02
1.232847e+05 2.117508e-02
1.519911e+05 1.573498e-02
1.873817e+05 1.149195e-02
2.310130e+05 8.248559e-03
2.848036e+05 5.811895e-03
3.511192e+05 4.011259e-03
4.328761e+05 2.704374e-03
5.336699e+05 1.776167e-03
6.579332e+05 1.134200e-03
8.111308e+05 7.038802e-04
1.000000e+06 4.251460e-04
1.232847e+06 2.507128e-04
1.519911e+06 1.449655e-04
1.873817e+06 8.256573e-05
2.310130e+06 4.651973e-05
2.848036e+06 2.602070e-05
3.511192e+06 1.448827e-05
4.328761e+06 8.045552e-06
5.336699e+06 4.461480e-06
6.579332e+06 2.472387e-06
8.111308e+06 1.369780e-06
1.000000e+07 7.588665e-07
