1.000000e-02 1.898136e-02
1.232847e-02 2.013441e-02
1.519911e-02 2.135751e-02
1.873817e-02 2.265490e-02
2.310130e-02 2.403110e-02
2.848036e-02 2.549090e-02
3.511192e-02 2.703938e-02
4.328761e-02 2.868192e-02
5.336699e-02 3.042424e-02
6.579332e-02 3.227241e-02
8.111308e-02 3.423284e-02
1.000000e-01 3.631236e-02
1.232847e-01 3.851820e-02
1.519911e-01 4.085804e-02
1.873817e-01 4.334002e-02
2.310130e-01 4.597276e-02
2.848036e-01 4.876544e-02
3.511192e-01 5.172774e-02
4.328761e-01 5.486993e-02
5.336699e-01 5.820284e-02
6.579332e-01 6.173779e-02
8.111308e-01 6.548649e-02
1.000000e+00 6.946071e-02
1.232847e+00 7.367189e-02
1.519911e+00 7.813024e-02
1.873817e+00 8.284361e-02
2.310130e+00 8.781561e-02
2.848036e+00 9.304309e-02
3.511192e+00 9.851269e-02
4.328761e+00 1.041964e-01
5.336699e+00 1.100458e-01
6.579332e+00 1.159862e-01
8.111308e+00 1.219089e-01
1.000000e+01 1.276655e-01
1.232847e+01 1.330625e-01
1.519911e+01 1.378602e-01
1.873817e+01 1.417781e-01
2.310130e+01 1.445076e-01
2.848036e+01 1.457368e-01
3.511192e+01 1.451834e-01
4.328761e+01 1.426361e-01
5.336699e+01 1.379961e-01
6.579332e+01 1.313093e-01
8.111308e+01 1.227807e-01
1.000000e+02 1.127624e-01
1.232847e+02 1.017163e-01
1.519911e+02 9.015752e-02
1.873817e+02 7.859075e-02
2.310130e+02 6.745510e-02
2.848036e+02 5.708667e-02
3.511192e+02 4.770402e-02
4.328761e+02 3.941385e-02
5.336699e+02 3.223066e-02
6.579332e+02 2.610255e-02
8.111308e+02 2.093695e-02
1.000000e+03 1.662225e-02
1.232847e+03 1.304372e-02
1.519911e+03 1.009378e-02
1.873817e+03 7.677563e-03
2.310130e+03 5.714889e-03
2.848036e+03 4.139943e-03
3.511192e+03 2.899176e-03
4.328761e+03 1.947928e-03
5.336699e+03 1.246139e-03
6.579332e+03 7.541425e-04
8.111308e+03 4.302318e-04
1.000000e+04 2.315866e-04
1.232847e+04 1.182996e-04
1.519911e+04 5.788713e-05
1.873817e+04 2.742711e-05
2.310130e+04 1.270920e-05
2.848036e+04 5.805797e-06
3.511192e+04 2.629508e-06
4.328761e+04 1.185101e-06
5.336699e+04 5.326842e-07
6.579332e+04 2.390944e-07
8.111308e+04 1.072393e-07
1.000000e+05 4.808188e-08
1.232847e+05 2.155419e-08
1.519911e+05 9.661510e-09
1.873817e+05 4.330526e-09
2.310130e+05 1.941011e-09
2.848036e+05 8.699842e-10
3.511192e+05 3.899357e-10
4.328761e+05 1.747728e-10
5.336699e+05 7.833472e-11
6.579332e+05 3.511030e-11
8.111308e+05 1.573674e-11
1.000000e+06 7.053342e-12
1.232847e+06 3.161368e-12
1.519911e+06 1.416952e-12
1.873817e+06 6.350901e-13
2.310130e+06 2.846528e-13
2.848036e+06 1.275838e-13
3.511192e+06 5.718416e-14
4.328761e+06 2.563043e-14
5.336699e+06 1.148778e-14
6.579332e+06 5.148920e-15
8.111308e+06 2.307790e-15
1.000000e+07 1.034371e-15
