1.000000e-02 3.698643e-03
1.232847e-02 3.931013e-03
1.519911e-02 4.177981e-03
1.873817e-02 4.440466e-03
2.310130e-02 4.719441e-03
2.848036e-02 5.015943e-03
3.511192e-02 5.331073e-03
4.328761e-02 5.666002e-03
5.336699e-02 6.021972e-03
6.579332e-02 6.400306e-03
8.111308e-02 6.802410e-03
1.000000e-01 7.229776e-03
1.232847e-01 7.683991e-03
1.519911e-01 8.166743e-03
1.873817e-01 8.679824e-03
2.310130e-01 9.225140e-03
2.848036e-01 9.804716e-03
3.511192e-01 1.042070e-02
4.328761e-01 1.107539e-02
5.336699e-01 1.177121e-02
6.579332e-01 1.251073e-02
8.111308e-01 1.329671e-02
1.000000e+00 1.413204e-02
1.232847e+00 1.501981e-02
1.519911e+00 1.596327e-02
1.873817e+00 1.696587e-02
2.310130e+00 1.803123e-02
2.848036e+00 1.916316e-02
3.511192e+00 2.036563e-02
4.328761e+00 2.164279e-02
5.336699e+00 2.299892e-02
6.579332e+00 2.443841e-02
8.111308e+00 2.596575e-02
1.000000e+01 2.758540e-02
1.232847e+01 2.930179e-02
1.519911e+01 3.111922e-02
1.873817e+01 3.304168e-02
2.310130e+01 3.507281e-02
2.848036e+01 3.721563e-02
3.511192e+01 3.947244e-02
4.328761e+01 4.184450e-02
5.336699e+01 4.433187e-02
6.579332e+01 4.693311e-02
8.111308e+01 4.964504e-02
1.000000e+02 5.246252e-02
1.232847e+02 5.537829e-02
1.519911e+02 5.838290e-02
1.873817e+02 6.146480e-02
2.310130e+02 6.461068e-02
2.848036e+02 6.780599e-02
3.511192e+02 7.103590e-02
4.328761e+02 7.428655e-02
5.336699e+02 7.754683e-02
6.579332e+02 8.081042e-02
8.111308e+02 8.407841e-02
1.000000e+03 8.736208e-02
1.232847e+03 9.068603e-02
1.519911e+03 9.409130e-02
1.873817e+03 9.763849e-02
2.310130e+03 1.014106e-01
2.848036e+03 1.055155e-01
3.511192e+03 1.100872e-01
4.328761e+03 1.152858e-01
5.336699e+03 1.212945e-01
6.579332e+03 1.283094e-01
8.111308e+03 1.365194e-01
1.000000e+04 1.460624e-01
1.232847e+04 1.569460e-01
1.519911e+04 1.689073e-01
1.873817e+04 1.811921e-01
2.310130e+04 1.922534e-01
2.848036e+04 1.994574e-01
3.511192e+04 1.990658e-01
4.328761e+04 1.870058e-01
5.336699e+04 1.609053e-01
6.579332e+04 1.228905e-01
8.111308e+04 8.071004e-02
1.000000e+05 4.442868e-02
1.232847e+05 2.026736e-02
1.519911e+05 7.737547e-03
1.873817e+05 2.550426e-03
2.310130e+05 7.575464e-04
2.848036e+05 2.111722e-04
3.511192e+05 5.691284e-05
4.328761e+05 1.509632e-05
5.336699e+05 3.977280e-06
6.579332e+05 1.045078e-06
8.111308e+05 2.743411e-07
1.000000e+06 7.199279e-08
1.232847e+06 1.889035e-08
1.519911e+06 4.956512e-09
1.873817e+06 1.300492e-09
2.310130e+06 3.412229e-10
2.848036e+06 8.952991e-11
3.511192e+06 2.349081e-11
4.328761e+06 6.163506e-12
5.336699e+06 1.617177e-12
6.579332e+06 4.243141e-13
8.111308e+06 1.113313e-13
1.000000e+07 2.921104e-14
