1.000000e-02 6.060534e-03
1.232847e-02 6.414643e-03
1.519911e-02 6.789443e-03
1.873817e-02 7.186142e-03
2.310130e-02 7.606019e-03
2.848036e-02 8.050429e-03
3.511192e-02 8.520806e-03
4.328761e-02 9.018666e-03
5.336699e-02 9.545615e-03
6.579332e-02 1.010335e-02
8.111308e-02 1.069368e-02
1.000000e-01 1.131850e-02
1.232847e-01 1.197982e-02
1.519911e-01 1.267979e-02
1.873817e-01 1.342065e-02
2.310130e-01 1.420481e-02
2.848036e-01 1.503478e-02
3.511192e-01 1.591324e-02
4.328761e-01 1.684303e-02
5.336699e-01 1.782715e-02
6.579332e-01 1.886876e-02
8.111308e-01 1.997124e-02
1.000000e+00 2.113813e-02
1.232847e+00 2.237320e-02
1.519911e+00 2.368041e-02
1.873817e+00 2.506398e-02
2.310130e+00 2.652834e-02
2.848036e+00 2.807817e-02
3.511192e+00 2.971839e-02
4.328761e+00 3.145415e-02
5.336699e+00 3.329085e-02
6.579332e+00 3.523407e-02
8.111308e+00 3.728959e-02
1.000000e+01 3.946327e-02
1.232847e+01 4.176101e-02
1.519911e+01 4.418862e-02
1.873817e+01 4.675167e-02
2.310130e+01 4.945527e-02
2.848036e+01 5.230384e-02
3.511192e+01 5.530075e-02
4.328761e+01 5.844799e-02
5.336699e+01 6.174565e-02
6.579332e+01 6.519143e-02
8.111308e+01 6.878005e-02
1.000000e+02 7.250266e-02
1.232847e+02 7.634618e-02
1.519911e+02 8.029279e-02
1.873817e+02 8.431946e-02
2.310130e+02 8.839768e-02
2.848036e+02 9.249354e-02
3.511192e+02 9.656812e-02
4.328761e+02 1.005784e-01
5.336699e+02 1.044785e-01
6.579332e+02 1.082221e-01
8.111308e+02 1.117639e-01
1.000000e+03 1.150630e-01
1.232847e+03 1.180850e-01
1.519911e+03 1.208042e-01
1.873817e+03 1.232043e-01
2.310130e+03 1.252781e-01
2.848036e+03 1.270246e-01
3.511192e+03 1.284431e-01
4.328761e+03 1.295244e-01
5.336699e+03 1.302372e-01
6.579332e+03 1.305118e-01
8.111308e+03 1.302201e-01
1.000000e+04 1.291541e-01
1.232847e+04 1.270105e-01
1.519911e+04 1.233880e-01
1.873817e+04 1.178180e-01
2.310130e+04 1.098471e-01
2.848036e+04 9.918737e-02
3.511192e+04 8.591821e-02
4.328761e+04 7.066636e-02
5.336699e+04 5.463459e-02
6.579332e+04 3.936762e-02
8.111308e+04 2.628988e-02
1.000000e+05 1.624582e-02
1.232847e+05 9.317377e-03
1.519911e+05 4.995083e-03
1.873817e+05 2.528663e-03
2.310130e+05 1.222820e-03
2.848036e+05 5.713786e-04
3.511192e+05 2.605937e-04
4.328761e+05 1.169511e-04
5.336699e+05 5.195663e-05
6.579332e+05 2.294284e-05
8.111308e+05 1.009610e-05
1.000000e+06 4.434460e-06
1.232847e+06 1.945789e-06
1.519911e+06 8.533561e-07
1.873817e+06 3.741584e-07
2.310130e+06 1.640317e-07
2.848036e+06 7.190770e-08
3.511192e+06 3.152184e-08
4.328761e+06 1.381792e-08
5.336699e+06 6.057195e-09
6.579332e+06 2.655215e-09
8.111308e+06 1.163932e-09
1.000000e+07 5.102179e-10
