1.000000e-02 7.198342e-03
1.232847e-02 7.613880e-03
1.519911e-02 8.053407e-03
1.873817e-02 8.518307e-03
2.310130e-02 9.010043e-03
2.848036e-02 9.530167e-03
3.511192e-02 1.008031e-02
4.328761e-02 1.066222e-02
5.336699e-02 1.127772e-02
6.579332e-02 1.192875e-02
8.111308e-02 1.261736e-02
1.000000e-01 1.334572e-02
1.232847e-01 1.411613e-02
1.519911e-01 1.493102e-02
1.873817e-01 1.579294e-02
2.310130e-01 1.670462e-02
2.848036e-01 1.766893e-02
3.511192e-01 1.868890e-02
4.328761e-01 1.976775e-02
5.336699e-01 2.090887e-02
6.579332e-01 2.211584e-02
8.111308e-01 2.339243e-02
1.000000e+00 2.474262e-02
1.232847e+00 2.617055e-02
1.519911e+00 2.768055e-02
1.873817e+00 2.927710e-02
2.310130e+00 3.096481e-02
2.848036e+00 3.274835e-02
3.511192e+00 3.463238e-02
4.328761e+00 3.662150e-02
5.336699e+00 3.872011e-02
6.579332e+00 4.093229e-02
8.111308e+00 4.326162e-02
1.000000e+01 4.571103e-02
1.232847e+01 4.828254e-02
1.519911e+01 5.097704e-02
1.873817e+01 5.379403e-02
2.310130e+01 5.673135e-02
2.848036e+01 5.978488e-02
3.511192e+01 6.294830e-02
4.328761e+01 6.621285e-02
5.336699e+01 6.956716e-02
6.579332e+01 7.299711e-02
8.111308e+01 7.648588e-02
1.000000e+02 8.001403e-02
1.232847e+02 8.355971e-02
1.519911e+02 8.709911e-02
1.873817e+02 9.060689e-02
2.310130e+02 9.405679e-02
2.848036e+02 9.742230e-02
3.511192e+02 1.006772e-01
4.328761e+02 1.037962e-01
5.336699e+02 1.067552e-01
6.579332e+02 1.095310e-01
8.111308e+02 1.121015e-01
1.000000e+03 1.144444e-01
1.232847e+03 1.165356e-01
1.519911e+03 1.183478e-01
1.873817e+03 1.198471e-01
2.310130e+03 1.209907e-01
2.848036e+03 1.217234e-01
3.511192e+03 1.219745e-01
4.328761e+03 1.216559e-01
5.336699e+03 1.206615e-01
6.579332e+03 1.188691e-01
8.111308e+03 1.161467e-01
1.000000e+04 1.123635e-01
1.232847e+04 1.074072e-01
1.519911e+04 1.012064e-01
1.873817e+04 9.375789e-02
2.310130e+04 8.515169e-02
2.848036e+04 7.558927e-02
3.511192e+04 6.538513e-02
4.328761e+04 5.494627e-02
5.336699e+04 4.472820e-02
6.579332e+04 3.517453e-02
8.111308e+04 2.665421e-02
1.000000e+05 1.941362e-02
1.232847e+05 1.355577e-02
1.519911e+05 9.049001e-03
1.873817e+05 5.757717e-03
2.310130e+05 3.482478e-03
2.848036e+05 1.998879e-03
3.511192e+05 1.089301e-03
4.328761e+05 5.655668e-04
5.336699e+05 2.815925e-04
6.579332e+05 1.355964e-04
8.111308e+05 6.371161e-05
1.000000e+06 2.944029e-05
1.232847e+06 1.346063e-05
1.519911e+06 6.115618e-06
1.873817e+06 2.768577e-06
2.310130e+06 1.250920e-06
2.848036e+06 5.646311e-07
3.511192e+06 2.547317e-07
4.328761e+06 1.148944e-07
5.336699e+06 5.181666e-08
6.579332e+06 2.336805e-08
8.111308e+06 1.053829e-08
1.000000e+07 4.752442e-09
