1.000000e-02 4.967217e-03
1.232847e-02 5.264206e-03
1.519911e-02 5.578952e-03
1.873817e-02 5.912517e-03
2.310130e-02 6.266026e-03
2.848036e-02 6.640670e-03
3.511192e-02 7.037715e-03
4.328761e-02 7.458499e-03
5.336699e-02 7.904441e-03
6.579332e-02 8.377047e-03
8.111308e-02 8.877909e-03
1.000000e-01 9.408718e-03
1.232847e-01 9.971264e-03
1.519911e-01 1.056744e-02
1.873817e-01 1.119927e-02
2.310130e-01 1.186887e-02
2.848036e-01 1.257851e-02
3.511192e-01 1.333058e-02
4.328761e-01 1.412761e-02
5.336699e-01 1.497230e-02
6.579332e-01 1.586749e-02
8.111308e-01 1.681621e-02
1.000000e+00 1.782166e-02
1.232847e+00 1.888724e-02
1.519911e+00 2.001654e-02
1.873817e+00 2.121339e-02
2.310130e+00 2.248185e-02
2.848036e+00 2.382620e-02
3.511192e+00 2.525101e-02
4.328761e+00 2.676110e-02
5.336699e+00 2.836158e-02
6.579332e+00 3.005783e-02
8.111308e+00 3.185550e-02
1.000000e+01 3.376050e-02
1.232847e+01 3.577897e-02
1.519911e+01 3.791719e-02
1.873817e+01 4.018153e-02
2.310130e+01 4.257830e-02
2.848036e+01 4.511359e-02
3.511192e+01 4.779306e-02
4.328761e+01 5.062161e-02
5.336699e+01 5.360306e-02
6.579332e+01 5.673969e-02
8.111308e+01 6.003174e-02
1.000000e+02 6.347682e-02
1.232847e+02 6.706926e-02
1.519911e+02 7.079946e-02
1.873817e+02 7.465330e-02
2.310130e+02 7.861154e-02
2.848036e+02 8.264949e-02
3.511192e+02 8.673700e-02
4.328761e+02 9.083876e-02
5.336699e+02 9.491521e-02
6.579332e+02 9.892404e-02
8.111308e+02 1.028224e-01
1.000000e+03 1.065696e-01
1.232847e+03 1.101306e-01
1.519911e+03 1.134790e-01
1.873817e+03 1.166008e-01
2.310130e+03 1.194964e-01
2.848036e+03 1.221816e-01
3.511192e+03 1.246865e-01
4.328761e+03 1.270512e-01
5.336699e+03 1.293176e-01
6.579332e+03 1.315164e-01
8.111308e+03 1.336475e-01
1.000000e+04 1.356533e-01
1.232847e+04 1.373808e-01
1.519911e+04 1.385365e-01
1.873817e+04 1.386358e-01
2.310130e+04 1.369678e-01
2.848036e+04 1.326106e-01
3.511192e+04 1.245605e-01
4.328761e+04 1.120383e-01
5.336699e+04 9.497334e-02
6.579332e+04 7.449183e-02
8.111308e+04 5.302003e-02
1.000000e+05 3.362946e-02
1.232847e+05 1.875980e-02
1.519911e+05 9.169290e-03
1.873817e+05 3.962563e-03
2.310130e+05 1.546488e-03
2.848036e+05 5.602845e-04
3.511192e+05 1.934732e-04
4.328761e+05 6.498292e-05
5.336699e+05 2.151167e-05
6.579332e+05 7.071436e-06
8.111308e+05 2.317243e-06
1.000000e+06 7.583214e-07
1.232847e+06 2.480270e-07
1.519911e+06 8.110590e-08
1.873817e+06 2.651986e-08
2.310130e+06 8.671164e-09
2.848036e+06 2.835169e-09
3.511192e+06 9.269981e-10
4.328761e+06 3.030946e-10
5.336699e+06 9.910086e-11
6.579332e+06 3.240235e-11
8.111308e+06 1.059438e-11
1.000000e+07 3.463976e-12
