1.000000e-02 1.213713e-02
1.232847e-02 1.274688e-02
1.519911e-02 1.338727e-02
1.873817e-02 1.405983e-02
2.310130e-02 1.476618e-02
2.848036e-02 1.550801e-02
3.511192e-02 1.628711e-02
4.328761e-02 1.710536e-02
5.336699e-02 1.796471e-02
6.579332e-02 1.886723e-02
8.111308e-02 1.981510e-02
1.000000e-01 2.081059e-02
1.232847e-01 2.185608e-02
1.519911e-01 2.295411e-02
1.873817e-01 2.410729e-02
2.310130e-01 2.531841e-02
2.848036e-01 2.659038e-02
3.511192e-01 2.792624e-02
4.328761e-01 2.932923e-02
5.336699e-01 3.080269e-02
6.579332e-01 3.235020e-02
8.111308e-01 3.397547e-02
1.000000e+00 3.568243e-02
1.232847e+00 3.747522e-02
1.519911e+00 3.935819e-02
1.873817e+00 4.133596e-02
2.310130e+00 4.341337e-02
2.848036e+00 4.559558e-02
3.511192e+00 4.788798e-02
4.328761e+00 5.029628e-02
5.336699e+00 5.282644e-02
6.579332e+00 5.548467e-02
8.111308e+00 5.827731e-02
1.000000e+01 6.121078e-02
1.232847e+01 6.429137e-02
1.519911e+01 6.752498e-02
1.873817e+01 7.091681e-02
2.310130e+01 7.447083e-02
2.848036e+01 7.818919e-02
3.511192e+01 8.207139e-02
4.328761e+01 8.611326e-02
5.336699e+01 9.030572e-02
6.579332e+01 9.463328e-02
8.111308e+01 9.907233e-02
1.000000e+02 1.035892e-01
1.232847e+02 1.081383e-01
1.519911e+02 1.126597e-01
1.873817e+02 1.170779e-01
2.310130e+02 1.213001e-01
2.848036e+02 1.252159e-01
3.511192e+02 1.286979e-01
4.328761e+02 1.316043e-01
5.336699e+02 1.337827e-01
6.579332e+02 1.350765e-01
8.111308e+02 1.353337e-01
1.000000e+03 1.344160e-01
1.232847e+03 1.322107e-01
1.519911e+03 1.286410e-01
1.873817e+03 1.236767e-01
2.310130e+03 1.173417e-01
2.848036e+03 1.097205e-01
3.511192e+03 1.009604e-01
4.328761e+03 9.127112e-02
5.336699e+03 8.091942e-02
6.579332e+03 7.021902e-02
8.111308e+03 5.951361e-02
1.000000e+04 4.915329e-02
1.232847e+04 3.946559e-02
1.519911e+04 3.072547e-02
1.873817e+04 2.313011e-02
2.310130e+04 1.678404e-02
2.848036e+04 1.169768e-02
3.511192e+04 7.798592e-03
4.328761e+04 4.951354e-03
5.336699e+04 2.981083e-03
6.579332e+04 1.696752e-03
8.111308e+04 9.123973e-04
1.000000e+05 4.649012e-04
1.232847e+05 2.259801e-04
1.519911e+05 1.057718e-04
1.873817e+05 4.815233e-05
2.310130e+05 2.151339e-05
2.848036e+05 9.498841e-06
3.511192e+05 4.164891e-06
4.328761e+05 1.819038e-06
5.336699e+05 7.928173e-07
6.579332e+05 3.451733e-07
8.111308e+05 1.501993e-07
1.000000e+06 6.534085e-08
1.232847e+06 2.842153e-08
1.519911e+06 1.236189e-08
1.873817e+06 5.376634e-09
2.310130e+06 2.338465e-09
2.848036e+06 1.017065e-09
3.511192e+06 4.423496e-10
4.328761e+06 1.923898e-10
5.336699e+06 8.367551e-11
6.579332e+06 3.639273e-11
8.111308e+06 1.582817e-11
1.000000e+07 6.884097e-12
