1.000000e-02 2.267802e-02
1.232847e-02 2.358161e-02
1.519911e-02 2.452119e-02
1.873817e-02 2.549821e-02
2.310130e-02 2.651416e-02
2.848036e-02 2.757060e-02
3.511192e-02 2.866912e-02
4.328761e-02 2.981141e-02
5.336699e-02 3.099922e-02
6.579332e-02 3.223435e-02
8.111308e-02 3.351870e-02
1.000000e-01 3.485422e-02
1.232847e-01 3.624295e-02
1.519911e-01 3.768701e-02
1.873817e-01 3.918861e-02
2.310130e-01 4.075004e-02
2.848036e-01 4.237368e-02
3.511192e-01 4.406198e-02
4.328761e-01 4.581749e-02
5.336699e-01 4.764275e-02
6.579332e-01 4.954031e-02
8.111308e-01 5.151255e-02
1.000000e+00 5.356161e-02
1.232847e+00 5.568909e-02
1.519911e+00 5.789585e-02
1.873817e+00 6.018163e-02
2.310130e+00 6.254470e-02
2.848036e+00 6.498140e-02
3.511192e+00 6.748571e-02
4.328761e+00 7.004881e-02
5.336699e+00 7.265865e-02
6.579332e+00 7.529965e-02
8.111308e+00 7.795254e-02
1.000000e+01 8.059428e-02
1.232847e+01 8.319834e-02
1.519911e+01 8.573511e-02
1.873817e+01 8.817268e-02
2.310130e+01 9.047786e-02
2.848036e+01 9.261737e-02
3.511192e+01 9.455930e-02
4.328761e+01 9.627457e-02
5.336699e+01 9.773831e-02
6.579332e+01 9.893108e-02
8.111308e+01 9.983973e-02
1.000000e+02 1.004578e-01
1.232847e+02 1.007856e-01
1.519911e+02 1.008293e-01
1.873817e+02 1.006001e-01
2.310130e+02 1.001122e-01
2.848036e+02 9.938167e-02
3.511192e+02 9.842381e-02
4.328761e+02 9.725143e-02
5.336699e+02 9.587294e-02
6.579332e+02 9.429080e-02
8.111308e+02 9.250032e-02
1.000000e+03 9.048915e-02
1.232847e+03 8.823722e-02
1.519911e+03 8.571753e-02
1.873817e+03 8.289771e-02
2.310130e+03 7.974245e-02
2.848036e+03 7.621693e-02
3.511192e+03 7.229139e-02
4.328761e+03 6.794674e-02
5.336699e+03 6.318106e-02
6.579332e+03 5.801647e-02
8.111308e+03 5.250518e-02
1.000000e+04 4.673339e-02
1.232847e+04 4.082089e-02
1.519911e+04 3.491523e-02
1.873817e+04 2.917964e-02
2.310130e+04 2.377651e-02
2.848036e+04 1.884917e-02
3.511192e+04 1.450631e-02
4.328761e+04 1.081210e-02
5.336699e+04 7.783838e-03
6.579332e+04 5.396291e-03
8.111308e+04 3.590771e-03
1.000000e+05 2.286030e-03
1.232847e+05 1.389079e-03
1.519911e+05 8.050392e-04
1.873817e+05 4.458207e-04
2.310130e+05 2.370223e-04
2.848036e+05 1.218127e-04
3.511192e+05 6.099091e-05
4.328761e+05 2.997339e-05
5.336699e+05 1.454737e-05
6.579332e+05 7.005011e-06
8.111308e+05 3.357179e-06
1.000000e+06 1.604551e-06
1.232847e+06 7.657241e-07
1.519911e+06 3.651192e-07
1.873817e+06 1.740242e-07
2.310130e+06 8.292553e-08
2.848036e+06 3.951107e-08
3.511192e+06 1.882461e-08
4.328761e+06 8.968546e-09
5.336699e+06 4.272808e-09
6.579332e+06 2.035649e-09
8.111308e+06 9.698214e-10
1.000000e+07 4.620410e-10
