1.000000e-02 8.088403e-03
1.232847e-02 8.532968e-03
1.519911e-02 9.001968e-03
1.873817e-02 9.496745e-03
2.310130e-02 1.001872e-02
2.848036e-02 1.056938e-02
3.511192e-02 1.115030e-02
4.328761e-02 1.176316e-02
5.336699e-02 1.240970e-02
6.579332e-02 1.309178e-02
8.111308e-02 1.381135e-02
1.000000e-01 1.457046e-02
1.232847e-01 1.537130e-02
1.519911e-01 1.621616e-02
1.873817e-01 1.710745e-02
2.310130e-01 1.804773e-02
2.848036e-01 1.903969e-02
3.511192e-01 2.008618e-02
4.328761e-01 2.119018e-02
5.336699e-01 2.235486e-02
6.579332e-01 2.358357e-02
8.111308e-01 2.487983e-02
1.000000e+00 2.624737e-02
1.232847e+00 2.769014e-02
1.519911e+00 2.921232e-02
1.873817e+00 3.081835e-02
2.310130e+00 3.251293e-02
2.848036e+00 3.430108e-02
3.511192e+00 3.618812e-02
4.328761e+00 3.817972e-02
5.336699e+00 4.028190e-02
6.579332e+00 4.250105e-02
8.111308e+00 4.484388e-02
1.000000e+01 4.731747e-02
1.232847e+01 4.992912e-02
1.519911e+01 5.268633e-02
1.873817e+01 5.559660e-02
2.310130e+01 5.866725e-02
2.848036e+01 6.190513e-02
3.511192e+01 6.531619e-02
4.328761e+01 6.890501e-02
5.336699e+01 7.267414e-02
6.579332e+01 7.662331e-02
8.111308e+01 8.074841e-02
1.000000e+02 8.504045e-02
1.232847e+02 8.948413e-02
1.519911e+02 9.405648e-02
1.873817e+02 9.872531e-02
2.310130e+02 1.034476e-01
2.848036e+02 1.081682e-01
3.511192e+02 1.128185e-01
4.328761e+02 1.173161e-01
5.336699e+02 1.215642e-01
6.579332e+02 1.254534e-01
8.111308e+02 1.288633e-01
1.000000e+03 1.316656e-01
1.232847e+03 1.337294e-01
1.519911e+03 1.349264e-01
1.873817e+03 1.351380e-01
2.310130e+03 1.342618e-01
2.848036e+03 1.322193e-01
3.511192e+03 1.289617e-01
4.328761e+03 1.244755e-01
5.336699e+03 1.187862e-01
6.579332e+03 1.119613e-01
8.111308e+03 1.041119e-01
1.000000e+04 9.539337e-02
1.232847e+04 8.600414e-02
1.519911e+04 7.618164e-02
1.873817e+04 6.619395e-02
2.310130e+04 5.632585e-02
2.848036e+04 4.685959e-02
3.511192e+04 3.805223e-02
4.328761e+04 3.011330e-02
5.336699e+04 2.318710e-02
6.579332e+04 1.734364e-02
8.111308e+04 1.257990e-02
1.000000e+05 8.830764e-03
1.232847e+05 5.985973e-03
1.519911e+05 3.909007e-03
1.873817e+05 2.454049e-03
2.310130e+05 1.479305e-03
2.848036e+05 8.565816e-04
3.511192e+05 4.776702e-04
4.328761e+05 2.577298e-04
5.336699e+05 1.353708e-04
6.579332e+05 6.966635e-05
8.111308e+05 3.533700e-05
1.000000e+06 1.775133e-05
1.232847e+06 8.862698e-06
1.519911e+06 4.408456e-06
1.873817e+06 2.188106e-06
2.310130e+06 1.084736e-06
2.848036e+06 5.373973e-07
3.511192e+06 2.661454e-07
4.328761e+06 1.317860e-07
5.336699e+06 6.525080e-08
6.579332e+06 3.230639e-08
8.111308e+06 1.599509e-08
1.000000e+07 7.919250e-09
