1.000000e-02 8.053649e-02
1.232847e-02 8.169349e-02
1.519911e-02 8.286710e-02
1.873817e-02 8.405758e-02
2.310130e-02 8.526516e-02
2.848036e-02 8.649008e-02
3.511192e-02 8.773261e-02
4.328761e-02 8.899298e-02
5.336699e-02 9.027146e-02
6.579332e-02 9.156831e-02
8.111308e-02 9.288379e-02
1.000000e-01 9.421817e-02
1.232847e-01 9.557172e-02
1.519911e-01 9.694471e-02
1.873817e-01 9.833742e-02
2.310130e-01 9.975011e-02
2.848036e-01 1.011830e-01
3.511192e-01 1.026360e-01
4.328761e-01 1.041087e-01
5.336699e-01 1.055996e-01
6.579332e-01 1.071053e-01
8.111308e-01 1.086194e-01
1.000000e+00 1.101308e-01
1.232847e+00 1.116216e-01
1.519911e+00 1.130656e-01
1.873817e+00 1.144258e-01
2.310130e+00 1.156532e-01
2.848036e+00 1.166859e-01
3.511192e+00 1.174492e-01
4.328761e+00 1.178579e-01
5.336699e+00 1.178196e-01
6.579332e+00 1.172403e-01
8.111308e+00 1.160316e-01
1.000000e+01 1.141191e-01
1.232847e+01 1.114509e-01
1.519911e+01 1.080054e-01
1.873817e+01 1.037968e-01
2.310130e+01 9.887668e-02
2.848036e+01 9.333263e-02
3.511192e+01 8.728179e-02
4.328761e+01 8.086216e-02
5.336699e+01 7.422187e-02
6.579332e+01 6.750859e-02
8.111308e+01 6.086029e-02
1.000000e+02 5.439851e-02
1.232847e+02 4.822439e-02
1.519911e+02 4.241716e-02
1.873817e+02 3.703468e-02
2.310130e+02 3.211508e-02
2.848036e+02 2.767895e-02
3.511192e+02 2.373166e-02
4.328761e+02 2.026555e-02
5.336699e+02 1.726207e-02
6.579332e+02 1.469389e-02
8.111308e+02 1.252716e-02
1.000000e+03 1.072383e-02
1.232847e+03 9.243983e-03
1.519911e+03 8.048025e-03
1.873817e+03 7.098465e-03
2.310130e+03 6.361225e-03
2.848036e+03 5.806301e-03
3.511192e+03 5.407696e-03
4.328761e+03 5.142460e-03
5.336699e+03 4.988551e-03
6.579332e+03 4.921075e-03
8.111308e+03 4.906480e-03
1.000000e+04 4.895055e-03
1.232847e+04 4.814671e-03
1.519911e+04 4.574063e-03
1.873817e+04 4.089290e-03
2.310130e+04 3.339494e-03
2.848036e+04 2.420989e-03
3.511192e+04 1.528047e-03
4.328761e+04 8.375667e-04
5.336699e+04 4.052709e-04
6.579332e+04 1.781565e-04
8.111308e+04 7.338199e-05
1.000000e+05 2.905059e-05
1.232847e+05 1.124912e-05
1.519911e+05 4.306273e-06
1.873817e+05 1.639259e-06
2.310130e+05 6.223816e-07
2.848036e+05 2.360236e-07
3.511192e+05 8.946070e-08
4.328761e+05 3.390119e-08
5.336699e+05 1.284572e-08
6.579332e+05 4.867278e-09
8.111308e+05 1.844197e-09
1.000000e+06 6.987567e-10
1.232847e+06 2.647547e-10
1.519911e+06 1.003139e-10
1.873817e+06 3.800826e-11
2.310130e+06 1.440108e-11
2.848036e+06 5.456474e-12
3.511192e+06 2.067422e-12
4.328761e+06 7.833324e-13
5.336699e+06 2.967995e-13
6.579332e+06 1.124554e-13
8.111308e+06 4.260859e-14
1.000000e+07 1.614411e-14
