1.000000e-02 1.483900e-02
1.232847e-02 1.547831e-02
1.519911e-02 1.614518e-02
1.873817e-02 1.684077e-02
2.310130e-02 1.756633e-02
2.848036e-02 1.832315e-02
3.511192e-02 1.911258e-02
4.328761e-02 1.993602e-02
5.336699e-02 2.079493e-02
6.579332e-02 2.169086e-02
8.111308e-02 2.262538e-02
1.000000e-01 2.360016e-02
1.232847e-01 2.461694e-02
1.519911e-01 2.567753e-02
1.873817e-01 2.678381e-02
2.310130e-01 2.793775e-02
2.848036e-01 2.914142e-02
3.511192e-01 3.039694e-02
4.328761e-01 3.170658e-02
5.336699e-01 3.307268e-02
6.579332e-01 3.449775e-02
8.111308e-01 3.598446e-02
1.000000e+00 3.753569e-02
1.232847e+00 3.915465e-02
1.519911e+00 4.084491e-02
1.873817e+00 4.261064e-02
2.310130e+00 4.445666e-02
2.848036e+00 4.638878e-02
3.511192e+00 4.841397e-02
4.328761e+00 5.054072e-02
5.336699e+00 5.277934e-02
6.579332e+00 5.514240e-02
8.111308e+00 5.764512e-02
1.000000e+01 6.030576e-02
1.232847e+01 6.314613e-02
1.519911e+01 6.619186e-02
1.873817e+01 6.947280e-02
2.310130e+01 7.302309e-02
2.848036e+01 7.688106e-02
3.511192e+01 8.108873e-02
4.328761e+01 8.569066e-02
5.336699e+01 9.073196e-02
6.579332e+01 9.625490e-02
8.111308e+01 1.022938e-01
1.000000e+02 1.088673e-01
1.232847e+02 1.159676e-01
1.519911e+02 1.235454e-01
1.873817e+02 1.314913e-01
2.310130e+02 1.396128e-01
2.848036e+02 1.476099e-01
3.511192e+02 1.550542e-01
4.328761e+02 1.613793e-01
5.336699e+02 1.658943e-01
6.579332e+02 1.678360e-01
8.111308e+02 1.664686e-01
1.000000e+03 1.612309e-01
1.232847e+03 1.519061e-01
1.519911e+03 1.387630e-01
1.873817e+03 1.226034e-01
2.310130e+03 1.046653e-01
2.848036e+03 8.638940e-02
3.511192e+03 6.912023e-02
4.328761e+03 5.385391e-02
5.336699e+03 4.111754e-02
6.579332e+03 3.099645e-02
8.111308e+03 2.326041e-02
1.000000e+04 1.751623e-02
1.232847e+04 1.333259e-02
1.519911e+04 1.031616e-02
1.873817e+04 8.143965e-03
2.310130e+04 6.567018e-03
2.848036e+04 5.400145e-03
3.511192e+04 4.507807e-03
4.328761e+04 3.791485e-03
5.336699e+04 3.180931e-03
6.579332e+04 2.629669e-03
8.111308e+04 2.113487e-03
1.000000e+05 1.629126e-03
1.232847e+05 1.189743e-03
1.519911e+05 8.155601e-04
1.873817e+05 5.222095e-04
2.310130e+05 3.124951e-04
2.848036e+05 1.757906e-04
3.511192e+05 9.388483e-05
4.328761e+05 4.816530e-05
5.336699e+05 2.400734e-05
6.579332e+05 1.173695e-05
8.111308e+05 5.668408e-06
1.000000e+06 2.717568e-06
1.232847e+06 1.297378e-06
1.519911e+06 6.179246e-07
1.873817e+06 2.939395e-07
2.310130e+06 1.397317e-07
2.848036e+06 6.640295e-08
3.511192e+06 3.155067e-08
4.328761e+06 1.498981e-08
5.336699e+06 7.121460e-09
6.579332e+06 3.383265e-09
8.111308e+06 1.607316e-09
1.000000e+07 7.636001e-10
