1.000000e-02 1.135523e-02
1.232847e-02 1.194015e-02
1.519911e-02 1.255519e-02
1.873817e-02 1.320192e-02
2.310130e-02 1.388196e-02
2.848036e-02 1.459702e-02
3.511192e-02 1.534892e-02
4.328761e-02 1.613955e-02
5.336699e-02 1.697091e-02
6.579332e-02 1.784509e-02
8.111308e-02 1.876430e-02
1.000000e-01 1.973086e-02
1.232847e-01 2.074721e-02
1.519911e-01 2.181591e-02
1.873817e-01 2.293966e-02
2.310130e-01 2.412129e-02
2.848036e-01 2.536379e-02
3.511192e-01 2.667030e-02
4.328761e-01 2.804411e-02
5.336699e-01 2.948871e-02
6.579332e-01 3.100776e-02
8.111308e-01 3.260515e-02
1.000000e+00 3.428502e-02
1.232847e+00 3.605176e-02
1.519911e+00 3.791012e-02
1.873817e+00 3.986519e-02
2.310130e+00 4.192256e-02
2.848036e+00 4.408828e-02
3.511192e+00 4.636906e-02
4.328761e+00 4.877225e-02
5.336699e+00 5.130598e-02
6.579332e+00 5.397919e-02
8.111308e+00 5.680166e-02
1.000000e+01 5.978403e-02
1.232847e+01 6.293766e-02
1.519911e+01 6.627450e-02
1.873817e+01 6.980676e-02
2.310130e+01 7.354640e-02
2.848036e+01 7.750444e-02
3.511192e+01 8.168996e-02
4.328761e+01 8.610877e-02
5.336699e+01 9.076162e-02
6.579332e+01 9.564201e-02
8.111308e+01 1.007334e-01
1.000000e+02 1.060061e-01
1.232847e+02 1.114134e-01
1.519911e+02 1.168873e-01
1.873817e+02 1.223353e-01
2.310130e+02 1.276358e-01
2.848036e+02 1.326364e-01
3.511192e+02 1.371531e-01
4.328761e+02 1.409731e-01
5.336699e+02 1.438616e-01
6.579332e+02 1.455736e-01
8.111308e+02 1.458700e-01
1.000000e+03 1.445389e-01
1.232847e+03 1.414185e-01
1.519911e+03 1.364205e-01
1.873817e+03 1.295496e-01
2.310130e+03 1.209162e-01
2.848036e+03 1.107400e-01
3.511192e+03 9.934196e-02
4.328761e+03 8.712617e-02
5.336699e+03 7.455219e-02
6.579332e+03 6.210021e-02
8.111308e+03 5.023189e-02
1.000000e+04 3.935050e-02
1.232847e+04 2.976543e-02
1.519911e+04 2.166757e-02
1.873817e+04 1.512078e-02
2.310130e+04 1.007109e-02
2.848036e+04 6.370147e-03
3.511192e+04 3.806722e-03
4.328761e+04 2.139698e-03
5.336699e+04 1.128671e-03
6.579332e+04 5.595557e-04
8.111308e+04 2.623135e-04
1.000000e+05 1.174377e-04
1.232847e+05 5.079840e-05
1.519911e+05 2.146355e-05
1.873817e+05 8.936322e-06
2.310130e+05 3.688801e-06
2.848036e+05 1.515533e-06
3.511192e+05 6.211269e-07
4.328761e+05 2.542520e-07
5.336699e+05 1.040143e-07
6.579332e+05 4.254048e-08
8.111308e+05 1.739632e-08
1.000000e+06 7.113581e-09
1.232847e+06 2.908764e-09
1.519911e+06 1.189390e-09
1.873817e+06 4.863375e-10
2.310130e+06 1.988614e-10
2.848036e+06 8.131355e-11
3.511192e+06 3.324874e-11
4.328761e+06 1.359526e-11
5.336699e+06 5.559038e-12
6.579332e+06 2.273065e-12
8.111308e+06 9.294458e-13
1.000000e+07 3.800461e-13
