1.000000e-02 1.955973e-02
1.232847e-02 2.054547e-02
1.519911e-02 2.158090e-02
1.873817e-02 2.266850e-02
2.310130e-02 2.381092e-02
2.848036e-02 2.501091e-02
3.511192e-02 2.627137e-02
4.328761e-02 2.759536e-02
5.336699e-02 2.898608e-02
6.579332e-02 3.044688e-02
8.111308e-02 3.198130e-02
1.000000e-01 3.359305e-02
1.232847e-01 3.528603e-02
1.519911e-01 3.706433e-02
1.873817e-01 3.893224e-02
2.310130e-01 4.089430e-02
2.848036e-01 4.295523e-02
3.511192e-01 4.512002e-02
4.328761e-01 4.739386e-02
5.336699e-01 4.978220e-02
6.579332e-01 5.229066e-02
8.111308e-01 5.492501e-02
1.000000e+00 5.769102e-02
1.232847e+00 6.059433e-02
1.519911e+00 6.364020e-02
1.873817e+00 6.683310e-02
2.310130e+00 7.017629e-02
2.848036e+00 7.367117e-02
3.511192e+00 7.731649e-02
4.328761e+00 8.110734e-02
5.336699e+00 8.503403e-02
6.579332e+00 8.908072e-02
8.111308e+00 9.322386e-02
1.000000e+01 9.743063e-02
1.232847e+01 1.016572e-01
1.519911e+01 1.058475e-01
1.873817e+01 1.099315e-01
2.310130e+01 1.138250e-01
2.848036e+01 1.174300e-01
3.511192e+01 1.206354e-01
4.328761e+01 1.233208e-01
5.336699e+01 1.253602e-01
6.579332e+01 1.266288e-01
8.111308e+01 1.270109e-01
1.000000e+02 1.264084e-01
1.232847e+02 1.247507e-01
1.519911e+02 1.220025e-01
1.873817e+02 1.181708e-01
2.310130e+02 1.133079e-01
2.848036e+02 1.075118e-01
3.511192e+02 1.009211e-01
4.328761e+02 9.370735e-02
5.336699e+02 8.606388e-02
6.579332e+02 7.819281e-02
8.111308e+02 7.029221e-02
1.000000e+03 6.254431e-02
1.232847e+03 5.510612e-02
1.519911e+03 4.810331e-02
1.873817e+03 4.162738e-02
2.310130e+03 3.573592e-02
2.848036e+03 3.045542e-02
3.511192e+03 2.578576e-02
4.328761e+03 2.170560e-02
5.336699e+03 1.817806e-02
6.579332e+03 1.515600e-02
8.111308e+03 1.258672e-02
1.000000e+04 1.041579e-02
1.232847e+04 8.589985e-03
1.519911e+04 7.059359e-03
1.873817e+04 5.778581e-03
2.310130e+04 4.707622e-03
2.848036e+04 3.811981e-03
3.511192e+04 3.062573e-03
4.328761e+04 2.435414e-03
5.336699e+04 1.911174e-03
6.579332e+04 1.474622e-03
8.111308e+04 1.113974e-03
1.000000e+05 8.201000e-04
1.232847e+05 5.856148e-04
1.519911e+05 4.039002e-04
1.873817e+05 2.682469e-04
2.310130e+05 1.713617e-04
2.848036e+05 1.054323e-04
3.511192e+05 6.270395e-05
4.328761e+05 3.624041e-05
5.336699e+05 2.047839e-05
6.579332e+05 1.137979e-05
8.111308e+05 6.249896e-06
1.000000e+06 3.405626e-06
1.232847e+06 1.846409e-06
1.519911e+06 9.979293e-07
1.873817e+06 5.383398e-07
2.310130e+06 2.900941e-07
2.848036e+06 1.562262e-07
3.511192e+06 8.410535e-08
4.328761e+06 4.527080e-08
5.336699e+06 2.436557e-08
6.579332e+06 1.311352e-08
8.111308e+06 7.057599e-09
1.000000e+07 3.798338e-09
