1.000000e-02 3.648978e-02
1.232847e-02 3.788123e-02
1.519911e-02 3.932574e-02
1.873817e-02 4.082533e-02
2.310130e-02 4.238211e-02
2.848036e-02 4.399824e-02
3.511192e-02 4.567601e-02
4.328761e-02 4.741775e-02
5.336699e-02 4.922591e-02
6.579332e-02 5.110302e-02
8.111308e-02 5.305171e-02
1.000000e-01 5.507471e-02
1.232847e-01 5.717485e-02
1.519911e-01 5.935507e-02
1.873817e-01 6.161843e-02
2.310130e-01 6.396809e-02
2.848036e-01 6.640733e-02
3.511192e-01 6.893951e-02
4.328761e-01 7.156802e-02
5.336699e-01 7.429615e-02
6.579332e-01 7.712690e-02
8.111308e-01 8.006258e-02
1.000000e+00 8.310429e-02
1.232847e+00 8.625118e-02
1.519911e+00 8.949944e-02
1.873817e+00 9.284106e-02
2.310130e+00 9.626239e-02
2.848036e+00 9.974239e-02
3.511192e+00 1.032509e-01
4.328761e+00 1.067468e-01
5.336699e+00 1.101764e-01
6.579332e+00 1.134721e-01
8.111308e+00 1.165517e-01
1.000000e+01 1.193192e-01
1.232847e+01 1.216660e-01
1.519911e+01 1.234745e-01
1.873817e+01 1.246234e-01
2.310130e+01 1.249943e-01
2.848036e+01 1.244800e-01
3.511192e+01 1.229942e-01
4.328761e+01 1.204802e-01
5.336699e+01 1.169191e-01
6.579332e+01 1.123353e-01
8.111308e+01 1.067986e-01
1.000000e+02 1.004220e-01
1.232847e+02 9.335624e-02
1.519911e+02 8.578026e-02
1.873817e+02 7.788916e-02
2.310130e+02 6.988158e-02
2.848036e+02 6.194729e-02
3.511192e+02 5.425673e-02
4.328761e+02 4.695325e-02
5.336699e+02 4.014863e-02
6.579332e+02 3.392166e-02
8.111308e+02 2.831939e-02
1.000000e+03 2.336030e-02
1.232847e+03 1.903860e-02
1.519911e+03 1.532909e-02
1.873817e+03 1.219195e-02
2.310130e+03 9.577306e-03
2.848036e+03 7.429199e-03
3.511192e+03 5.689073e-03
4.328761e+03 4.298657e-03
5.336699e+03 3.202341e-03
6.579332e+03 2.349014e-03
8.111308e+03 1.693314e-03
1.000000e+04 1.196264e-03
1.232847e+04 8.252879e-04
1.519911e+04 5.536880e-04
1.873817e+04 3.597189e-04
2.310130e+04 2.255198e-04
2.848036e+04 1.361958e-04
3.511192e+04 7.928849e-05
4.328761e+04 4.464348e-05
5.336699e+04 2.443954e-05
6.579332e+04 1.308811e-05
8.111308e+04 6.897351e-06
1.000000e+05 3.594887e-06
1.232847e+05 1.860155e-06
1.519911e+05 9.581829e-07
1.873817e+05 4.922231e-07
2.310130e+05 2.524532e-07
2.848036e+05 1.293609e-07
3.511192e+05 6.625261e-08
4.328761e+05 3.392193e-08
5.336699e+05 1.736568e-08
6.579332e+05 8.889291e-09
8.111308e+05 4.550128e-09
1.000000e+06 2.329003e-09
1.232847e+06 1.192096e-09
1.519911e+06 6.101683e-10
1.873817e+06 3.123106e-10
2.310130e+06 1.598538e-10
2.848036e+06 8.181990e-11
3.511192e+06 4.187885e-11
4.328761e+06 2.143534e-11
5.336699e+06 1.097150e-11
6.579332e+06 5.615671e-12
8.111308e+06 2.874334e-12
1.000000e+07 1.471204e-12
