1.000000e-02 1.268255e-02
1.232847e-02 1.330283e-02
1.519911e-02 1.395344e-02
1.873817e-02 1.463587e-02
2.310130e-02 1.535168e-02
2.848036e-02 1.610250e-02
3.511192e-02 1.689004e-02
4.328761e-02 1.771610e-02
5.336699e-02 1.858256e-02
6.579332e-02 1.949139e-02
8.111308e-02 2.044467e-02
1.000000e-01 2.144458e-02
1.232847e-01 2.249339e-02
1.519911e-01 2.359349e-02
1.873817e-01 2.474740e-02
2.310130e-01 2.595774e-02
2.848036e-01 2.722728e-02
3.511192e-01 2.855889e-02
4.328761e-01 2.995561e-02
5.336699e-01 3.142058e-02
6.579332e-01 3.295703e-02
8.111308e-01 3.456829e-02
1.000000e+00 3.625767e-02
1.232847e+00 3.802842e-02
1.519911e+00 3.988359e-02
1.873817e+00 4.182586e-02
2.310130e+00 4.385735e-02
2.848036e+00 4.597939e-02
3.511192e+00 4.819222e-02
4.328761e+00 5.049468e-02
5.336699e+00 5.288390e-02
6.579332e+00 5.535491e-02
8.111308e+00 5.790039e-02
1.000000e+01 6.051030e-02
1.232847e+01 6.317175e-02
1.519911e+01 6.586884e-02
1.873817e+01 6.858275e-02
2.310130e+01 7.129196e-02
2.848036e+01 7.397270e-02
3.511192e+01 7.659962e-02
4.328761e+01 7.914668e-02
5.336699e+01 8.158824e-02
6.579332e+01 8.390030e-02
8.111308e+01 8.606176e-02
1.000000e+02 8.805572e-02
1.232847e+02 8.987057e-02
1.519911e+02 9.150081e-02
1.873817e+02 9.294763e-02
2.310130e+02 9.421890e-02
2.848036e+02 9.532882e-02
3.511192e+02 9.629700e-02
4.328761e+02 9.714715e-02
5.336699e+02 9.790523e-02
6.579332e+02 9.859737e-02
8.111308e+02 9.924731e-02
1.000000e+03 9.987360e-02
1.232847e+03 1.004865e-01
1.519911e+03 1.010845e-01
1.873817e+03 1.016506e-01
2.310130e+03 1.021482e-01
2.848036e+03 1.025170e-01
3.511192e+03 1.026697e-01
4.328761e+03 1.024884e-01
5.336699e+03 1.018252e-01
6.579332e+03 1.005049e-01
8.111308e+03 9.833434e-02
1.000000e+04 9.511892e-02
1.232847e+04 9.068824e-02
1.519911e+04 8.492988e-02
1.873817e+04 7.782794e-02
2.310130e+04 6.949842e-02
2.848036e+04 6.020999e-02
3.511192e+04 5.037722e-02
4.328761e+04 4.051804e-02
5.336699e+04 3.117874e-02
6.579332e+04 2.284384e-02
8.111308e+04 1.585698e-02
1.000000e+05 1.037577e-02
1.232847e+05 6.369726e-03
1.519911e+05 3.656203e-03
1.873817e+05 1.960834e-03
2.310130e+05 9.859030e-04
2.848036e+05 4.684362e-04
3.511192e+05 2.126978e-04
4.328761e+05 9.342576e-05
5.336699e+05 4.013400e-05
6.579332e+05 1.700482e-05
8.111308e+05 7.147677e-06
1.000000e+06 2.991321e-06
1.232847e+06 1.249035e-06
1.519911e+06 5.209468e-07
1.873817e+06 2.171572e-07
2.310130e+06 9.049897e-08
2.848036e+06 3.771051e-08
3.511192e+06 1.571299e-08
4.328761e+06 6.547048e-09
5.336699e+06 2.727900e-09
6.579332e+06 1.136606e-09
8.111308e+06 4.735778e-10
1.000000e+07 1.973206e-10
