1.000000e-02 5.459815e-03
1.232847e-02 5.778416e-03
1.519911e-02 6.115609e-03
1.873817e-02 6.472479e-03
2.310130e-02 6.850172e-03
2.848036e-02 7.249906e-03
3.511192e-02 7.672966e-03
4.328761e-02 8.120713e-03
5.336699e-02 8.594588e-03
6.579332e-02 9.096115e-03
8.111308e-02 9.626909e-03
1.000000e-01 1.018868e-02
1.232847e-01 1.078322e-02
1.519911e-01 1.141247e-02
1.873817e-01 1.207843e-02
2.310130e-01 1.278325e-02
2.848036e-01 1.352920e-02
3.511192e-01 1.431868e-02
4.328761e-01 1.515423e-02
5.336699e-01 1.603854e-02
6.579332e-01 1.697444e-02
8.111308e-01 1.796495e-02
1.000000e+00 1.901324e-02
1.232847e+00 2.012267e-02
1.519911e+00 2.129677e-02
1.873817e+00 2.253928e-02
2.310130e+00 2.385412e-02
2.848036e+00 2.524539e-02
3.511192e+00 2.671740e-02
4.328761e+00 2.827463e-02
5.336699e+00 2.992172e-02
6.579332e+00 3.166347e-02
8.111308e+00 3.350476e-02
1.000000e+01 3.545058e-02
1.232847e+01 3.750589e-02
1.519911e+01 3.967560e-02
1.873817e+01 4.196444e-02
2.310130e+01 4.437688e-02
2.848036e+01 4.691693e-02
3.511192e+01 4.958804e-02
4.328761e+01 5.239283e-02
5.336699e+01 5.533294e-02
6.579332e+01 5.840878e-02
8.111308e+01 6.161927e-02
1.000000e+02 6.496166e-02
1.232847e+02 6.843133e-02
1.519911e+02 7.202162e-02
1.873817e+02 7.572386e-02
2.310130e+02 7.952739e-02
2.848036e+02 8.341984e-02
3.511192e+02 8.738753e-02
4.328761e+02 9.141608e-02
5.336699e+02 9.549118e-02
6.579332e+02 9.959947e-02
8.111308e+02 1.037294e-01
1.000000e+03 1.078721e-01
1.232847e+03 1.120210e-01
1.519911e+03 1.161722e-01
1.873817e+03 1.203215e-01
2.310130e+03 1.244615e-01
2.848036e+03 1.285745e-01
3.511192e+03 1.326231e-01
4.328761e+03 1.365359e-01
5.336699e+03 1.401893e-01
6.579332e+03 1.433846e-01
8.111308e+03 1.458242e-01
1.000000e+04 1.470919e-01
1.232847e+04 1.466515e-01
1.519911e+04 1.438806e-01
1.873817e+04 1.381622e-01
2.310130e+04 1.290461e-01
2.848036e+04 1.164602e-01
3.511192e+04 1.008978e-01
4.328761e+04 8.346629e-02
5.336699e+04 6.570255e-02
6.579332e+04 4.918144e-02
8.111308e+04 3.508967e-02
1.000000e+05 2.397994e-02
1.232847e+05 1.579714e-02
1.519911e+05 1.009533e-02
1.873817e+05 6.288664e-03
2.310130e+05 3.827229e-03
2.848036e+05 2.274813e-03
3.511192e+05 1.317664e-03
4.328761e+05 7.420024e-04
5.336699e+05 4.057687e-04
6.579332e+05 2.157597e-04
8.111308e+05 1.119479e-04
1.000000e+06 5.695754e-05
1.232847e+06 2.856413e-05
1.519911e+06 1.418412e-05
1.873817e+06 6.998922e-06
2.310130e+06 3.440259e-06
2.848036e+06 1.687297e-06
3.511192e+06 8.265486e-07
4.328761e+06 4.046472e-07
5.336699e+06 1.980420e-07
6.579332e+06 9.691357e-08
8.111308e+06 4.742359e-08
1.000000e+07 2.320605e-08
