1.000000e-02 1.009737e-02
1.232847e-02 1.061833e-02
1.519911e-02 1.116617e-02
1.873817e-02 1.174227e-02
2.310130e-02 1.234810e-02
2.848036e-02 1.298518e-02
3.511192e-02 1.365513e-02
4.328761e-02 1.435965e-02
5.336699e-02 1.510051e-02
6.579332e-02 1.587960e-02
8.111308e-02 1.669889e-02
1.000000e-01 1.756044e-02
1.232847e-01 1.846645e-02
1.519911e-01 1.941920e-02
1.873817e-01 2.042110e-02
2.310130e-01 2.147470e-02
2.848036e-01 2.258265e-02
3.511192e-01 2.374778e-02
4.328761e-01 2.497302e-02
5.336699e-01 2.626150e-02
6.579332e-01 2.761649e-02
8.111308e-01 2.904150e-02
1.000000e+00 3.054022e-02
1.232847e+00 3.211664e-02
1.519911e+00 3.377503e-02
1.873817e+00 3.552006e-02
2.310130e+00 3.735685e-02
2.848036e+00 3.929105e-02
3.511192e+00 4.132898e-02
4.328761e+00 4.347769e-02
5.336699e+00 4.574513e-02
6.579332e+00 4.814025e-02
8.111308e+00 5.067310e-02
1.000000e+01 5.335492e-02
1.232847e+01 5.619817e-02
1.519911e+01 5.921653e-02
1.873817e+01 6.242475e-02
2.310130e+01 6.583842e-02
2.848036e+01 6.947350e-02
3.511192e+01 7.334568e-02
4.328761e+01 7.746939e-02
5.336699e+01 8.185645e-02
6.579332e+01 8.651423e-02
8.111308e+01 9.144335e-02
1.000000e+02 9.663470e-02
1.232847e+02 1.020659e-01
1.519911e+02 1.076973e-01
1.873817e+02 1.134673e-01
2.310130e+02 1.192881e-01
2.848036e+02 1.250415e-01
3.511192e+02 1.305765e-01
4.328761e+02 1.357082e-01
5.336699e+02 1.402215e-01
6.579332e+02 1.438779e-01
8.111308e+02 1.464280e-01
1.000000e+03 1.476291e-01
1.232847e+03 1.472661e-01
1.519911e+03 1.451744e-01
1.873817e+03 1.412603e-01
2.310130e+03 1.355167e-01
2.848036e+03 1.280299e-01
3.511192e+03 1.189772e-01
4.328761e+03 1.086168e-01
5.336699e+03 9.727011e-02
6.579332e+03 8.530224e-02
8.111308e+03 7.310068e-02
1.000000e+04 6.105530e-02
1.232847e+04 4.953946e-02
1.519911e+04 3.889183e-02
1.873817e+04 2.939795e-02
2.310130e+04 2.127103e-02
2.848036e+04 1.463331e-02
3.511192e+04 9.501368e-03
4.328761e+04 5.780736e-03
5.336699e+04 3.276763e-03
6.579332e+04 1.726421e-03
8.111308e+04 8.477853e-04
1.000000e+05 3.912831e-04
1.232847e+05 1.718564e-04
1.519911e+05 7.281883e-05
1.873817e+05 3.013161e-05
2.310130e+05 1.228962e-05
2.848036e+05 4.971752e-06
3.511192e+05 2.002585e-06
4.328761e+05 8.048505e-07
5.336699e+05 3.231280e-07
6.579332e+05 1.296629e-07
8.111308e+05 5.201846e-08
1.000000e+06 2.086676e-08
1.232847e+06 8.370150e-09
1.519911e+06 3.357400e-09
1.873817e+06 1.346696e-09
2.310130e+06 5.401749e-10
2.848036e+06 2.166700e-10
3.511192e+06 8.690861e-11
4.328761e+06 3.485995e-11
5.336699e+06 1.398269e-11
6.579332e+06 5.608602e-12
8.111308e+06 2.249668e-12
1.000000e+07 9.023654e-13
