1.000000e-02 6.527613e-03
1.232847e-02 6.890510e-03
1.519911e-02 7.273582e-03
1.873817e-02 7.677950e-03
2.310130e-02 8.104798e-03
2.848036e-02 8.555377e-03
3.511192e-02 9.031005e-03
4.328761e-02 9.533075e-03
5.336699e-02 1.006306e-02
6.579332e-02 1.062250e-02
8.111308e-02 1.121305e-02
1.000000e-01 1.183643e-02
1.232847e-01 1.249447e-02
1.519911e-01 1.318909e-02
1.873817e-01 1.392232e-02
2.310130e-01 1.469632e-02
2.848036e-01 1.551335e-02
3.511192e-01 1.637580e-02
4.328761e-01 1.728620e-02
5.336699e-01 1.824721e-02
6.579332e-01 1.926165e-02
8.111308e-01 2.033249e-02
1.000000e+00 2.146289e-02
1.232847e+00 2.265615e-02
1.519911e+00 2.391579e-02
1.873817e+00 2.524555e-02
2.310130e+00 2.664936e-02
2.848036e+00 2.813142e-02
3.511192e+00 2.969618e-02
4.328761e+00 3.134837e-02
5.336699e+00 3.309304e-02
6.579332e+00 3.493555e-02
8.111308e+00 3.688163e-02
1.000000e+01 3.893732e-02
1.232847e+01 4.110908e-02
1.519911e+01 4.340368e-02
1.873817e+01 4.582825e-02
2.310130e+01 4.839016e-02
2.848036e+01 5.109699e-02
3.511192e+01 5.395638e-02
4.328761e+01 5.697582e-02
5.336699e+01 6.016245e-02
6.579332e+01 6.352265e-02
8.111308e+01 6.706164e-02
1.000000e+02 7.078293e-02
1.232847e+02 7.468762e-02
1.519911e+02 7.877356e-02
1.873817e+02 8.303442e-02
2.310130e+02 8.745851e-02
2.848036e+02 9.202760e-02
3.511192e+02 9.671556e-02
4.328761e+02 1.014870e-01
5.336699e+02 1.062960e-01
6.579332e+02 1.110849e-01
8.111308e+02 1.157836e-01
1.000000e+03 1.203088e-01
1.232847e+03 1.245644e-01
1.519911e+03 1.284424e-01
1.873817e+03 1.318243e-01
2.310130e+03 1.345833e-01
2.848036e+03 1.365879e-01
3.511192e+03 1.377052e-01
4.328761e+03 1.378060e-01
5.336699e+03 1.367692e-01
6.579332e+03 1.344888e-01
8.111308e+03 1.308811e-01
1.000000e+04 1.258939e-01
1.232847e+04 1.195184e-01
1.519911e+04 1.118011e-01
1.873817e+04 1.028568e-01
2.310130e+04 9.287787e-02
2.848036e+04 8.213793e-02
3.511192e+04 7.098345e-02
4.328761e+04 5.981186e-02
5.336699e+04 4.903510e-02
6.579332e+04 3.903432e-02
8.111308e+04 3.011549e-02
1.000000e+05 2.247723e-02
1.232847e+05 1.619847e-02
1.519911e+05 1.124749e-02
1.873817e+05 7.506482e-03
2.310130e+05 4.802968e-03
2.848036e+05 2.939825e-03
3.511192e+05 1.719559e-03
4.328761e+05 9.621165e-04
5.336699e+05 5.167721e-04
6.579332e+05 2.680354e-04
8.111308e+05 1.352250e-04
1.000000e+06 6.684681e-05
1.232847e+06 3.258697e-05
1.519911e+06 1.574368e-05
1.873817e+06 7.564727e-06
2.310130e+06 3.623307e-06
2.848036e+06 1.732436e-06
3.511192e+06 8.275787e-07
4.328761e+06 3.951502e-07
5.336699e+06 1.886353e-07
6.579332e+06 9.004225e-08
8.111308e+06 4.297912e-08
1.000000e+07 2.051477e-08
