1.000000e-02 1.138047e-02
1.232847e-02 1.188473e-02
1.519911e-02 1.241132e-02
1.873817e-02 1.296125e-02
2.310130e-02 1.353555e-02
2.848036e-02 1.413529e-02
3.511192e-02 1.476160e-02
4.328761e-02 1.541567e-02
5.336699e-02 1.609871e-02
6.579332e-02 1.681203e-02
8.111308e-02 1.755694e-02
1.000000e-01 1.833487e-02
1.232847e-01 1.914726e-02
1.519911e-01 1.999565e-02
1.873817e-01 2.088163e-02
2.310130e-01 2.180686e-02
2.848036e-01 2.277309e-02
3.511192e-01 2.378213e-02
4.328761e-01 2.483587e-02
5.336699e-01 2.593628e-02
6.579332e-01 2.708539e-02
8.111308e-01 2.828531e-02
1.000000e+00 2.953817e-02
1.232847e+00 3.084615e-02
1.519911e+00 3.221141e-02
1.873817e+00 3.363608e-02
2.310130e+00 3.512223e-02
2.848036e+00 3.667178e-02
3.511192e+00 3.828655e-02
4.328761e+00 3.996817e-02
5.336699e+00 4.171811e-02
6.579332e+00 4.353766e-02
8.111308e+00 4.542808e-02
1.000000e+01 4.739058e-02
1.232847e+01 4.942660e-02
1.519911e+01 5.153799e-02
1.873817e+01 5.372735e-02
2.310130e+01 5.599845e-02
2.848036e+01 5.835672e-02
3.511192e+01 6.080992e-02
4.328761e+01 6.336882e-02
5.336699e+01 6.604803e-02
6.579332e+01 6.886691e-02
8.111308e+01 7.185052e-02
1.000000e+02 7.503062e-02
1.232847e+02 7.844662e-02
1.519911e+02 8.214651e-02
1.873817e+02 8.618747e-02
2.310130e+02 9.063617e-02
2.848036e+02 9.556829e-02
3.511192e+02 1.010667e-01
4.328761e+02 1.072178e-01
5.336699e+02 1.141040e-01
6.579332e+02 1.217911e-01
8.111308e+02 1.303073e-01
1.000000e+03 1.396109e-01
1.232847e+03 1.495417e-01
1.519911e+03 1.597560e-01
1.873817e+03 1.696468e-01
2.310130e+03 1.782687e-01
2.848036e+03 1.843046e-01
3.511192e+03 1.861443e-01
4.328761e+03 1.821542e-01
5.336699e+03 1.711733e-01
6.579332e+03 1.531288e-01
8.111308e+03 1.294640e-01
1.000000e+04 1.029946e-01
1.232847e+04 7.707864e-02
1.519911e+04 5.449238e-02
1.873817e+04 3.667908e-02
2.310130e+04 2.372595e-02
2.848036e+04 1.486588e-02
3.511192e+04 9.057420e-03
4.328761e+04 5.357850e-03
5.336699e+04 3.057762e-03
6.579332e+04 1.669824e-03
8.111308e+04 8.672837e-04
1.000000e+05 4.281573e-04
1.232847e+05 2.019989e-04
1.519911e+05 9.193491e-05
1.873817e+05 4.078363e-05
2.310130e+05 1.779330e-05
2.848036e+05 7.685453e-06
3.511192e+05 3.300795e-06
4.328761e+05 1.413334e-06
5.336699e+05 6.042140e-07
6.579332e+05 2.581062e-07
8.111308e+05 1.102155e-07
1.000000e+06 4.705547e-08
1.232847e+06 2.008823e-08
1.519911e+06 8.575452e-09
1.873817e+06 3.660707e-09
2.310130e+06 1.562679e-09
2.848036e+06 6.670726e-10
3.511192e+06 2.847579e-10
4.328761e+06 1.215565e-10
5.336699e+06 5.188965e-11
6.579332e+06 2.215048e-11
8.111308e+06 9.455520e-12
1.000000e+07 4.036340e-12
