1.000000e-02 6.712145e-03
1.232847e-02 7.062476e-03
1.519911e-02 7.431093e-03
1.873817e-02 7.818949e-03
2.310130e-02 8.227049e-03
2.848036e-02 8.656448e-03
3.511192e-02 9.108260e-03
4.328761e-02 9.583654e-03
5.336699e-02 1.008386e-02
6.579332e-02 1.061017e-02
8.111308e-02 1.116396e-02
1.000000e-01 1.174665e-02
1.232847e-01 1.235975e-02
1.519911e-01 1.300485e-02
1.873817e-01 1.368362e-02
2.310130e-01 1.439782e-02
2.848036e-01 1.514929e-02
3.511192e-01 1.593999e-02
4.328761e-01 1.677196e-02
5.336699e-01 1.764734e-02
6.579332e-01 1.856842e-02
8.111308e-01 1.953757e-02
1.000000e+00 2.055731e-02
1.232847e+00 2.163026e-02
1.519911e+00 2.275922e-02
1.873817e+00 2.394711e-02
2.310130e+00 2.519704e-02
2.848036e+00 2.651226e-02
3.511192e+00 2.789626e-02
4.328761e+00 2.935273e-02
5.336699e+00 3.088562e-02
6.579332e+00 3.249915e-02
8.111308e+00 3.419792e-02
1.000000e+01 3.598686e-02
1.232847e+01 3.787137e-02
1.519911e+01 3.985737e-02
1.873817e+01 4.195134e-02
2.310130e+01 4.416042e-02
2.848036e+01 4.649248e-02
3.511192e+01 4.895618e-02
4.328761e+01 5.156103e-02
5.336699e+01 5.431745e-02
6.579332e+01 5.723672e-02
8.111308e+01 6.033098e-02
1.000000e+02 6.361306e-02
1.232847e+02 6.709632e-02
1.519911e+02 7.079427e-02
1.873817e+02 7.472008e-02
2.310130e+02 7.888587e-02
2.848036e+02 8.330173e-02
3.511192e+02 8.797444e-02
4.328761e+02 9.290578e-02
5.336699e+02 9.809045e-02
6.579332e+02 1.035134e-01
8.111308e+02 1.091468e-01
1.000000e+03 1.149461e-01
1.232847e+03 1.208464e-01
1.519911e+03 1.267573e-01
1.873817e+03 1.325588e-01
2.310130e+03 1.380970e-01
2.848036e+03 1.431811e-01
3.511192e+03 1.475815e-01
4.328761e+03 1.510328e-01
5.336699e+03 1.532391e-01
6.579332e+03 1.538870e-01
8.111308e+03 1.526658e-01
1.000000e+04 1.492959e-01
1.232847e+04 1.435672e-01
1.519911e+04 1.353836e-01
1.873817e+04 1.248088e-01
2.310130e+04 1.121037e-01
2.848036e+04 9.774201e-02
3.511192e+04 8.239253e-02
4.328761e+04 6.685984e-02
5.336699e+04 5.198784e-02
6.579332e+04 3.854211e-02
8.111308e+04 2.709861e-02
1.000000e+05 1.796772e-02
1.232847e+05 1.117263e-02
1.519911e+05 6.484952e-03
1.873817e+05 3.505393e-03
2.310130e+05 1.767586e-03
2.848036e+05 8.370311e-04
3.511192e+05 3.763438e-04
4.328761e+05 1.627578e-04
5.336699e+05 6.854224e-05
6.579332e+05 2.838747e-05
8.111308e+05 1.164308e-05
1.000000e+06 4.750009e-06
1.232847e+06 1.932502e-06
1.519911e+06 7.851440e-07
1.873817e+06 3.187821e-07
2.310130e+06 1.293919e-07
2.848036e+06 5.251229e-08
3.511192e+06 2.131029e-08
4.328761e+06 8.647824e-09
5.336699e+06 3.509297e-09
6.579332e+06 1.424072e-09
8.111308e+06 5.778875e-10
1.000000e+07 2.345063e-10
