1.000000e-02 4.985504e-03
1.232847e-02 5.277178e-03
1.519911e-02 5.585916e-03
1.873817e-02 5.912717e-03
2.310130e-02 6.258637e-03
2.848036e-02 6.624795e-03
3.511192e-02 7.012375e-03
4.328761e-02 7.422629e-03
5.336699e-02 7.856886e-03
6.579332e-02 8.316548e-03
8.111308e-02 8.803103e-03
1.000000e-01 9.318123e-03
1.232847e-01 9.863275e-03
1.519911e-01 1.044032e-02
1.873817e-01 1.105112e-02
2.310130e-01 1.169766e-02
2.848036e-01 1.238203e-02
3.511192e-01 1.310643e-02
4.328761e-01 1.387322e-02
5.336699e-01 1.468488e-02
6.579332e-01 1.554405e-02
8.111308e-01 1.645353e-02
1.000000e+00 1.741631e-02
1.232847e+00 1.843561e-02
1.519911e+00 1.951487e-02
1.873817e+00 2.065784e-02
2.310130e+00 2.186859e-02
2.848036e+00 2.315163e-02
3.511192e+00 2.451192e-02
4.328761e+00 2.595503e-02
5.336699e+00 2.748717e-02
6.579332e+00 2.911538e-02
8.111308e+00 3.084761e-02
1.000000e+01 3.269289e-02
1.232847e+01 3.466140e-02
1.519911e+01 3.676465e-02
1.873817e+01 3.901553e-02
2.310130e+01 4.142840e-02
2.848036e+01 4.401903e-02
3.511192e+01 4.680450e-02
4.328761e+01 4.980294e-02
5.336699e+01 5.303307e-02
6.579332e+01 5.651346e-02
8.111308e+01 6.026152e-02
1.000000e+02 6.429199e-02
1.232847e+02 6.861501e-02
1.519911e+02 7.323362e-02
1.873817e+02 7.814063e-02
2.310130e+02 8.331509e-02
2.848036e+02 8.871831e-02
3.511192e+02 9.429002e-02
4.328761e+02 9.994507e-02
5.336699e+02 1.055717e-01
6.579332e+02 1.110321e-01
8.111308e+02 1.161668e-01
1.000000e+03 1.208035e-01
1.232847e+03 1.247704e-01
1.519911e+03 1.279136e-01
1.873817e+03 1.301171e-01
2.310130e+03 1.313210e-01
2.848036e+03 1.315353e-01
3.511192e+03 1.308451e-01
4.328761e+03 1.294057e-01
5.336699e+03 1.274262e-01
6.579332e+03 1.251444e-01
8.111308e+03 1.227955e-01
1.000000e+04 1.205771e-01
1.232847e+04 1.186113e-01
1.519911e+04 1.169029e-01
1.873817e+04 1.152912e-01
2.310130e+04 1.133983e-01
2.848036e+04 1.105875e-01
3.511192e+04 1.059728e-01
4.328761e+04 9.854973e-02
5.336699e+04 8.752563e-02
6.579332e+04 7.283902e-02
8.111308e+04 5.563385e-02
1.000000e+05 3.822569e-02
1.232847e+05 2.325381e-02
1.519911e+05 1.242794e-02
1.873817e+05 5.858728e-03
2.310130e+05 2.476380e-03
2.848036e+05 9.621589e-04
3.511192e+05 3.528738e-04
4.328761e+05 1.249227e-04
5.336699e+05 4.336522e-05
6.579332e+05 1.490368e-05
8.111308e+05 5.097752e-06
1.000000e+06 1.739957e-06
1.232847e+06 5.933400e-07
1.519911e+06 2.022587e-07
1.873817e+06 6.893617e-08
2.310130e+06 2.349429e-08
2.848036e+06 8.006975e-09
3.511192e+06 2.728797e-09
4.328761e+06 9.299780e-10
5.336699e+06 3.169376e-10
6.579332e+06 1.080127e-10
8.111308e+06 3.681083e-11
1.000000e+07 1.254517e-11
