1.000000e-02 2.672443e-03
1.232847e-02 2.875945e-03
1.519911e-02 3.094943e-03
1.873817e-02 3.330617e-03
2.310130e-02 3.584237e-03
2.848036e-02 3.857170e-03
3.511192e-02 4.150887e-03
4.328761e-02 4.466969e-03
5.336699e-02 4.807121e-03
6.579332e-02 5.173175e-03
8.111308e-02 5.567103e-03
1.000000e-01 5.991027e-03
1.232847e-01 6.447233e-03
1.519911e-01 6.938178e-03
1.873817e-01 7.466508e-03
2.310130e-01 8.035069e-03
2.848036e-01 8.646925e-03
3.511192e-01 9.305373e-03
4.328761e-01 1.001396e-02
5.336699e-01 1.077650e-02
6.579332e-01 1.159711e-02
8.111308e-01 1.248019e-02
1.000000e+00 1.343049e-02
1.232847e+00 1.445311e-02
1.519911e+00 1.555351e-02
1.873817e+00 1.673752e-02
2.310130e+00 1.801137e-02
2.848036e+00 1.938166e-02
3.511192e+00 2.085536e-02
4.328761e+00 2.243975e-02
5.336699e+00 2.414234e-02
6.579332e+00 2.597075e-02
8.111308e+00 2.793257e-02
1.000000e+01 3.003506e-02
1.232847e+01 3.228484e-02
1.519911e+01 3.468745e-02
1.873817e+01 3.724676e-02
2.310130e+01 3.996427e-02
2.848036e+01 4.283826e-02
3.511192e+01 4.586277e-02
4.328761e+01 4.902652e-02
5.336699e+01 5.231177e-02
6.579332e+01 5.569320e-02
8.111308e+01 5.913708e-02
1.000000e+02 6.260073e-02
1.232847e+02 6.603280e-02
1.519911e+02 6.937432e-02
1.873817e+02 7.256105e-02
2.310130e+02 7.552708e-02
2.848036e+02 7.820996e-02
3.511192e+02 8.055682e-02
4.328761e+02 8.253143e-02
5.336699e+02 8.412128e-02
6.579332e+02 8.534397e-02
8.111308e+02 8.625228e-02
1.000000e+03 8.693728e-02
1.232847e+03 8.752980e-02
1.519911e+03 8.820063e-02
1.873817e+03 8.916098e-02
2.310130e+03 9.066482e-02
2.848036e+03 9.301508e-02
3.511192e+03 9.657546e-02
4.328761e+03 1.017883e-01
5.336699e+03 1.091958e-01
6.579332e+03 1.194558e-01
8.111308e+03 1.333230e-01
1.000000e+04 1.515334e-01
1.232847e+04 1.744558e-01
1.519911e+04 2.012812e-01
1.873817e+04 2.285230e-01
2.310130e+04 2.481430e-01
2.848036e+04 2.474569e-01
3.511192e+04 2.153034e-01
4.328761e+04 1.549812e-01
5.336699e+04 8.900162e-02
6.579332e+04 4.083240e-02
8.111308e+04 1.564437e-02
1.000000e+05 5.359602e-03
1.232847e+05 1.750800e-03
1.519911e+05 5.692505e-04
1.873817e+05 1.879129e-04
2.310130e+05 6.323006e-05
2.848036e+05 2.161119e-05
3.511192e+05 7.463392e-06
4.328761e+05 2.592983e-06
5.336699e+05 9.037042e-07
6.579332e+05 3.154369e-07
8.111308e+05 1.101789e-07
1.000000e+06 3.849587e-08
1.232847e+06 1.345190e-08
1.519911e+06 4.700830e-09
1.873817e+06 1.642760e-09
2.310130e+06 5.740858e-10
2.848036e+06 2.006230e-10
3.511192e+06 7.011083e-11
4.328761e+06 2.450133e-11
5.336699e+06 8.562376e-12
6.579332e+06 2.992257e-12
8.111308e+06 1.045691e-12
1.000000e+07 3.654333e-13
