1.000000e-02 8.290959e-03
1.232847e-02 8.729587e-03
1.519911e-02 9.191420e-03
1.873817e-02 9.677687e-03
2.310130e-02 1.018968e-02
2.848036e-02 1.072876e-02
3.511192e-02 1.129635e-02
4.328761e-02 1.189398e-02
5.336699e-02 1.252322e-02
6.579332e-02 1.318576e-02
8.111308e-02 1.388334e-02
1.000000e-01 1.461783e-02
1.232847e-01 1.539118e-02
1.519911e-01 1.620544e-02
1.873817e-01 1.706278e-02
2.310130e-01 1.796547e-02
2.848036e-01 1.891592e-02
3.511192e-01 1.991666e-02
4.328761e-01 2.097034e-02
5.336699e-01 2.207976e-02
6.579332e-01 2.324789e-02
8.111308e-01 2.447782e-02
1.000000e+00 2.577285e-02
1.232847e+00 2.713644e-02
1.519911e+00 2.857226e-02
1.873817e+00 3.008417e-02
2.310130e+00 3.167630e-02
2.848036e+00 3.335303e-02
3.511192e+00 3.511899e-02
4.328761e+00 3.697917e-02
5.336699e+00 3.893887e-02
6.579332e+00 4.100376e-02
8.111308e+00 4.317990e-02
1.000000e+01 4.547378e-02
1.232847e+01 4.789229e-02
1.519911e+01 5.044273e-02
1.873817e+01 5.313280e-02
2.310130e+01 5.597048e-02
2.848036e+01 5.896397e-02
3.511192e+01 6.212146e-02
4.328761e+01 6.545095e-02
5.336699e+01 6.895981e-02
6.579332e+01 7.265440e-02
8.111308e+01 7.653940e-02
1.000000e+02 8.061703e-02
1.232847e+02 8.488610e-02
1.519911e+02 8.934080e-02
1.873817e+02 9.396929e-02
2.310130e+02 9.875206e-02
2.848036e+02 1.036601e-01
3.511192e+02 1.086526e-01
4.328761e+02 1.136755e-01
5.336699e+02 1.186584e-01
6.579332e+02 1.235136e-01
8.111308e+02 1.281340e-01
1.000000e+03 1.323922e-01
1.232847e+03 1.361411e-01
1.519911e+03 1.392148e-01
1.873817e+03 1.414320e-01
2.310130e+03 1.426008e-01
2.848036e+03 1.425267e-01
3.511192e+03 1.410231e-01
4.328761e+03 1.379256e-01
5.336699e+03 1.331096e-01
6.579332e+03 1.265114e-01
8.111308e+03 1.181513e-01
1.000000e+04 1.081566e-01
1.232847e+04 9.677848e-02
1.519911e+04 8.439925e-02
1.873817e+04 7.151876e-02
2.310130e+04 5.871582e-02
2.848036e+04 4.658271e-02
3.511192e+04 3.564311e-02
4.328761e+04 2.627426e-02
5.336699e+04 1.865808e-02
6.579332e+04 1.277734e-02
8.111308e+04 8.455588e-03
1.000000e+05 5.422495e-03
1.232847e+05 3.380726e-03
1.519911e+05 2.055895e-03
1.873817e+05 1.223174e-03
2.310130e+05 7.138612e-04
2.848036e+05 4.095929e-04
3.511192e+05 2.315151e-04
4.328761e+05 1.291676e-04
5.336699e+05 7.127995e-05
6.579332e+05 3.898866e-05
8.111308e+05 2.118143e-05
1.000000e+06 1.145022e-05
1.232847e+06 6.168370e-06
1.519911e+06 3.315350e-06
1.873817e+06 1.779317e-06
2.310130e+06 9.540892e-07
2.848036e+06 5.113249e-07
3.511192e+06 2.739537e-07
4.328761e+06 1.467538e-07
5.336699e+06 7.860832e-08
6.579332e+06 4.210494e-08
8.111308e+06 2.255239e-08
1.000000e+07 1.207957e-08
