1.000000e-02 1.506511e-02
1.232847e-02 1.584366e-02
1.519911e-02 1.666245e-02
1.873817e-02 1.752355e-02
2.310130e-02 1.842916e-02
2.848036e-02 1.938156e-02
3.511192e-02 2.038318e-02
4.328761e-02 2.143657e-02
5.336699e-02 2.254439e-02
6.579332e-02 2.370947e-02
8.111308e-02 2.493476e-02
1.000000e-01 2.622336e-02
1.232847e-01 2.757857e-02
1.519911e-01 2.900380e-02
1.873817e-01 3.050270e-02
2.310130e-01 3.207905e-02
2.848036e-01 3.373687e-02
3.511192e-01 3.548036e-02
4.328761e-01 3.731396e-02
5.336699e-01 3.924230e-02
6.579332e-01 4.127028e-02
8.111308e-01 4.340301e-02
1.000000e+00 4.564586e-02
1.232847e+00 4.800439e-02
1.519911e+00 5.048437e-02
1.873817e+00 5.309173e-02
2.310130e+00 5.583243e-02
2.848036e+00 5.871240e-02
3.511192e+00 6.173733e-02
4.328761e+00 6.491242e-02
5.336699e+00 6.824207e-02
6.579332e+00 7.172940e-02
8.111308e+00 7.537572e-02
1.000000e+01 7.917976e-02
1.232847e+01 8.313680e-02
1.519911e+01 8.723755e-02
1.873817e+01 9.146686e-02
2.310130e+01 9.580224e-02
2.848036e+01 1.002122e-01
3.511192e+01 1.046544e-01
4.328761e+01 1.090742e-01
5.336699e+01 1.134028e-01
6.579332e+01 1.175560e-01
8.111308e+01 1.214341e-01
1.000000e+02 1.249221e-01
1.232847e+02 1.278916e-01
1.519911e+02 1.302048e-01
1.873817e+02 1.317196e-01
2.310130e+02 1.322974e-01
2.848036e+02 1.318124e-01
3.511192e+02 1.301621e-01
4.328761e+02 1.272779e-01
5.336699e+02 1.231355e-01
6.579332e+02 1.177622e-01
8.111308e+02 1.112415e-01
1.000000e+03 1.037122e-01
1.232847e+03 9.536274e-02
1.519911e+03 8.642029e-02
1.873817e+03 7.713605e-02
2.310130e+03 6.776834e-02
2.848036e+03 5.856563e-02
3.511192e+03 4.975147e-02
4.328761e+03 4.151281e-02
5.336699e+03 3.399258e-02
6.579332e+03 2.728654e-02
8.111308e+03 2.144404e-02
1.000000e+04 1.647207e-02
1.232847e+04 1.234175e-02
1.519911e+04 8.996487e-03
1.873817e+04 6.360386e-03
2.310130e+04 4.345895e-03
2.848036e+04 2.859700e-03
3.511192e+04 1.806975e-03
4.328761e+04 1.094930e-03
5.336699e+04 6.368612e-04
6.579332e+04 3.568396e-04
8.111308e+04 1.937010e-04
1.000000e+05 1.025504e-04
1.232847e+05 5.330413e-05
1.519911e+05 2.735702e-05
1.873817e+05 1.392408e-05
2.310130e+05 7.050312e-06
2.848036e+05 3.558719e-06
3.511192e+05 1.793039e-06
4.328761e+05 9.024818e-07
5.336699e+05 4.539826e-07
6.579332e+05 2.282995e-07
8.111308e+05 1.147885e-07
1.000000e+06 5.771033e-08
1.232847e+06 2.901274e-08
1.519911e+06 1.458523e-08
1.873817e+06 7.332174e-09
2.310130e+06 3.685950e-09
2.848036e+06 1.852954e-09
3.511192e+06 9.314925e-10
4.328761e+06 4.682672e-10
5.336699e+06 2.354008e-10
6.579332e+06 1.183374e-10
8.111308e+06 5.948893e-11
1.000000e+07 2.990545e-11
