1.000000e-02 2.029194e-02
1.232847e-02 2.127387e-02
1.519911e-02 2.230332e-02
1.873817e-02 2.338257e-02
2.310130e-02 2.451406e-02
2.848036e-02 2.570030e-02
3.511192e-02 2.694393e-02
4.328761e-02 2.824775e-02
5.336699e-02 2.961466e-02
6.579332e-02 3.104772e-02
8.111308e-02 3.255012e-02
1.000000e-01 3.412522e-02
1.232847e-01 3.577654e-02
1.519911e-01 3.750777e-02
1.873817e-01 3.932278e-02
2.310130e-01 4.122561e-02
2.848036e-01 4.322051e-02
3.511192e-01 4.531194e-02
4.328761e-01 4.750455e-02
5.336699e-01 4.980317e-02
6.579332e-01 5.221282e-02
8.111308e-01 5.473864e-02
1.000000e+00 5.738578e-02
1.232847e+00 6.015931e-02
1.519911e+00 6.306399e-02
1.873817e+00 6.610401e-02
2.310130e+00 6.928257e-02
2.848036e+00 7.260147e-02
3.511192e+00 7.606042e-02
4.328761e+00 7.965633e-02
5.336699e+00 8.338234e-02
6.579332e+00 8.722684e-02
8.111308e+00 9.117218e-02
1.000000e+01 9.519338e-02
1.232847e+01 9.925674e-02
1.519911e+01 1.033184e-01
1.873817e+01 1.073234e-01
2.310130e+01 1.112041e-01
2.848036e+01 1.148806e-01
3.511192e+01 1.182603e-01
4.328761e+01 1.212399e-01
5.336699e+01 1.237073e-01
6.579332e+01 1.255460e-01
8.111308e+01 1.266406e-01
1.000000e+02 1.268832e-01
1.232847e+02 1.261815e-01
1.519911e+02 1.244665e-01
1.873817e+02 1.216998e-01
2.310130e+02 1.178798e-01
2.848036e+02 1.130447e-01
3.511192e+02 1.072730e-01
4.328761e+02 1.006809e-01
5.336699e+02 9.341639e-02
6.579332e+02 8.565147e-02
8.111308e+02 7.757234e-02
1.000000e+03 6.936946e-02
1.232847e+03 6.122774e-02
1.519911e+03 5.331776e-02
1.873817e+03 4.578860e-02
2.310130e+03 3.876247e-02
2.848036e+03 3.233163e-02
3.511192e+03 2.655729e-02
4.328761e+03 2.147068e-02
5.336699e+03 1.707552e-02
6.579332e+03 1.335168e-02
8.111308e+03 1.025941e-02
1.000000e+04 7.743877e-03
1.232847e+04 5.739983e-03
1.519911e+04 4.177110e-03
1.873817e+04 2.983709e-03
2.310130e+04 2.091305e-03
2.848036e+04 1.437603e-03
3.511192e+04 9.684587e-04
4.328761e+04 6.386805e-04
5.336699e+04 4.118369e-04
6.579332e+04 2.593890e-04
8.111308e+04 1.594978e-04
1.000000e+05 9.579623e-05
1.232847e+05 5.629328e-05
1.519911e+05 3.245377e-05
1.873817e+05 1.841827e-05
2.310130e+05 1.032633e-05
2.848036e+05 5.738089e-06
3.511192e+05 3.168711e-06
4.328761e+05 1.742556e-06
5.336699e+05 9.556998e-07
6.579332e+05 5.232675e-07
8.111308e+05 2.862062e-07
1.000000e+06 1.564470e-07
1.232847e+06 8.548681e-08
1.519911e+06 4.670256e-08
1.873817e+06 2.551122e-08
2.310130e+06 1.393456e-08
2.848036e+06 7.610969e-09
3.511192e+06 4.156983e-09
4.328761e+06 2.270453e-09
5.336699e+06 1.240066e-09
6.579332e+06 6.772921e-10
8.111308e+06 3.699194e-10
1.000000e+07 2.020404e-10
