1.000000e-02 9.159364e-03
1.232847e-02 9.624443e-03
1.519911e-02 1.011314e-02
1.873817e-02 1.062664e-02
2.310130e-02 1.116622e-02
2.848036e-02 1.173320e-02
3.511192e-02 1.232897e-02
4.328761e-02 1.295499e-02
5.336699e-02 1.361280e-02
6.579332e-02 1.430400e-02
8.111308e-02 1.503031e-02
1.000000e-01 1.579349e-02
1.232847e-01 1.659543e-02
1.519911e-01 1.743808e-02
1.873817e-01 1.832352e-02
2.310130e-01 1.925392e-02
2.848036e-01 2.023156e-02
3.511192e-01 2.125884e-02
4.328761e-01 2.233828e-02
5.336699e-01 2.347250e-02
6.579332e-01 2.466427e-02
8.111308e-01 2.591646e-02
1.000000e+00 2.723202e-02
1.232847e+00 2.861402e-02
1.519911e+00 3.006555e-02
1.873817e+00 3.158969e-02
2.310130e+00 3.318950e-02
2.848036e+00 3.486789e-02
3.511192e+00 3.662757e-02
4.328761e+00 3.847096e-02
5.336699e+00 4.040004e-02
6.579332e+00 4.241630e-02
8.111308e+00 4.452063e-02
1.000000e+01 4.671319e-02
1.232847e+01 4.899341e-02
1.519911e+01 5.135991e-02
1.873817e+01 5.381061e-02
2.310130e+01 5.634285e-02
2.848036e+01 5.895358e-02
3.511192e+01 6.163983e-02
4.328761e+01 6.439916e-02
5.336699e+01 6.723044e-02
6.579332e+01 7.013471e-02
8.111308e+01 7.311629e-02
1.000000e+02 7.618404e-02
1.232847e+02 7.935286e-02
1.519911e+02 8.264519e-02
1.873817e+02 8.609267e-02
2.310130e+02 8.973780e-02
2.848036e+02 9.363540e-02
3.511192e+02 9.785379e-02
4.328761e+02 1.024754e-01
5.336699e+02 1.075959e-01
6.579332e+02 1.133221e-01
8.111308e+02 1.197648e-01
1.000000e+03 1.270268e-01
1.232847e+03 1.351794e-01
1.519911e+03 1.442227e-01
1.873817e+03 1.540211e-01
2.310130e+03 1.642054e-01
2.848036e+03 1.740420e-01
3.511192e+03 1.822883e-01
4.328761e+03 1.871041e-01
5.336699e+03 1.861644e-01
6.579332e+03 1.771687e-01
8.111308e+03 1.588476e-01
1.000000e+04 1.321540e-01
1.232847e+04 1.007544e-01
1.519911e+04 6.994202e-02
1.873817e+04 4.431097e-02
2.310130e+04 2.592089e-02
2.848036e+04 1.426586e-02
3.511192e+04 7.547155e-03
4.328761e+04 3.913538e-03
5.336699e+04 2.017383e-03
6.579332e+04 1.041618e-03
8.111308e+04 5.396412e-04
1.000000e+05 2.800227e-04
1.232847e+05 1.451003e-04
1.519911e+05 7.489733e-05
1.873817e+05 3.846672e-05
2.310130e+05 1.965828e-05
2.848036e+05 1.000428e-05
3.511192e+05 5.075217e-06
4.328761e+05 2.569045e-06
5.336699e+05 1.298583e-06
6.579332e+05 6.558205e-07
8.111308e+05 3.310340e-07
1.000000e+06 1.670434e-07
1.232847e+06 8.427775e-08
1.519911e+06 4.251638e-08
1.873817e+06 2.144757e-08
2.310130e+06 1.081904e-08
2.848036e+06 5.457494e-09
3.511192e+06 2.752929e-09
4.328761e+06 1.388658e-09
5.336699e+06 7.004788e-10
6.579332e+06 3.533413e-10
8.111308e+06 1.782353e-10
1.000000e+07 8.990691e-11
