1.000000e-02 2.496130e-02
1.232847e-02 2.613848e-02
1.519911e-02 2.737116e-02
1.873817e-02 2.866199e-02
2.310130e-02 3.001369e-02
2.848036e-02 3.142913e-02
3.511192e-02 3.291132e-02
4.328761e-02 3.446342e-02
5.336699e-02 3.608871e-02
6.579332e-02 3.779066e-02
8.111308e-02 3.957286e-02
1.000000e-01 4.143912e-02
1.232847e-01 4.339338e-02
1.519911e-01 4.543981e-02
1.873817e-01 4.758275e-02
2.310130e-01 4.982675e-02
2.848036e-01 5.217657e-02
3.511192e-01 5.463719e-02
4.328761e-01 5.721379e-02
5.336699e-01 5.991175e-02
6.579332e-01 6.273655e-02
8.111308e-01 6.569371e-02
1.000000e+00 6.878858e-02
1.232847e+00 7.202606e-02
1.519911e+00 7.541022e-02
1.873817e+00 7.894368e-02
2.310130e+00 8.262693e-02
2.848036e+00 8.645730e-02
3.511192e+00 9.042776e-02
4.328761e+00 9.452541e-02
5.336699e+00 9.872978e-02
6.579332e+00 1.030108e-01
8.111308e+00 1.073267e-01
1.000000e+01 1.116216e-01
1.232847e+01 1.158238e-01
1.519911e+01 1.198436e-01
1.873817e+01 1.235725e-01
2.310130e+01 1.268834e-01
2.848036e+01 1.296326e-01
3.511192e+01 1.316635e-01
4.328761e+01 1.328134e-01
5.336699e+01 1.329228e-01
6.579332e+01 1.318478e-01
8.111308e+01 1.294732e-01
1.000000e+02 1.257282e-01
1.232847e+02 1.205990e-01
1.519911e+02 1.141393e-01
1.873817e+02 1.064755e-01
2.310130e+02 9.780343e-02
2.848036e+02 8.837889e-02
3.511192e+02 7.850014e-02
4.328761e+02 6.848550e-02
5.336699e+02 5.864864e-02
6.579332e+02 4.927436e-02
8.111308e+02 4.059823e-02
1.000000e+03 3.279230e-02
1.232847e+03 2.595871e-02
1.519911e+03 2.013154e-02
1.873817e+03 1.528601e-02
2.310130e+03 1.135254e-02
2.848036e+03 8.232942e-03
3.511192e+03 5.815607e-03
4.328761e+03 3.987661e-03
5.336699e+03 2.642860e-03
6.579332e+03 1.685264e-03
8.111308e+03 1.029817e-03
1.000000e+04 6.017201e-04
1.232847e+04 3.364082e-04
1.519911e+04 1.806659e-04
1.873817e+04 9.380679e-05
2.310130e+04 4.745252e-05
2.848036e+04 2.355884e-05
3.511192e+04 1.155030e-05
4.328761e+04 5.617933e-06
5.336699e+04 2.719411e-06
6.579332e+04 1.312699e-06
8.111308e+04 6.326729e-07
1.000000e+05 3.046664e-07
1.232847e+05 1.466472e-07
1.519911e+05 7.057004e-08
1.873817e+05 3.395582e-08
2.310130e+05 1.633734e-08
2.848036e+05 7.860222e-09
3.511192e+05 3.781653e-09
4.328761e+05 1.819387e-09
5.336699e+05 8.753203e-10
6.579332e+05 4.211221e-10
8.111308e+05 2.026043e-10
1.000000e+06 9.747409e-11
1.232847e+06 4.689533e-11
1.519911e+06 2.256160e-11
1.873817e+06 1.085451e-11
2.310130e+06 5.222164e-12
2.848036e+06 2.512412e-12
3.511192e+06 1.208735e-12
4.328761e+06 5.815290e-13
5.336699e+06 2.797768e-13
6.579332e+06 1.346021e-13
8.111308e+06 6.475782e-14
1.000000e+07 3.115534e-14
