1.000000e-02 7.051342e-03
1.232847e-02 7.451970e-03
1.519911e-02 7.875359e-03
1.873817e-02 8.322804e-03
2.310130e-02 8.795671e-03
2.848036e-02 9.295404e-03
3.511192e-02 9.823530e-03
4.328761e-02 1.038166e-02
5.336699e-02 1.097150e-02
6.579332e-02 1.159486e-02
8.111308e-02 1.225363e-02
1.000000e-01 1.294983e-02
1.232847e-01 1.368558e-02
1.519911e-01 1.446314e-02
1.873817e-01 1.528488e-02
2.310130e-01 1.615330e-02
2.848036e-01 1.707106e-02
3.511192e-01 1.804097e-02
4.328761e-01 1.906598e-02
5.336699e-01 2.014922e-02
6.579332e-01 2.129400e-02
8.111308e-01 2.250381e-02
1.000000e+00 2.378231e-02
1.232847e+00 2.513338e-02
1.519911e+00 2.656109e-02
1.873817e+00 2.806969e-02
2.310130e+00 2.966364e-02
2.848036e+00 3.134755e-02
3.511192e+00 3.312621e-02
4.328761e+00 3.500452e-02
5.336699e+00 3.698747e-02
6.579332e+00 3.908007e-02
8.111308e+00 4.128725e-02
1.000000e+01 4.361380e-02
1.232847e+01 4.606419e-02
1.519911e+01 4.864243e-02
1.873817e+01 5.135185e-02
2.310130e+01 5.419487e-02
2.848036e+01 5.717265e-02
3.511192e+01 6.028483e-02
4.328761e+01 6.352903e-02
5.336699e+01 6.690050e-02
6.579332e+01 7.039161e-02
8.111308e+01 7.399138e-02
1.000000e+02 7.768499e-02
1.232847e+02 8.145338e-02
1.519911e+02 8.527292e-02
1.873817e+02 8.911522e-02
2.310130e+02 9.294717e-02
2.848036e+02 9.673124e-02
3.511192e+02 1.004261e-01
4.328761e+02 1.039877e-01
5.336699e+02 1.073705e-01
6.579332e+02 1.105289e-01
8.111308e+02 1.134197e-01
1.000000e+03 1.160033e-01
1.232847e+03 1.182457e-01
1.519911e+03 1.201193e-01
1.873817e+03 1.216030e-01
2.310130e+03 1.226813e-01
2.848036e+03 1.233413e-01
3.511192e+03 1.235682e-01
4.328761e+03 1.233391e-01
5.336699e+03 1.226146e-01
6.579332e+03 1.213293e-01
8.111308e+03 1.193820e-01
1.000000e+04 1.166288e-01
1.232847e+04 1.128805e-01
1.519911e+04 1.079135e-01
1.873817e+04 1.014980e-01
2.310130e+04 9.345295e-02
2.848036e+04 8.372522e-02
3.511192e+04 7.248161e-02
4.328761e+04 6.017771e-02
5.336699e+04 4.755422e-02
6.579332e+04 3.552167e-02
8.111308e+04 2.494611e-02
1.000000e+05 1.641902e-02
1.232847e+05 1.012413e-02
1.519911e+05 5.863177e-03
1.873817e+05 3.205798e-03
2.310130e+05 1.667018e-03
2.848036e+05 8.315298e-04
3.511192e+05 4.014640e-04
4.328761e+05 1.892035e-04
5.336699e+05 8.767927e-05
6.579332e+05 4.018363e-05
8.111308e+05 1.828943e-05
1.000000e+06 8.290330e-06
1.232847e+06 3.749169e-06
1.519911e+06 1.693357e-06
1.873817e+06 7.643159e-07
2.310130e+06 3.448657e-07
2.848036e+06 1.555802e-07
3.511192e+06 7.018169e-08
4.328761e+06 3.165756e-08
5.336699e+06 1.427987e-08
6.579332e+06 6.441224e-09
8.111308e+06 2.905439e-09
1.000000e+07 1.310554e-09
