1.000000e-02 2.180035e-02
1.232847e-02 2.280702e-02
1.519911e-02 2.386018e-02
1.873817e-02 2.496197e-02
2.310130e-02 2.611464e-02
2.848036e-02 2.732053e-02
3.511192e-02 2.858211e-02
4.328761e-02 2.990194e-02
5.336699e-02 3.128272e-02
6.579332e-02 3.272726e-02
8.111308e-02 3.423850e-02
1.000000e-01 3.581953e-02
1.232847e-01 3.747356e-02
1.519911e-01 3.920397e-02
1.873817e-01 4.101429e-02
2.310130e-01 4.290820e-02
2.848036e-01 4.488956e-02
3.511192e-01 4.696240e-02
4.328761e-01 4.913088e-02
5.336699e-01 5.139934e-02
6.579332e-01 5.377214e-02
8.111308e-01 5.625365e-02
1.000000e+00 5.884804e-02
1.232847e+00 6.155906e-02
1.519911e+00 6.438973e-02
1.873817e+00 6.734189e-02
2.310130e+00 7.041574e-02
2.848036e+00 7.360916e-02
3.511192e+00 7.691704e-02
4.328761e+00 8.033044e-02
5.336699e+00 8.383580e-02
6.579332e+00 8.741403e-02
8.111308e+00 9.103980e-02
1.000000e+01 9.468081e-02
1.232847e+01 9.829738e-02
1.519911e+01 1.018424e-01
1.873817e+01 1.052613e-01
2.310130e+01 1.084934e-01
2.848036e+01 1.114726e-01
3.511192e+01 1.141293e-01
4.328761e+01 1.163931e-01
5.336699e+01 1.181946e-01
6.579332e+01 1.194690e-01
8.111308e+01 1.201580e-01
1.000000e+02 1.202125e-01
1.232847e+02 1.195945e-01
1.519911e+02 1.182777e-01
1.873817e+02 1.162485e-01
2.310130e+02 1.135059e-01
2.848036e+02 1.100603e-01
3.511192e+02 1.059336e-01
4.328761e+02 1.011587e-01
5.336699e+02 9.577939e-02
6.579332e+02 8.985145e-02
8.111308e+02 8.344405e-02
1.000000e+03 7.664127e-02
1.232847e+03 6.954315e-02
1.519911e+03 6.226559e-02
1.873817e+03 5.493830e-02
2.310130e+03 4.770052e-02
2.848036e+03 4.069453e-02
3.511192e+03 3.405742e-02
4.328761e+03 2.791216e-02
5.336699e+03 2.235914e-02
6.579332e+03 1.746936e-02
8.111308e+03 1.328031e-02
1.000000e+04 9.795265e-03
1.232847e+04 6.986006e-03
1.519911e+04 4.798433e-03
1.873817e+04 3.159633e-03
2.310130e+04 1.985048e-03
2.848036e+04 1.184986e-03
3.511192e+04 6.706345e-04
4.328761e+04 3.601397e-04
5.336699e+04 1.843597e-04
6.579332e+04 9.066244e-05
8.111308e+04 4.322916e-05
1.000000e+05 2.016601e-05
1.232847e+05 9.272695e-06
1.519911e+05 4.226010e-06
1.873817e+05 1.916017e-06
2.310130e+05 8.661839e-07
2.848036e+05 3.909718e-07
3.511192e+05 1.763314e-07
4.328761e+05 7.949428e-08
5.336699e+05 3.583059e-08
6.579332e+05 1.614839e-08
8.111308e+05 7.277525e-09
1.000000e+06 3.279657e-09
1.232847e+06 1.477980e-09
1.519911e+06 6.660498e-10
1.873817e+06 3.001537e-10
2.310130e+06 1.352634e-10
2.848036e+06 6.095604e-11
3.511192e+06 2.746964e-11
4.328761e+06 1.237911e-11
5.336699e+06 5.578604e-12
6.579332e+06 2.513980e-12
8.111308e+06 1.132917e-12
1.000000e+07 5.105453e-13
