1.000000e-02 1.303652e-02
1.232847e-02 1.375109e-02
1.519911e-02 1.450482e-02
1.873817e-02 1.529987e-02
2.310130e-02 1.613850e-02
2.848036e-02 1.702310e-02
3.511192e-02 1.795618e-02
4.328761e-02 1.894041e-02
5.336699e-02 1.997858e-02
6.579332e-02 2.107367e-02
8.111308e-02 2.222877e-02
1.000000e-01 2.344719e-02
1.232847e-01 2.473240e-02
1.519911e-01 2.608805e-02
1.873817e-01 2.751801e-02
2.310130e-01 2.902635e-02
2.848036e-01 3.061736e-02
3.511192e-01 3.229559e-02
4.328761e-01 3.406581e-02
5.336699e-01 3.593309e-02
6.579332e-01 3.790276e-02
8.111308e-01 3.998051e-02
1.000000e+00 4.217235e-02
1.232847e+00 4.448468e-02
1.519911e+00 4.692434e-02
1.873817e+00 4.949861e-02
2.310130e+00 5.221528e-02
2.848036e+00 5.508258e-02
3.511192e+00 5.810921e-02
4.328761e+00 6.130421e-02
5.336699e+00 6.467676e-02
6.579332e+00 6.823590e-02
8.111308e+00 7.199005e-02
1.000000e+01 7.594633e-02
1.232847e+01 8.010964e-02
1.519911e+01 8.448141e-02
1.873817e+01 8.905794e-02
2.310130e+01 9.382839e-02
2.848036e+01 9.877225e-02
3.511192e+01 1.038564e-01
4.328761e+01 1.090319e-01
5.336699e+01 1.142302e-01
6.579332e+01 1.193603e-01
8.111308e+01 1.243055e-01
1.000000e+02 1.289220e-01
1.232847e+02 1.330393e-01
1.519911e+02 1.364638e-01
1.873817e+02 1.389861e-01
2.310130e+02 1.403925e-01
2.848036e+02 1.404812e-01
3.511192e+02 1.390818e-01
4.328761e+02 1.360760e-01
5.336699e+02 1.314169e-01
6.579332e+02 1.251440e-01
8.111308e+02 1.173893e-01
1.000000e+03 1.083743e-01
1.232847e+03 9.839619e-02
1.519911e+03 8.780492e-02
1.873817e+03 7.697478e-02
2.310130e+03 6.627351e-02
2.848036e+03 5.603355e-02
3.511192e+03 4.652892e-02
4.328761e+03 3.796002e-02
5.336699e+03 3.044737e-02
6.579332e+03 2.403430e-02
8.111308e+03 1.869680e-02
1.000000e+04 1.435860e-02
1.232847e+04 1.090842e-02
1.519911e+04 8.217075e-03
1.873817e+04 6.152118e-03
2.310130e+04 4.588775e-03
2.848036e+04 3.416796e-03
3.511192e+04 2.543593e-03
4.328761e+04 1.894560e-03
5.336699e+04 1.411586e-03
6.579332e+04 1.050659e-03
8.111308e+04 7.792376e-04
1.000000e+05 5.737617e-04
1.232847e+05 4.174824e-04
1.519911e+05 2.986391e-04
1.873817e+05 2.089493e-04
2.310130e+05 1.423830e-04
2.848036e+05 9.423658e-05
3.511192e+05 6.054256e-05
4.328761e+05 3.781579e-05
5.336699e+05 2.304207e-05
6.579332e+05 1.375679e-05
8.111308e+05 8.084744e-06
1.000000e+06 4.696808e-06
1.232847e+06 2.706710e-06
1.519911e+06 1.551462e-06
1.873817e+06 8.862070e-07
2.310130e+06 5.051200e-07
2.848036e+06 2.875379e-07
3.511192e+06 1.635592e-07
4.328761e+06 9.299956e-08
5.336699e+06 5.286875e-08
6.579332e+06 3.005234e-08
8.111308e+06 1.708220e-08
1.000000e+07 9.709724e-09
