1.000000e-02 9.478394e-03
1.232847e-02 9.994487e-03
1.519911e-02 1.053868e-02
1.873817e-02 1.111251e-02
2.310130e-02 1.171758e-02
2.848036e-02 1.235559e-02
3.511192e-02 1.302835e-02
4.328761e-02 1.373773e-02
5.336699e-02 1.448574e-02
6.579332e-02 1.527449e-02
8.111308e-02 1.610617e-02
1.000000e-01 1.698314e-02
1.232847e-01 1.790787e-02
1.519911e-01 1.888294e-02
1.873817e-01 1.991111e-02
2.310130e-01 2.099525e-02
2.848036e-01 2.213843e-02
3.511192e-01 2.334386e-02
4.328761e-01 2.461492e-02
5.336699e-01 2.595520e-02
6.579332e-01 2.736846e-02
8.111308e-01 2.885870e-02
1.000000e+00 3.043013e-02
1.232847e+00 3.208720e-02
1.519911e+00 3.383463e-02
1.873817e+00 3.567742e-02
2.310130e+00 3.762087e-02
2.848036e+00 3.967059e-02
3.511192e+00 4.183253e-02
4.328761e+00 4.411294e-02
5.336699e+00 4.651841e-02
6.579332e+00 4.905578e-02
8.111308e+00 5.173214e-02
1.000000e+01 5.455463e-02
1.232847e+01 5.753034e-02
1.519911e+01 6.066606e-02
1.873817e+01 6.396793e-02
2.310130e+01 6.744104e-02
2.848036e+01 7.108883e-02
3.511192e+01 7.491238e-02
4.328761e+01 7.890958e-02
5.336699e+01 8.307397e-02
6.579332e+01 8.739358e-02
8.111308e+01 9.184946e-02
1.000000e+02 9.641413e-02
1.232847e+02 1.010500e-01
1.519911e+02 1.057077e-01
1.873817e+02 1.103249e-01
2.310130e+02 1.148249e-01
2.848036e+02 1.191169e-01
3.511192e+02 1.230961e-01
4.328761e+02 1.266455e-01
5.336699e+02 1.296392e-01
6.579332e+02 1.319471e-01
8.111308e+02 1.334402e-01
1.000000e+03 1.339985e-01
1.232847e+03 1.335180e-01
1.519911e+03 1.319180e-01
1.873817e+03 1.291481e-01
2.310130e+03 1.251927e-01
2.848036e+03 1.200741e-01
3.511192e+03 1.138538e-01
4.328761e+03 1.066318e-01
5.336699e+03 9.854435e-02
6.579332e+03 8.976080e-02
8.111308e+03 8.047947e-02
1.000000e+04 7.092220e-02
1.232847e+04 6.132724e-02
1.519911e+04 5.193925e-02
1.873817e+04 4.299607e-02
2.310130e+04 3.471305e-02
2.848036e+04 2.726688e-02
3.511192e+04 2.078198e-02
4.328761e+04 1.532232e-02
5.336699e+04 1.089031e-02
6.579332e+04 7.432461e-03
8.111308e+04 4.850359e-03
1.000000e+05 3.014427e-03
1.232847e+05 1.778688e-03
1.519911e+05 9.955463e-04
1.873817e+05 5.297364e-04
2.310130e+05 2.694886e-04
2.848036e+05 1.321449e-04
3.511192e+05 6.302839e-05
4.328761e+05 2.948837e-05
5.336699e+05 1.362490e-05
6.579332e+05 6.247401e-06
8.111308e+05 2.851962e-06
1.000000e+06 1.298739e-06
1.232847e+06 5.906500e-07
1.519911e+06 2.684375e-07
1.873817e+06 1.219571e-07
2.310130e+06 5.539843e-08
2.848036e+06 2.516243e-08
3.511192e+06 1.142856e-08
4.328761e+06 5.190660e-09
5.336699e+06 2.357495e-09
6.579332e+06 1.070724e-09
8.111308e+06 4.863000e-10
1.000000e+07 2.208670e-10
