1.000000e-02 1.006411e-02
1.232847e-02 1.060100e-02
1.519911e-02 1.116653e-02
1.873817e-02 1.176223e-02
2.310130e-02 1.238970e-02
2.848036e-02 1.305066e-02
3.511192e-02 1.374687e-02
4.328761e-02 1.448022e-02
5.336699e-02 1.525269e-02
6.579332e-02 1.606638e-02
8.111308e-02 1.692347e-02
1.000000e-01 1.782628e-02
1.232847e-01 1.877726e-02
1.519911e-01 1.977897e-02
1.873817e-01 2.083411e-02
2.310130e-01 2.194555e-02
2.848036e-01 2.311627e-02
3.511192e-01 2.434946e-02
4.328761e-01 2.564843e-02
5.336699e-01 2.701671e-02
6.579332e-01 2.845801e-02
8.111308e-01 2.997625e-02
1.000000e+00 3.157560e-02
1.232847e+00 3.326046e-02
1.519911e+00 3.503556e-02
1.873817e+00 3.690592e-02
2.310130e+00 3.887696e-02
2.848036e+00 4.095450e-02
3.511192e+00 4.314482e-02
4.328761e+00 4.545472e-02
5.336699e+00 4.789151e-02
6.579332e+00 5.046309e-02
8.111308e+00 5.317789e-02
1.000000e+01 5.604482e-02
1.232847e+01 5.907321e-02
1.519911e+01 6.227256e-02
1.873817e+01 6.565231e-02
2.310130e+01 6.922137e-02
2.848036e+01 7.298756e-02
3.511192e+01 7.695682e-02
4.328761e+01 8.113216e-02
5.336699e+01 8.551235e-02
6.579332e+01 9.009035e-02
8.111308e+01 9.485129e-02
1.000000e+02 9.977029e-02
1.232847e+02 1.048099e-01
1.519911e+02 1.099175e-01
1.873817e+02 1.150226e-01
2.310130e+02 1.200347e-01
2.848036e+02 1.248414e-01
3.511192e+02 1.293084e-01
4.328761e+02 1.332804e-01
5.336699e+02 1.365851e-01
6.579332e+02 1.390389e-01
8.111308e+02 1.404560e-01
1.000000e+03 1.406607e-01
1.232847e+03 1.395003e-01
1.519911e+03 1.368605e-01
1.873817e+03 1.326788e-01
2.310130e+03 1.269567e-01
2.848036e+03 1.197671e-01
3.511192e+03 1.112563e-01
4.328761e+03 1.016408e-01
5.336699e+03 9.119775e-02
6.579332e+03 8.025076e-02
8.111308e+03 6.915086e-02
1.000000e+04 5.825419e-02
1.232847e+04 4.789741e-02
1.519911e+04 3.837270e-02
1.873817e+04 2.990527e-02
2.310130e+04 2.263677e-02
2.848036e+04 1.661832e-02
3.511192e+04 1.181527e-02
4.328761e+04 8.123155e-03
5.336699e+04 5.391050e-03
6.579332e+04 3.446704e-03
8.111308e+04 2.118131e-03
1.000000e+05 1.248716e-03
1.232847e+05 7.055256e-04
1.519911e+05 3.823727e-04
1.873817e+05 1.994433e-04
2.310130e+05 1.006731e-04
2.848036e+05 4.951540e-05
3.511192e+05 2.389513e-05
4.328761e+05 1.138259e-05
5.336699e+05 5.377232e-06
6.579332e+05 2.527451e-06
8.111308e+05 1.184500e-06
1.000000e+06 5.542151e-07
1.232847e+06 2.590833e-07
1.519911e+06 1.210598e-07
1.873817e+06 5.655327e-08
2.310130e+06 2.641582e-08
2.848036e+06 1.233802e-08
3.511192e+06 5.762549e-09
4.328761e+06 2.691401e-09
5.336699e+06 1.257013e-09
6.579332e+06 5.870841e-10
8.111308e+06 2.741957e-10
1.000000e+07 1.280621e-10
