1.000000e-02 6.765502e-03
1.232847e-02 7.131509e-03
1.519911e-02 7.517316e-03
1.873817e-02 7.923994e-03
2.310130e-02 8.352674e-03
2.848036e-02 8.804545e-03
3.511192e-02 9.280861e-03
4.328761e-02 9.782946e-03
5.336699e-02 1.031219e-02
6.579332e-02 1.087007e-02
8.111308e-02 1.145813e-02
1.000000e-01 1.207800e-02
1.232847e-01 1.273141e-02
1.519911e-01 1.342017e-02
1.873817e-01 1.414618e-02
2.310130e-01 1.491148e-02
2.848036e-01 1.571817e-02
3.511192e-01 1.656851e-02
4.328761e-01 1.746485e-02
5.336699e-01 1.840968e-02
6.579332e-01 1.940562e-02
8.111308e-01 2.045546e-02
1.000000e+00 2.156210e-02
1.232847e+00 2.272862e-02
1.519911e+00 2.395830e-02
1.873817e+00 2.525458e-02
2.310130e+00 2.662111e-02
2.848036e+00 2.806177e-02
3.511192e+00 2.958069e-02
4.328761e+00 3.118225e-02
5.336699e+00 3.287116e-02
6.579332e+00 3.465245e-02
8.111308e+00 3.653150e-02
1.000000e+01 3.851411e-02
1.232847e+01 4.060650e-02
1.519911e+01 4.281535e-02
1.873817e+01 4.514783e-02
2.310130e+01 4.761157e-02
2.848036e+01 5.021472e-02
3.511192e+01 5.296580e-02
4.328761e+01 5.587374e-02
5.336699e+01 5.894764e-02
6.579332e+01 6.219659e-02
8.111308e+01 6.562942e-02
1.000000e+02 6.925421e-02
1.232847e+02 7.307775e-02
1.519911e+02 7.710485e-02
1.873817e+02 8.133736e-02
2.310130e+02 8.577307e-02
2.848036e+02 9.040424e-02
3.511192e+02 9.521598e-02
4.328761e+02 1.001843e-01
5.336699e+02 1.052740e-01
6.579332e+02 1.104361e-01
8.111308e+02 1.156060e-01
1.000000e+03 1.207003e-01
1.232847e+03 1.256158e-01
1.519911e+03 1.302277e-01
1.873817e+03 1.343893e-01
2.310130e+03 1.379339e-01
2.848036e+03 1.406781e-01
3.511192e+03 1.424275e-01
4.328761e+03 1.429863e-01
5.336699e+03 1.421692e-01
6.579332e+03 1.398169e-01
8.111308e+03 1.358139e-01
1.000000e+04 1.301086e-01
1.232847e+04 1.227321e-01
1.519911e+04 1.138133e-01
1.873817e+04 1.035863e-01
2.310130e+04 9.238514e-02
2.848036e+04 8.062214e-02
3.511192e+04 6.875190e-02
4.328761e+04 5.722475e-02
5.336699e+04 4.643955e-02
6.579332e+04 3.670596e-02
8.111308e+04 2.822338e-02
1.000000e+05 2.107902e-02
1.232847e+05 1.526157e-02
1.519911e+05 1.068427e-02
1.873817e+05 7.210217e-03
2.310130e+05 4.674880e-03
2.848036e+05 2.903616e-03
3.511192e+05 1.724796e-03
4.328761e+05 9.804077e-04
5.336699e+05 5.350169e-04
6.579332e+05 2.819059e-04
8.111308e+05 1.444519e-04
1.000000e+06 7.250903e-05
1.232847e+06 3.588326e-05
1.519911e+06 1.759521e-05
1.873817e+06 8.579184e-06
2.310130e+06 4.169334e-06
2.848036e+06 2.022508e-06
3.511192e+06 9.801450e-07
4.328761e+06 4.747641e-07
5.336699e+06 2.299145e-07
6.579332e+06 1.113305e-07
8.111308e+06 5.390741e-08
1.000000e+07 2.610241e-08
