1.000000e-02 1.852752e-02
1.232847e-02 1.938753e-02
1.519911e-02 2.028745e-02
1.873817e-02 2.122915e-02
2.310130e-02 2.221456e-02
2.848036e-02 2.324571e-02
3.511192e-02 2.432473e-02
4.328761e-02 2.545383e-02
5.336699e-02 2.663534e-02
6.579332e-02 2.787169e-02
8.111308e-02 2.916543e-02
1.000000e-01 3.051923e-02
1.232847e-01 3.193586e-02
1.519911e-01 3.341825e-02
1.873817e-01 3.496945e-02
2.310130e-01 3.659266e-02
2.848036e-01 3.829122e-02
3.511192e-01 4.006865e-02
4.328761e-01 4.192866e-02
5.336699e-01 4.387521e-02
6.579332e-01 4.591262e-02
8.111308e-01 4.804566e-02
1.000000e+00 5.027980e-02
1.232847e+00 5.262149e-02
1.519911e+00 5.507852e-02
1.873817e+00 5.766053e-02
2.310130e+00 6.037950e-02
2.848036e+00 6.325037e-02
3.511192e+00 6.629170e-02
4.328761e+00 6.952620e-02
5.336699e+00 7.298127e-02
6.579332e+00 7.668924e-02
8.111308e+00 8.068725e-02
1.000000e+01 8.501663e-02
1.232847e+01 8.972140e-02
1.519911e+01 9.484556e-02
1.873817e+01 1.004287e-01
2.310130e+01 1.064993e-01
2.848036e+01 1.130651e-01
3.511192e+01 1.200997e-01
4.328761e+01 1.275258e-01
5.336699e+01 1.351939e-01
6.579332e+01 1.428610e-01
8.111308e+01 1.501712e-01
1.000000e+02 1.566482e-01
1.232847e+02 1.617083e-01
1.519911e+02 1.647059e-01
1.873817e+02 1.650157e-01
2.310130e+02 1.621452e-01
2.848036e+02 1.558480e-01
3.511192e+02 1.461970e-01
4.328761e+02 1.335769e-01
5.336699e+02 1.185819e-01
6.579332e+02 1.018582e-01
8.111308e+02 8.397965e-02
1.000000e+03 6.547531e-02
1.232847e+03 4.708903e-02
1.519911e+03 3.014371e-02
1.873817e+03 1.648100e-02
2.310130e+03 7.455753e-03
2.848036e+03 2.783469e-03
3.511192e+03 8.859765e-04
4.328761e+03 2.530290e-04
5.336699e+03 6.793816e-05
6.579332e+03 1.769693e-05
8.111308e+03 4.549412e-06
1.000000e+04 1.163466e-06
1.232847e+04 2.969813e-07
1.519911e+04 7.575725e-08
1.873817e+04 1.932095e-08
2.310130e+04 4.927253e-09
2.848036e+04 1.256530e-09
3.511192e+04 3.204338e-10
4.328761e+04 8.171524e-11
5.336699e+04 2.083856e-11
6.579332e+04 5.314131e-12
8.111308e+04 1.355180e-12
1.000000e+05 3.455902e-13
1.232847e+05 8.813044e-14
1.519911e+05 2.247452e-14
1.873817e+05 5.731325e-15
2.310130e+05 1.461570e-15
2.848036e+05 3.727212e-16
3.511192e+05 9.504925e-17
4.328761e+05 2.423892e-17
5.336699e+05 6.181271e-18
6.579332e+05 1.576313e-18
8.111308e+05 4.019823e-19
1.000000e+06 1.025112e-19
1.232847e+06 2.614183e-20
1.519911e+06 6.666541e-21
1.873817e+06 1.700063e-21
2.310130e+06 4.335405e-22
2.848036e+06 1.105590e-22
3.511192e+06 2.819414e-23
4.328761e+06 7.189908e-24
5.336699e+06 1.833529e-24
6.579332e+06 4.675762e-25
8.111308e+06 1.192386e-25
1.000000e+07 3.040756e-26
