1.000000e-02 8.947523e-03
1.232847e-02 9.397451e-03
1.519911e-02 9.870003e-03
1.873817e-02 1.036632e-02
2.310130e-02 1.088759e-02
2.848036e-02 1.143508e-02
3.511192e-02 1.201009e-02
4.328761e-02 1.261402e-02
5.336699e-02 1.324832e-02
6.579332e-02 1.391451e-02
8.111308e-02 1.461421e-02
1.000000e-01 1.534909e-02
1.232847e-01 1.612092e-02
1.519911e-01 1.693156e-02
1.873817e-01 1.778297e-02
2.310130e-01 1.867719e-02
2.848036e-01 1.961637e-02
3.511192e-01 2.060279e-02
4.328761e-01 2.163880e-02
5.336699e-01 2.272691e-02
6.579332e-01 2.386971e-02
8.111308e-01 2.506997e-02
1.000000e+00 2.633053e-02
1.232847e+00 2.765441e-02
1.519911e+00 2.904471e-02
1.873817e+00 3.050471e-02
2.310130e+00 3.203777e-02
2.848036e+00 3.364741e-02
3.511192e+00 3.533725e-02
4.328761e+00 3.711103e-02
5.336699e+00 3.897261e-02
6.579332e+00 4.092596e-02
8.111308e+00 4.297519e-02
1.000000e+01 4.512453e-02
1.232847e+01 4.737836e-02
1.519911e+01 4.974125e-02
1.873817e+01 5.221798e-02
2.310130e+01 5.481360e-02
2.848036e+01 5.753350e-02
3.511192e+01 6.038349e-02
4.328761e+01 6.336992e-02
5.336699e+01 6.649981e-02
6.579332e+01 6.978099e-02
8.111308e+01 7.322231e-02
1.000000e+02 7.683384e-02
1.232847e+02 8.062708e-02
1.519911e+02 8.461519e-02
1.873817e+02 8.881322e-02
2.310130e+02 9.323823e-02
2.848036e+02 9.790931e-02
3.511192e+02 1.028473e-01
4.328761e+02 1.080742e-01
5.336699e+02 1.136116e-01
6.579332e+02 1.194779e-01
8.111308e+02 1.256837e-01
1.000000e+03 1.322242e-01
1.232847e+03 1.390662e-01
1.519911e+03 1.461286e-01
1.873817e+03 1.532531e-01
2.310130e+03 1.601612e-01
2.848036e+03 1.663978e-01
3.511192e+03 1.712648e-01
4.328761e+03 1.737624e-01
5.336699e+03 1.725832e-01
6.579332e+03 1.662371e-01
8.111308e+03 1.534105e-01
1.000000e+04 1.336131e-01
1.232847e+04 1.079431e-01
1.519911e+04 7.944830e-02
1.873817e+04 5.243264e-02
2.310130e+04 3.070670e-02
2.848036e+04 1.593086e-02
3.511192e+04 7.383426e-03
4.328761e+04 3.109721e-03
5.336699e+04 1.216768e-03
6.579332e+04 4.522673e-04
8.111308e+04 1.627224e-04
1.000000e+05 5.745152e-05
1.232847e+05 2.008017e-05
1.519911e+05 6.983040e-06
1.873817e+05 2.422671e-06
2.310130e+05 8.396283e-07
2.848036e+05 2.908604e-07
3.511192e+05 1.007400e-07
4.328761e+05 3.488893e-08
5.336699e+05 1.208261e-08
6.579332e+05 4.184362e-09
8.111308e+05 1.449092e-09
1.000000e+06 5.018362e-10
1.232847e+06 1.737912e-10
1.519911e+06 6.018573e-11
1.873817e+06 2.084295e-11
2.310130e+06 7.218133e-12
2.848036e+06 2.499715e-12
3.511192e+06 8.656777e-13
4.328761e+06 2.997933e-13
5.336699e+06 1.038216e-13
6.579332e+06 3.595450e-14
8.111308e+06 1.245142e-14
1.000000e+07 4.312058e-15
