1.000000e-02 8.512027e-03
1.232847e-02 8.948412e-03
1.519911e-02 9.407168e-03
1.873817e-02 9.889444e-03
2.310130e-02 1.039645e-02
2.848036e-02 1.092944e-02
3.511192e-02 1.148976e-02
4.328761e-02 1.207880e-02
5.336699e-02 1.269804e-02
6.579332e-02 1.334903e-02
8.111308e-02 1.403339e-02
1.000000e-01 1.475284e-02
1.232847e-01 1.550917e-02
1.519911e-01 1.630428e-02
1.873817e-01 1.714015e-02
2.310130e-01 1.801887e-02
2.848036e-01 1.894264e-02
3.511192e-01 1.991377e-02
4.328761e-01 2.093469e-02
5.336699e-01 2.200795e-02
6.579332e-01 2.313624e-02
8.111308e-01 2.432239e-02
1.000000e+00 2.556939e-02
1.232847e+00 2.688039e-02
1.519911e+00 2.825872e-02
1.873817e+00 2.970793e-02
2.310130e+00 3.123179e-02
2.848036e+00 3.283434e-02
3.511192e+00 3.451992e-02
4.328761e+00 3.629322e-02
5.336699e+00 3.815932e-02
6.579332e+00 4.012374e-02
8.111308e+00 4.219256e-02
1.000000e+01 4.437237e-02
1.232847e+01 4.667047e-02
1.519911e+01 4.909480e-02
1.873817e+01 5.165407e-02
2.310130e+01 5.435773e-02
2.848036e+01 5.721598e-02
3.511192e+01 6.023969e-02
4.328761e+01 6.344031e-02
5.336699e+01 6.682957e-02
6.579332e+01 7.041923e-02
8.111308e+01 7.422053e-02
1.000000e+02 7.824352e-02
1.232847e+02 8.249619e-02
1.519911e+02 8.698322e-02
1.873817e+02 9.170454e-02
2.310130e+02 9.665343e-02
2.848036e+02 1.018143e-01
3.511192e+02 1.071600e-01
4.328761e+02 1.126488e-01
5.336699e+02 1.182214e-01
6.579332e+02 1.237971e-01
8.111308e+02 1.292708e-01
1.000000e+03 1.345097e-01
1.232847e+03 1.393518e-01
1.519911e+03 1.436042e-01
1.873817e+03 1.470444e-01
2.310130e+03 1.494236e-01
2.848036e+03 1.504732e-01
3.511192e+03 1.499160e-01
4.328761e+03 1.474842e-01
5.336699e+03 1.429438e-01
6.579332e+03 1.361302e-01
8.111308e+03 1.269911e-01
1.000000e+04 1.156334e-01
1.232847e+04 1.023649e-01
1.519911e+04 8.771250e-02
1.873817e+04 7.240040e-02
2.310130e+04 5.727759e-02
2.848036e+04 4.319983e-02
3.511192e+04 3.089188e-02
4.328761e+04 2.082848e-02
5.336699e+04 1.317058e-02
6.579332e+04 7.775614e-03
8.111308e+04 4.274939e-03
1.000000e+05 2.190414e-03
1.232847e+05 1.051489e-03
1.519911e+05 4.774827e-04
1.873817e+05 2.076650e-04
2.310130e+05 8.759777e-05
2.848036e+05 3.622499e-05
3.511192e+05 1.480314e-05
4.328761e+05 6.008972e-06
5.336699e+05 2.430591e-06
6.579332e+05 9.814076e-07
8.111308e+05 3.959241e-07
1.000000e+06 1.596609e-07
1.232847e+06 6.437323e-08
1.519911e+06 2.595233e-08
1.873817e+06 1.046241e-08
2.310130e+06 4.217747e-09
2.848036e+06 1.700304e-09
3.511192e+06 6.854429e-10
4.328761e+06 2.763221e-10
5.336699e+06 1.113935e-10
6.579332e+06 4.490595e-11
8.111308e+06 1.810289e-11
1.000000e+07 7.297800e-12
