1.000000e-02 1.689268e-02
1.232847e-02 1.774913e-02
1.519911e-02 1.864901e-02
1.873817e-02 1.959452e-02
2.310130e-02 2.058796e-02
2.848036e-02 2.163177e-02
3.511192e-02 2.272850e-02
4.328761e-02 2.388083e-02
5.336699e-02 2.509159e-02
6.579332e-02 2.636374e-02
8.111308e-02 2.770038e-02
1.000000e-01 2.910479e-02
1.232847e-01 3.058040e-02
1.519911e-01 3.213082e-02
1.873817e-01 3.375986e-02
2.310130e-01 3.547148e-02
2.848036e-01 3.726989e-02
3.511192e-01 3.915949e-02
4.328761e-01 4.114492e-02
5.336699e-01 4.323111e-02
6.579332e-01 4.542329e-02
8.111308e-01 4.772707e-02
1.000000e+00 5.014857e-02
1.232847e+00 5.269451e-02
1.519911e+00 5.537238e-02
1.873817e+00 5.819068e-02
2.310130e+00 6.115906e-02
2.848036e+00 6.428859e-02
3.511192e+00 6.759191e-02
4.328761e+00 7.108337e-02
5.336699e+00 7.477897e-02
6.579332e+00 7.869620e-02
8.111308e+00 8.285350e-02
1.000000e+01 8.726931e-02
1.232847e+01 9.196060e-02
1.519911e+01 9.694055e-02
1.873817e+01 1.022154e-01
2.310130e+01 1.077798e-01
2.848036e+01 1.136112e-01
3.511192e+01 1.196621e-01
4.328761e+01 1.258515e-01
5.336699e+01 1.320539e-01
6.579332e+01 1.380899e-01
8.111308e+01 1.437158e-01
1.000000e+02 1.486197e-01
1.232847e+02 1.524228e-01
1.519911e+02 1.546946e-01
1.873817e+02 1.549833e-01
2.310130e+02 1.528648e-01
2.848036e+02 1.480079e-01
3.511192e+02 1.402474e-01
4.328761e+02 1.296506e-01
5.336699e+02 1.165580e-01
6.579332e+02 1.015810e-01
8.111308e+02 8.554802e-02
1.000000e+03 6.940410e-02
1.232847e+03 5.408193e-02
1.519911e+03 4.037122e-02
1.873817e+03 2.881362e-02
2.310130e+03 1.964663e-02
2.848036e+03 1.280995e-02
3.511192e+03 8.011889e-03
4.328761e+03 4.833397e-03
5.336699e+03 2.834347e-03
6.579332e+03 1.630622e-03
8.111308e+03 9.294077e-04
1.000000e+04 5.297014e-04
1.232847e+04 3.042309e-04
1.519911e+04 1.770863e-04
1.873817e+04 1.048162e-04
2.310130e+04 6.316036e-05
2.848036e+04 3.872480e-05
3.511192e+04 2.411618e-05
4.328761e+04 1.521884e-05
5.336699e+04 9.707718e-06
6.579332e+04 6.244370e-06
8.111308e+04 4.042098e-06
1.000000e+05 2.628735e-06
1.232847e+05 1.715313e-06
1.519911e+05 1.121945e-06
1.873817e+05 7.350536e-07
2.310130e+05 4.821288e-07
2.848036e+05 3.164799e-07
3.511192e+05 2.078543e-07
4.328761e+05 1.365608e-07
5.336699e+05 8.974220e-08
6.579332e+05 5.898422e-08
8.111308e+05 3.877219e-08
1.000000e+06 2.548794e-08
1.232847e+06 1.675592e-08
1.519911e+06 1.101576e-08
1.873817e+06 7.242171e-09
2.310130e+06 4.761327e-09
2.848036e+06 3.130331e-09
3.511192e+06 2.058043e-09
4.328761e+06 1.353068e-09
5.336699e+06 8.895809e-10
6.579332e+06 5.848594e-10
8.111308e+06 3.845188e-10
1.000000e+07 2.528038e-10
