1.000000e-02 8.136485e-03
1.232847e-02 8.587837e-03
1.519911e-02 9.064226e-03
1.873817e-02 9.567042e-03
2.310130e-02 1.009775e-02
2.848036e-02 1.065790e-02
3.511192e-02 1.124912e-02
4.328761e-02 1.187314e-02
5.336699e-02 1.253177e-02
6.579332e-02 1.322694e-02
8.111308e-02 1.396067e-02
1.000000e-01 1.473511e-02
1.232847e-01 1.555250e-02
1.519911e-01 1.641524e-02
1.873817e-01 1.732584e-02
2.310130e-01 1.828695e-02
2.848036e-01 1.930137e-02
3.511192e-01 2.037207e-02
4.328761e-01 2.150216e-02
5.336699e-01 2.269494e-02
6.579332e-01 2.395389e-02
8.111308e-01 2.528267e-02
1.000000e+00 2.668517e-02
1.232847e+00 2.816546e-02
1.519911e+00 2.972787e-02
1.873817e+00 3.137692e-02
2.310130e+00 3.311740e-02
2.848036e+00 3.495433e-02
3.511192e+00 3.689298e-02
4.328761e+00 3.893883e-02
5.336699e+00 4.109758e-02
6.579332e+00 4.337511e-02
8.111308e+00 4.577740e-02
1.000000e+01 4.831047e-02
1.232847e+01 5.098025e-02
1.519911e+01 5.379243e-02
1.873817e+01 5.675224e-02
2.310130e+01 5.986418e-02
2.848036e+01 6.313164e-02
3.511192e+01 6.655651e-02
4.328761e+01 7.013859e-02
5.336699e+01 7.387496e-02
6.579332e+01 7.775924e-02
8.111308e+01 8.178070e-02
1.000000e+02 8.592331e-02
1.232847e+02 9.016477e-02
1.519911e+02 9.447537e-02
1.873817e+02 9.881710e-02
2.310130e+02 1.031427e-01
2.848036e+02 1.073952e-01
3.511192e+02 1.115076e-01
4.328761e+02 1.154028e-01
5.336699e+02 1.189954e-01
6.579332e+02 1.221923e-01
8.111308e+02 1.248959e-01
1.000000e+03 1.270070e-01
1.232847e+03 1.284288e-01
1.519911e+03 1.290710e-01
1.873817e+03 1.288544e-01
2.310130e+03 1.277152e-01
2.848036e+03 1.256086e-01
3.511192e+03 1.225121e-01
4.328761e+03 1.184281e-01
5.336699e+03 1.133852e-01
6.579332e+03 1.074397e-01
8.111308e+03 1.006757e-01
1.000000e+04 9.320501e-02
1.232847e+04 8.516549e-02
1.519911e+04 7.671926e-02
1.873817e+04 6.804869e-02
2.310130e+04 5.935079e-02
2.848036e+04 5.082910e-02
3.511192e+04 4.268295e-02
4.328761e+04 3.509430e-02
5.336699e+04 2.821393e-02
6.579332e+04 2.214934e-02
8.111308e+04 1.695725e-02
1.000000e+05 1.264271e-02
1.232847e+05 9.164895e-03
1.519911e+05 6.447874e-03
1.873817e+05 4.393410e-03
2.310130e+05 2.893083e-03
2.848036e+05 1.837984e-03
3.511192e+05 1.125715e-03
4.328761e+05 6.652833e-04
5.336699e+05 3.804503e-04
6.579332e+05 2.114772e-04
8.111308e+05 1.148945e-04
1.000000e+06 6.135525e-05
1.232847e+06 3.236713e-05
1.519911e+06 1.693591e-05
1.873817e+06 8.815649e-06
2.310130e+06 4.574337e-06
2.848036e+06 2.369219e-06
3.511192e+06 1.225860e-06
4.328761e+06 6.339364e-07
5.336699e+06 3.277469e-07
6.579332e+06 1.694274e-07
8.111308e+06 8.758156e-08
1.000000e+07 4.527295e-08
