1.000000e-02 2.699467e-02
1.232847e-02 2.832099e-02
1.519911e-02 2.971249e-02
1.873817e-02 3.117235e-02
2.310130e-02 3.270394e-02
2.848036e-02 3.431078e-02
3.511192e-02 3.599657e-02
4.328761e-02 3.776519e-02
5.336699e-02 3.962070e-02
6.579332e-02 4.156739e-02
8.111308e-02 4.360972e-02
1.000000e-01 4.575239e-02
1.232847e-01 4.800034e-02
1.519911e-01 5.035874e-02
1.873817e-01 5.283301e-02
2.310130e-01 5.542885e-02
2.848036e-01 5.815222e-02
3.511192e-01 6.100935e-02
4.328761e-01 6.400671e-02
5.336699e-01 6.715096e-02
6.579332e-01 7.044875e-02
8.111308e-01 7.390651e-02
1.000000e+00 7.752994e-02
1.232847e+00 8.132341e-02
1.519911e+00 8.528889e-02
1.873817e+00 8.942472e-02
2.310130e+00 9.372376e-02
2.848036e+00 9.817122e-02
3.511192e+00 1.027419e-01
4.328761e+00 1.073972e-01
5.336699e+00 1.120812e-01
6.579332e+00 1.167176e-01
8.111308e+00 1.212062e-01
1.000000e+01 1.254205e-01
1.232847e+01 1.292068e-01
1.519911e+01 1.323866e-01
1.873817e+01 1.347616e-01
2.310130e+01 1.361237e-01
2.848036e+01 1.362693e-01
3.511192e+01 1.350183e-01
4.328761e+01 1.322362e-01
5.336699e+01 1.278554e-01
6.579332e+01 1.218950e-01
8.111308e+01 1.144710e-01
1.000000e+02 1.057975e-01
1.232847e+02 9.617303e-02
1.519911e+02 8.595641e-02
1.873817e+02 7.553226e-02
2.310130e+02 6.527435e-02
2.848036e+02 5.551172e-02
3.511192e+02 4.650360e-02
4.328761e+02 3.842600e-02
5.336699e+02 3.137041e-02
6.579332e+02 2.535268e-02
8.111308e+02 2.032847e-02
1.000000e+03 1.621161e-02
1.232847e+03 1.289196e-02
1.519911e+03 1.025057e-02
1.873817e+03 8.170960e-03
2.310130e+03 6.546520e-03
2.848036e+03 5.284325e-03
3.511192e+03 4.306381e-03
4.328761e+03 3.549091e-03
5.336699e+03 2.961716e-03
6.579332e+03 2.504411e-03
8.111308e+03 2.146208e-03
1.000000e+04 1.863156e-03
1.232847e+04 1.636742e-03
1.519911e+04 1.452594e-03
1.873817e+04 1.299489e-03
2.310130e+04 1.168610e-03
2.848036e+04 1.053049e-03
3.511192e+04 9.474918e-04
4.328761e+04 8.480438e-04
5.336699e+04 7.521535e-04
6.579332e+04 6.585474e-04
8.111308e+04 5.671219e-04
1.000000e+05 4.787409e-04
1.232847e+05 3.949281e-04
1.519911e+05 3.174890e-04
1.873817e+05 2.481273e-04
2.310130e+05 1.881279e-04
2.848036e+05 1.381544e-04
3.511192e+05 9.817562e-05
4.328761e+05 6.751300e-05
5.336699e+05 4.498555e-05
6.579332e+05 2.912032e-05
8.111308e+05 1.838163e-05
1.000000e+06 1.136472e-05
1.232847e+06 6.913463e-06
1.519911e+06 4.155409e-06
1.873817e+06 2.476553e-06
2.310130e+06 1.467575e-06
2.848036e+06 8.664823e-07
3.511192e+06 5.104432e-07
4.328761e+06 3.003160e-07
5.336699e+06 1.765697e-07
6.579332e+06 1.037811e-07
8.111308e+06 6.099180e-08
1.000000e+07 3.584388e-08
