1.000000e-02 6.322624e-03
1.232847e-02 6.675286e-03
1.519911e-02 7.047618e-03
1.873817e-02 7.440718e-03
2.310130e-02 7.855745e-03
2.848036e-02 8.293921e-03
3.511192e-02 8.756537e-03
4.328761e-02 9.244957e-03
5.336699e-02 9.760620e-03
6.579332e-02 1.030505e-02
8.111308e-02 1.087984e-02
1.000000e-01 1.148669e-02
1.232847e-01 1.212739e-02
1.519911e-01 1.280383e-02
1.873817e-01 1.351800e-02
2.310130e-01 1.427200e-02
2.848036e-01 1.506806e-02
3.511192e-01 1.590853e-02
4.328761e-01 1.679587e-02
5.336699e-01 1.773270e-02
6.579332e-01 1.872179e-02
8.111308e-01 1.976604e-02
1.000000e+00 2.086852e-02
1.232847e+00 2.203248e-02
1.519911e+00 2.326132e-02
1.873817e+00 2.455865e-02
2.310130e+00 2.592825e-02
2.848036e+00 2.737409e-02
3.511192e+00 2.890035e-02
4.328761e+00 3.051143e-02
5.336699e+00 3.221192e-02
6.579332e+00 3.400661e-02
8.111308e+00 3.590051e-02
1.000000e+01 3.789881e-02
1.232847e+01 4.000690e-02
1.519911e+01 4.223028e-02
1.873817e+01 4.457459e-02
2.310130e+01 4.704550e-02
2.848036e+01 4.964863e-02
3.511192e+01 5.238947e-02
4.328761e+01 5.527320e-02
5.336699e+01 5.830450e-02
6.579332e+01 6.148732e-02
8.111308e+01 6.482456e-02
1.000000e+02 6.831772e-02
1.232847e+02 7.196644e-02
1.519911e+02 7.576797e-02
1.873817e+02 7.971662e-02
2.310130e+02 8.380301e-02
2.848036e+02 8.801339e-02
3.511192e+02 9.232883e-02
4.328761e+02 9.672444e-02
5.336699e+02 1.011685e-01
6.579332e+02 1.056217e-01
8.111308e+02 1.100366e-01
1.000000e+03 1.143568e-01
1.232847e+03 1.185165e-01
1.519911e+03 1.224406e-01
1.873817e+03 1.260439e-01
2.310130e+03 1.292319e-01
2.848036e+03 1.319003e-01
3.511192e+03 1.339359e-01
4.328761e+03 1.352177e-01
5.336699e+03 1.356180e-01
6.579332e+03 1.350056e-01
8.111308e+03 1.332504e-01
1.000000e+04 1.302307e-01
1.232847e+04 1.258436e-01
1.519911e+04 1.200201e-01
1.873817e+04 1.127440e-01
2.310130e+04 1.040730e-01
2.848036e+04 9.415891e-02
3.511192e+04 8.326128e-02
4.328761e+04 7.174636e-02
5.336699e+04 6.006601e-02
6.579332e+04 4.871407e-02
8.111308e+04 3.816545e-02
1.000000e+05 2.881120e-02
1.232847e+05 2.090718e-02
1.519911e+05 1.455099e-02
1.873817e+05 9.691463e-03
2.310130e+05 6.163846e-03
2.848036e+05 3.736678e-03
3.511192e+05 2.157188e-03
4.328761e+05 1.186858e-03
5.336699e+05 6.243201e-04
6.579332e+05 3.157871e-04
8.111308e+05 1.547441e-04
1.000000e+06 7.405184e-05
1.232847e+06 3.485874e-05
1.519911e+06 1.623523e-05
1.873817e+06 7.512520e-06
2.310130e+06 3.463284e-06
2.848036e+06 1.593313e-06
3.511192e+06 7.322365e-07
4.328761e+06 3.363370e-07
5.336699e+06 1.544524e-07
6.579332e+06 7.092075e-08
8.111308e+06 3.256407e-08
1.000000e+07 1.495209e-08
