1.000000e-02 1.204799e-02
1.232847e-02 1.255291e-02
1.519911e-02 1.307900e-02
1.873817e-02 1.362713e-02
2.310130e-02 1.419824e-02
2.848036e-02 1.479328e-02
3.511192e-02 1.541325e-02
4.328761e-02 1.605922e-02
5.336699e-02 1.673225e-02
6.579332e-02 1.743349e-02
8.111308e-02 1.816412e-02
1.000000e-01 1.892537e-02
1.232847e-01 1.971852e-02
1.519911e-01 2.054491e-02
1.873817e-01 2.140594e-02
2.310130e-01 2.230305e-02
2.848036e-01 2.323776e-02
3.511192e-01 2.421163e-02
4.328761e-01 2.522632e-02
5.336699e-01 2.628350e-02
6.579332e-01 2.738494e-02
8.111308e-01 2.853243e-02
1.000000e+00 2.972779e-02
1.232847e+00 3.097287e-02
1.519911e+00 3.226950e-02
1.873817e+00 3.361945e-02
2.310130e+00 3.502446e-02
2.848036e+00 3.648616e-02
3.511192e+00 3.800605e-02
4.328761e+00 3.958554e-02
5.336699e+00 4.122590e-02
6.579332e+00 4.292832e-02
8.111308e+00 4.469395e-02
1.000000e+01 4.652396e-02
1.232847e+01 4.841965e-02
1.519911e+01 5.038260e-02
1.873817e+01 5.241478e-02
2.310130e+01 5.451871e-02
2.848036e+01 5.669766e-02
3.511192e+01 5.895580e-02
4.328761e+01 6.129827e-02
5.336699e+01 6.373134e-02
6.579332e+01 6.626233e-02
8.111308e+01 6.889954e-02
1.000000e+02 7.165202e-02
1.232847e+02 7.452916e-02
1.519911e+02 7.754013e-02
1.873817e+02 8.069308e-02
2.310130e+02 8.399407e-02
2.848036e+02 8.744579e-02
3.511192e+02 9.104599e-02
4.328761e+02 9.478562e-02
5.336699e+02 9.864672e-02
6.579332e+02 1.026002e-01
8.111308e+02 1.066036e-01
1.000000e+03 1.105984e-01
1.232847e+03 1.145088e-01
1.519911e+03 1.182398e-01
1.873817e+03 1.216766e-01
2.310130e+03 1.246859e-01
2.848036e+03 1.271174e-01
3.511192e+03 1.288084e-01
4.328761e+03 1.295894e-01
5.336699e+03 1.292928e-01
6.579332e+03 1.277635e-01
8.111308e+03 1.248716e-01
1.000000e+04 1.205275e-01
1.232847e+04 1.146972e-01
1.519911e+04 1.074179e-01
1.873817e+04 9.881052e-02
2.310130e+04 8.908682e-02
2.848036e+04 7.854820e-02
3.511192e+04 6.757207e-02
4.328761e+04 5.658411e-02
5.336699e+04 4.601737e-02
6.579332e+04 3.626436e-02
8.111308e+04 2.763216e-02
1.000000e+05 2.031176e-02
1.232847e+05 1.436879e-02
1.519911e+05 9.755660e-03
1.873817e+05 6.338652e-03
2.310130e+05 3.930690e-03
2.848036e+05 2.322319e-03
3.511192e+05 1.307549e-03
4.328761e+05 7.036624e-04
5.336699e+05 3.640197e-04
6.579332e+05 1.824045e-04
8.111308e+05 8.924831e-05
1.000000e+06 4.295178e-05
1.232847e+06 2.045001e-05
1.519911e+06 9.672575e-06
1.873817e+06 4.557444e-06
2.310130e+06 2.142745e-06
2.848036e+06 1.006289e-06
3.511192e+06 4.723037e-07
4.328761e+06 2.216138e-07
5.336699e+06 1.039720e-07
6.579332e+06 4.877688e-08
8.111308e+06 2.288255e-08
1.000000e+07 1.073479e-08
