1.000000e-02 2.021699e-02
1.232847e-02 2.105968e-02
1.519911e-02 2.193750e-02
1.873817e-02 2.285190e-02
2.310130e-02 2.380442e-02
2.848036e-02 2.479665e-02
3.511192e-02 2.583023e-02
4.328761e-02 2.690690e-02
5.336699e-02 2.802844e-02
6.579332e-02 2.919673e-02
8.111308e-02 3.041372e-02
1.000000e-01 3.168144e-02
1.232847e-01 3.300200e-02
1.519911e-01 3.437760e-02
1.873817e-01 3.581054e-02
2.310130e-01 3.730321e-02
2.848036e-01 3.885810e-02
3.511192e-01 4.047782e-02
4.328761e-01 4.216509e-02
5.336699e-01 4.392279e-02
6.579332e-01 4.575402e-02
8.111308e-01 4.766211e-02
1.000000e+00 4.965081e-02
1.232847e+00 5.172439e-02
1.519911e+00 5.388788e-02
1.873817e+00 5.614732e-02
2.310130e+00 5.851012e-02
2.848036e+00 6.098547e-02
3.511192e+00 6.358476e-02
4.328761e+00 6.632215e-02
5.336699e+00 6.921508e-02
6.579332e+00 7.228485e-02
8.111308e+00 7.555707e-02
1.000000e+01 7.906210e-02
1.232847e+01 8.283525e-02
1.519911e+01 8.691661e-02
1.873817e+01 9.135039e-02
2.310130e+01 9.618351e-02
2.848036e+01 1.014629e-01
3.511192e+01 1.072311e-01
4.328761e+01 1.135193e-01
5.336699e+01 1.203369e-01
6.579332e+01 1.276566e-01
8.111308e+01 1.353929e-01
1.000000e+02 1.433752e-01
1.232847e+02 1.513148e-01
1.519911e+02 1.587688e-01
1.873817e+02 1.651124e-01
2.310130e+02 1.695317e-01
2.848036e+02 1.710624e-01
3.511192e+02 1.686985e-01
4.328761e+02 1.615882e-01
5.336699e+02 1.493035e-01
6.579332e+02 1.321183e-01
8.111308e+02 1.111746e-01
1.000000e+03 8.840006e-02
1.232847e+03 6.611349e-02
1.519911e+03 4.641837e-02
1.873817e+03 3.065072e-02
2.310130e+03 1.915212e-02
2.848036e+03 1.144353e-02
3.511192e+03 6.630281e-03
4.328761e+03 3.785356e-03
5.336699e+03 2.165009e-03
6.579332e+03 1.259803e-03
8.111308e+03 7.557340e-04
1.000000e+04 4.721404e-04
1.232847e+04 3.092571e-04
1.519911e+04 2.130396e-04
1.873817e+04 1.542764e-04
2.310130e+04 1.170018e-04
2.848036e+04 9.229718e-05
3.511192e+04 7.502942e-05
4.328761e+04 6.214936e-05
5.336699e+04 5.181414e-05
6.579332e+04 4.294259e-05
8.111308e+04 3.498370e-05
1.000000e+05 2.776383e-05
1.232847e+05 2.134029e-05
1.519911e+05 1.584989e-05
1.873817e+05 1.138555e-05
2.310130e+05 7.936445e-06
2.848036e+05 5.393571e-06
3.511192e+05 3.591794e-06
4.328761e+05 2.355083e-06
5.336699e+05 1.526640e-06
6.579332e+05 9.815754e-07
8.111308e+05 6.275477e-07
1.000000e+06 3.996640e-07
1.232847e+06 2.538795e-07
1.519911e+06 1.610020e-07
1.873817e+06 1.019923e-07
2.310130e+06 6.456699e-08
2.848036e+06 4.085776e-08
3.511192e+06 2.584836e-08
4.328761e+06 1.635054e-08
5.336699e+06 1.034189e-08
6.579332e+06 6.541145e-09
8.111308e+06 4.137160e-09
1.000000e+07 2.616675e-09
