1.000000e-02 5.161508e-03
1.232847e-02 5.449783e-03
1.519911e-02 5.754158e-03
1.873817e-02 6.075532e-03
2.310130e-02 6.414856e-03
2.848036e-02 6.773131e-03
3.511192e-02 7.151416e-03
4.328761e-02 7.550829e-03
5.336699e-02 7.972549e-03
6.579332e-02 8.417823e-03
8.111308e-02 8.887965e-03
1.000000e-01 9.384366e-03
1.232847e-01 9.908490e-03
1.519911e-01 1.046189e-02
1.873817e-01 1.104619e-02
2.310130e-01 1.166313e-02
2.848036e-01 1.231453e-02
3.511192e-01 1.300231e-02
4.328761e-01 1.372849e-02
5.336699e-01 1.449524e-02
6.579332e-01 1.530480e-02
8.111308e-01 1.615957e-02
1.000000e+00 1.706206e-02
1.232847e+00 1.801491e-02
1.519911e+00 1.902092e-02
1.873817e+00 2.008301e-02
2.310130e+00 2.120425e-02
2.848036e+00 2.238786e-02
3.511192e+00 2.363722e-02
4.328761e+00 2.495583e-02
5.336699e+00 2.634739e-02
6.579332e+00 2.781571e-02
8.111308e+00 2.936479e-02
1.000000e+01 3.099877e-02
1.232847e+01 3.272196e-02
1.519911e+01 3.453883e-02
1.873817e+01 3.645402e-02
2.310130e+01 3.847232e-02
2.848036e+01 4.059868e-02
3.511192e+01 4.283819e-02
4.328761e+01 4.519611e-02
5.336699e+01 4.767780e-02
6.579332e+01 5.028870e-02
8.111308e+01 5.303437e-02
1.000000e+02 5.592034e-02
1.232847e+02 5.895216e-02
1.519911e+02 6.213529e-02
1.873817e+02 6.547504e-02
2.310130e+02 6.897653e-02
2.848036e+02 7.264462e-02
3.511192e+02 7.648384e-02
4.328761e+02 8.049831e-02
5.336699e+02 8.469177e-02
6.579332e+02 8.906742e-02
8.111308e+02 9.362790e-02
1.000000e+03 9.837510e-02
1.232847e+03 1.033097e-01
1.519911e+03 1.084308e-01
1.873817e+03 1.137341e-01
2.310130e+03 1.192104e-01
2.848036e+03 1.248414e-01
3.511192e+03 1.305946e-01
4.328761e+03 1.364143e-01
5.336699e+03 1.422094e-01
6.579332e+03 1.478360e-01
8.111308e+03 1.530752e-01
1.000000e+04 1.576065e-01
1.232847e+04 1.609813e-01
1.519911e+04 1.626044e-01
1.873817e+04 1.617412e-01
2.310130e+04 1.575755e-01
2.848036e+04 1.493462e-01
3.511192e+04 1.365812e-01
4.328761e+04 1.193947e-01
5.336699e+04 9.873874e-02
6.579332e+04 7.643019e-02
8.111308e+04 5.481033e-02
1.000000e+05 3.608768e-02
1.232847e+05 2.166336e-02
1.519911e+05 1.180932e-02
1.873817e+05 5.846831e-03
2.310130e+05 2.643948e-03
2.848036e+05 1.104811e-03
3.511192e+05 4.336468e-04
4.328761e+05 1.627615e-04
5.336699e+05 5.935176e-05
6.579332e+05 2.127974e-05
8.111308e+05 7.560289e-06
1.000000e+06 2.673781e-06
1.232847e+06 9.435788e-07
1.519911e+06 3.326690e-07
1.873817e+06 1.172377e-07
2.310130e+06 4.130937e-08
2.848036e+06 1.455460e-08
3.511192e+06 5.127911e-09
4.328761e+06 1.806660e-09
5.336699e+06 6.365182e-10
6.579332e+06 2.242564e-10
8.111308e+06 7.900936e-11
1.000000e+07 2.783635e-11
