1.000000e-02 2.096962e-02
1.232847e-02 2.212911e-02
1.519911e-02 2.335271e-02
1.873817e-02 2.464398e-02
2.310130e-02 2.600664e-02
2.848036e-02 2.744465e-02
3.511192e-02 2.896217e-02
4.328761e-02 3.056360e-02
5.336699e-02 3.225358e-02
6.579332e-02 3.403701e-02
8.111308e-02 3.591905e-02
1.000000e-01 3.790516e-02
1.232847e-01 4.000108e-02
1.519911e-01 4.221290e-02
1.873817e-01 4.454702e-02
2.310130e-01 4.701020e-02
2.848036e-01 4.960958e-02
3.511192e-01 5.235272e-02
4.328761e-01 5.524759e-02
5.336699e-01 5.830268e-02
6.579332e-01 6.152704e-02
8.111308e-01 6.493038e-02
1.000000e+00 6.852316e-02
1.232847e+00 7.231671e-02
1.519911e+00 7.632318e-02
1.873817e+00 8.055551e-02
2.310130e+00 8.502696e-02
2.848036e+00 8.975038e-02
3.511192e+00 9.473677e-02
4.328761e+00 9.999298e-02
5.336699e+00 1.055182e-01
6.579332e+00 1.112990e-01
8.111308e+00 1.173022e-01
1.000000e+01 1.234658e-01
1.232847e+01 1.296876e-01
1.519911e+01 1.358122e-01
1.873817e+01 1.416172e-01
2.310130e+01 1.468021e-01
2.848036e+01 1.509831e-01
3.511192e+01 1.537010e-01
4.328761e+01 1.544481e-01
5.336699e+01 1.527213e-01
6.579332e+01 1.481015e-01
8.111308e+01 1.403519e-01
1.000000e+02 1.295137e-01
1.232847e+02 1.159701e-01
1.519911e+02 1.004466e-01
1.873817e+02 8.393054e-02
2.310130e+02 6.751885e-02
2.848036e+02 5.223202e-02
3.511192e+02 3.884847e-02
4.328761e+02 2.780673e-02
5.336699e+02 1.919649e-02
6.579332e+02 1.282644e-02
8.111308e+02 8.333778e-03
1.000000e+03 5.295093e-03
1.232847e+03 3.310160e-03
1.519911e+03 2.048060e-03
1.873817e+03 1.260512e-03
2.310130e+03 7.744483e-04
2.848036e+03 4.757410e-04
3.511192e+03 2.920883e-04
4.328761e+03 1.788834e-04
5.336699e+03 1.089765e-04
6.579332e+03 6.586354e-05
8.111308e+03 3.942115e-05
1.000000e+04 2.335303e-05
1.232847e+04 1.370075e-05
1.519911e+04 7.971261e-06
1.873817e+04 4.607104e-06
2.310130e+04 2.649553e-06
2.848036e+04 1.518390e-06
3.511192e+04 8.680550e-07
4.328761e+04 4.954740e-07
5.336699e+04 2.825215e-07
6.579332e+04 1.609920e-07
8.111308e+04 9.170347e-08
1.000000e+05 5.222319e-08
1.232847e+05 2.973573e-08
1.519911e+05 1.693000e-08
1.873817e+05 9.638586e-09
2.310130e+05 5.487279e-09
2.848036e+05 3.123872e-09
3.511192e+05 1.778383e-09
4.328761e+05 1.012406e-09
5.336699e+05 5.763453e-10
6.579332e+05 3.281028e-10
8.111308e+05 1.867827e-10
1.000000e+06 1.063318e-10
1.232847e+06 6.053263e-11
1.519911e+06 3.446004e-11
1.873817e+06 1.961742e-11
2.310130e+06 1.116781e-11
2.848036e+06 6.357615e-12
3.511192e+06 3.619265e-12
4.328761e+06 2.060376e-12
5.336699e+06 1.172932e-12
6.579332e+06 6.677268e-13
8.111308e+06 3.801237e-13
1.000000e+07 2.163969e-13
