1.000000e-02 3.252045e-02
1.232847e-02 3.327016e-02
1.519911e-02 3.403715e-02
1.873817e-02 3.482182e-02
2.310130e-02 3.562458e-02
2.848036e-02 3.644585e-02
3.511192e-02 3.728605e-02
4.328761e-02 3.814562e-02
5.336699e-02 3.902501e-02
6.579332e-02 3.992466e-02
8.111308e-02 4.084506e-02
1.000000e-01 4.178668e-02
1.232847e-01 4.275001e-02
1.519911e-01 4.373554e-02
1.873817e-01 4.474379e-02
2.310130e-01 4.577528e-02
2.848036e-01 4.683055e-02
3.511192e-01 4.791013e-02
4.328761e-01 4.901453e-02
5.336699e-01 5.014425e-02
6.579332e-01 5.129968e-02
8.111308e-01 5.248109e-02
1.000000e+00 5.368850e-02
1.232847e+00 5.492162e-02
1.519911e+00 5.617969e-02
1.873817e+00 5.746141e-02
2.310130e+00 5.876478e-02
2.848036e+00 6.008702e-02
3.511192e+00 6.142453e-02
4.328761e+00 6.277280e-02
5.336699e+00 6.412649e-02
6.579332e+00 6.547948e-02
8.111308e+00 6.682502e-02
1.000000e+01 6.815592e-02
1.232847e+01 6.946482e-02
1.519911e+01 7.074447e-02
1.873817e+01 7.198804e-02
2.310130e+01 7.318948e-02
2.848036e+01 7.434380e-02
3.511192e+01 7.544731e-02
4.328761e+01 7.649781e-02
5.336699e+01 7.749468e-02
6.579332e+01 7.843881e-02
8.111308e+01 7.933246e-02
1.000000e+02 8.017896e-02
1.232847e+02 8.098224e-02
1.519911e+02 8.174634e-02
1.873817e+02 8.247468e-02
2.310130e+02 8.316942e-02
2.848036e+02 8.383057e-02
3.511192e+02 8.445528e-02
4.328761e+02 8.503695e-02
5.336699e+02 8.556454e-02
6.579332e+02 8.602189e-02
8.111308e+02 8.638719e-02
1.000000e+03 8.663269e-02
1.232847e+03 8.672461e-02
1.519911e+03 8.662346e-02
1.873817e+03 8.628471e-02
2.310130e+03 8.565997e-02
2.848036e+03 8.469861e-02
3.511192e+03 8.334993e-02
4.328761e+03 8.156566e-02
5.336699e+03 7.930306e-02
6.579332e+03 7.652825e-02
8.111308e+03 7.322007e-02
1.000000e+04 6.937420e-02
1.232847e+04 6.500744e-02
1.519911e+04 6.016174e-02
1.873817e+04 5.490720e-02
2.310130e+04 4.934294e-02
2.848036e+04 4.359475e-02
3.511192e+04 3.780860e-02
4.328761e+04 3.214017e-02
5.336699e+04 2.674149e-02
6.579332e+04 2.174705e-02
8.111308e+04 1.726191e-02
1.000000e+05 1.335403e-02
1.232847e+05 1.005215e-02
1.519911e+05 7.348693e-03
1.873817e+05 5.206446e-03
2.310130e+05 3.566875e-03
2.848036e+05 2.358283e-03
3.511192e+05 1.503005e-03
4.328761e+05 9.236103e-04
5.336699e+05 5.483857e-04
6.579332e+05 3.158231e-04
8.111308e+05 1.773414e-04
1.000000e+06 9.764104e-05
1.232847e+06 5.299241e-05
1.519911e+06 2.847672e-05
1.873817e+06 1.520363e-05
2.310130e+06 8.084359e-06
2.848036e+06 4.288413e-06
3.511192e+06 2.271715e-06
4.328761e+06 1.202525e-06
5.336699e+06 6.363231e-07
6.579332e+06 3.366614e-07
8.111308e+06 1.781089e-07
1.000000e+07 9.422664e-08
