1.000000e-02 1.280678e-02
1.232847e-02 1.348493e-02
1.519911e-02 1.419899e-02
1.873817e-02 1.495086e-02
2.310130e-02 1.574254e-02
2.848036e-02 1.657615e-02
3.511192e-02 1.745389e-02
4.328761e-02 1.837812e-02
5.336699e-02 1.935128e-02
6.579332e-02 2.037598e-02
8.111308e-02 2.145493e-02
1.000000e-01 2.259102e-02
1.232847e-01 2.378727e-02
1.519911e-01 2.504686e-02
1.873817e-01 2.637315e-02
2.310130e-01 2.776967e-02
2.848036e-01 2.924014e-02
3.511192e-01 3.078847e-02
4.328761e-01 3.241879e-02
5.336699e-01 3.413541e-02
6.579332e-01 3.594289e-02
8.111308e-01 3.784598e-02
1.000000e+00 3.984965e-02
1.232847e+00 4.195903e-02
1.519911e+00 4.417941e-02
1.873817e+00 4.651615e-02
2.310130e+00 4.897459e-02
2.848036e+00 5.155997e-02
3.511192e+00 5.427720e-02
4.328761e+00 5.713067e-02
5.336699e+00 6.012398e-02
6.579332e+00 6.325958e-02
8.111308e+00 6.653831e-02
1.000000e+01 6.995890e-02
1.232847e+01 7.351735e-02
1.519911e+01 7.720620e-02
1.873817e+01 8.101373e-02
2.310130e+01 8.492308e-02
2.848036e+01 8.891128e-02
3.511192e+01 9.294838e-02
4.328761e+01 9.699649e-02
5.336699e+01 1.010092e-01
6.579332e+01 1.049308e-01
8.111308e+01 1.086967e-01
1.000000e+02 1.122335e-01
1.232847e+02 1.154600e-01
1.519911e+02 1.182895e-01
1.873817e+02 1.206319e-01
2.310130e+02 1.223974e-01
2.848036e+02 1.235008e-01
3.511192e+02 1.238655e-01
4.328761e+02 1.234289e-01
5.336699e+02 1.221462e-01
6.579332e+02 1.199945e-01
8.111308e+02 1.169753e-01
1.000000e+03 1.131154e-01
1.232847e+03 1.084666e-01
1.519911e+03 1.031038e-01
1.873817e+03 9.712139e-02
2.310130e+03 9.062931e-02
2.848036e+03 8.374814e-02
3.511192e+03 7.660425e-02
4.328761e+03 6.932514e-02
5.336699e+03 6.203541e-02
6.579332e+03 5.485345e-02
8.111308e+03 4.788891e-02
1.000000e+04 4.124068e-02
1.232847e+04 3.499537e-02
1.519911e+04 2.922577e-02
1.873817e+04 2.398926e-02
2.310130e+04 1.932606e-02
2.848036e+04 1.525751e-02
3.511192e+04 1.178496e-02
4.328761e+04 8.889950e-03
5.336699e+04 6.536095e-03
6.579332e+04 4.672710e-03
8.111308e+04 3.239520e-03
1.000000e+05 2.171543e-03
1.232847e+05 1.403343e-03
1.519911e+05 8.722939e-04
1.873817e+05 5.210192e-04
2.310130e+05 2.993772e-04
2.848036e+05 1.660527e-04
3.511192e+05 8.938257e-05
4.328761e+05 4.698715e-05
5.336699e+05 2.427334e-05
6.579332e+05 1.238902e-05
8.111308e+05 6.273510e-06
1.000000e+06 3.161113e-06
1.232847e+06 1.588123e-06
1.519911e+06 7.964969e-07
1.873817e+06 3.990862e-07
2.310130e+06 1.998581e-07
2.848036e+06 1.000590e-07
3.511192e+06 5.008747e-08
4.328761e+06 2.507100e-08
5.336699e+06 1.254875e-08
6.579332e+06 6.280925e-09
8.111308e+06 3.143727e-09
1.000000e+07 1.573497e-09
