1.000000e-02 7.509362e-03
1.232847e-02 7.902761e-03
1.519911e-02 8.316769e-03
1.873817e-02 8.752467e-03
2.310130e-02 9.210990e-03
2.848036e-02 9.693534e-03
3.511192e-02 1.020136e-02
4.328761e-02 1.073578e-02
5.336699e-02 1.129821e-02
6.579332e-02 1.189010e-02
8.111308e-02 1.251299e-02
1.000000e-01 1.316852e-02
1.232847e-01 1.385839e-02
1.519911e-01 1.458440e-02
1.873817e-01 1.534845e-02
2.310130e-01 1.615252e-02
2.848036e-01 1.699872e-02
3.511192e-01 1.788924e-02
4.328761e-01 1.882642e-02
5.336699e-01 1.981270e-02
6.579332e-01 2.085066e-02
8.111308e-01 2.194301e-02
1.000000e+00 2.309262e-02
1.232847e+00 2.430251e-02
1.519911e+00 2.557590e-02
1.873817e+00 2.691619e-02
2.310130e+00 2.832702e-02
2.848036e+00 2.981226e-02
3.511192e+00 3.137609e-02
4.328761e+00 3.302302e-02
5.336699e+00 3.475792e-02
6.579332e+00 3.658610e-02
8.111308e+00 3.851338e-02
1.000000e+01 4.054613e-02
1.232847e+01 4.269133e-02
1.519911e+01 4.495668e-02
1.873817e+01 4.735060e-02
2.310130e+01 4.988234e-02
2.848036e+01 5.256194e-02
3.511192e+01 5.540027e-02
4.328761e+01 5.840892e-02
5.336699e+01 6.160011e-02
6.579332e+01 6.498645e-02
8.111308e+01 6.858058e-02
1.000000e+02 7.239465e-02
1.232847e+02 7.643966e-02
1.519911e+02 8.072443e-02
1.873817e+02 8.525438e-02
2.310130e+02 9.002987e-02
2.848036e+02 9.504419e-02
3.511192e+02 1.002811e-01
4.328761e+02 1.057118e-01
5.336699e+02 1.112917e-01
6.579332e+02 1.169567e-01
8.111308e+02 1.226192e-01
1.000000e+03 1.281648e-01
1.232847e+03 1.334492e-01
1.519911e+03 1.382966e-01
1.873817e+03 1.425004e-01
2.310130e+03 1.458268e-01
2.848036e+03 1.480224e-01
3.511192e+03 1.488273e-01
4.328761e+03 1.479934e-01
5.336699e+03 1.453078e-01
6.579332e+03 1.406215e-01
8.111308e+03 1.338787e-01
1.000000e+04 1.251454e-01
1.232847e+04 1.146289e-01
1.519911e+04 1.026827e-01
1.873817e+04 8.979038e-02
2.310130e+04 7.652375e-02
2.848036e+04 6.348097e-02
3.511192e+04 5.121417e-02
4.328761e+04 4.016362e-02
5.336699e+04 3.061434e-02
6.579332e+04 2.268379e-02
8.111308e+04 1.634004e-02
1.000000e+05 1.144072e-02
1.232847e+05 7.779513e-03
1.519911e+05 5.128394e-03
1.873817e+05 3.268237e-03
2.310130e+05 2.006104e-03
2.848036e+05 1.181465e-03
3.511192e+05 6.656232e-04
4.328761e+05 3.584603e-04
5.336699e+05 1.849571e-04
6.579332e+05 9.193217e-05
8.111308e+05 4.434628e-05
1.000000e+06 2.092512e-05
1.232847e+06 9.726415e-06
1.519911e+06 4.478067e-06
1.873817e+06 2.049979e-06
2.310130e+06 9.354161e-07
2.848036e+06 4.260929e-07
3.511192e+06 1.939172e-07
4.328761e+06 8.821467e-08
5.336699e+06 4.012184e-08
6.579332e+06 1.824683e-08
8.111308e+06 8.298188e-09
1.000000e+07 3.773787e-09
