1.000000e-02 1.867416e-02
1.232847e-02 1.957873e-02
1.519911e-02 2.052711e-02
1.873817e-02 2.152142e-02
2.310130e-02 2.256391e-02
2.848036e-02 2.365689e-02
3.511192e-02 2.480281e-02
4.328761e-02 2.600424e-02
5.336699e-02 2.726387e-02
6.579332e-02 2.858451e-02
8.111308e-02 2.996913e-02
1.000000e-01 3.142081e-02
1.232847e-01 3.294281e-02
1.519911e-01 3.453854e-02
1.873817e-01 3.621156e-02
2.310130e-01 3.796563e-02
2.848036e-01 3.980466e-02
3.511192e-01 4.173281e-02
4.328761e-01 4.375442e-02
5.336699e-01 4.587415e-02
6.579332e-01 4.809701e-02
8.111308e-01 5.042851e-02
1.000000e+00 5.287487e-02
1.232847e+00 5.544323e-02
1.519911e+00 5.814208e-02
1.873817e+00 6.098161e-02
2.310130e+00 6.397427e-02
2.848036e+00 6.713529e-02
3.511192e+00 7.048323e-02
4.328761e+00 7.404052e-02
5.336699e+00 7.783387e-02
6.579332e+00 8.189435e-02
8.111308e+00 8.625717e-02
1.000000e+01 9.096080e-02
1.232847e+01 9.604511e-02
1.519911e+01 1.015482e-01
1.873817e+01 1.075011e-01
2.310130e+01 1.139205e-01
2.848036e+01 1.207971e-01
3.511192e+01 1.280804e-01
4.328761e+01 1.356588e-01
5.336699e+01 1.433343e-01
6.579332e+01 1.507956e-01
8.111308e+01 1.575921e-01
1.000000e+02 1.631192e-01
1.232847e+02 1.666289e-01
1.519911e+02 1.672819e-01
1.873817e+02 1.642588e-01
2.310130e+02 1.569327e-01
2.848036e+02 1.450799e-01
3.511192e+02 1.290687e-01
4.328761e+02 1.099376e-01
5.336699e+02 8.928399e-02
6.579332e+02 6.895033e-02
8.111308e+02 5.060106e-02
1.000000e+03 3.535623e-02
1.232847e+03 2.363143e-02
1.519911e+03 1.522146e-02
1.873817e+03 9.541174e-03
2.310130e+03 5.886552e-03
2.848036e+03 3.618026e-03
3.511192e+03 2.241655e-03
4.328761e+03 1.415231e-03
5.336699e+03 9.187351e-04
6.579332e+03 6.175697e-04
8.111308e+03 4.318449e-04
1.000000e+04 3.148291e-04
1.232847e+04 2.392437e-04
1.519911e+04 1.890318e-04
1.873817e+04 1.545746e-04
2.310130e+04 1.299584e-04
2.848036e+04 1.114296e-04
3.511192e+04 9.653537e-05
4.328761e+04 8.366458e-05
5.336699e+04 7.181859e-05
6.579332e+04 6.049815e-05
8.111308e+04 4.961857e-05
1.000000e+05 3.939450e-05
1.232847e+05 3.017978e-05
1.519911e+05 2.229754e-05
1.873817e+05 1.591813e-05
2.310130e+05 1.102192e-05
2.848036e+05 7.437817e-06
3.511192e+05 4.916686e-06
4.328761e+05 3.199022e-06
5.336699e+05 2.057165e-06
6.579332e+05 1.311810e-06
8.111308e+05 8.316247e-07
1.000000e+06 5.251101e-07
1.232847e+06 3.306878e-07
1.519911e+06 2.078890e-07
1.873817e+06 1.305455e-07
2.310130e+06 8.192000e-08
2.848036e+06 5.138472e-08
3.511192e+06 3.222328e-08
4.328761e+06 2.020434e-08
5.336699e+06 1.266742e-08
6.579332e+06 7.941768e-09
8.111308e+06 4.978986e-09
1.000000e+07 3.121502e-09
