1.000000e-02 8.209459e-02
1.232847e-02 8.260908e-02
1.519911e-02 8.312680e-02
1.873817e-02 8.364777e-02
2.310130e-02 8.417200e-02
2.848036e-02 8.469951e-02
3.511192e-02 8.523033e-02
4.328761e-02 8.576448e-02
5.336699e-02 8.630198e-02
6.579332e-02 8.684284e-02
8.111308e-02 8.738709e-02
1.000000e-01 8.793476e-02
1.232847e-01 8.848586e-02
1.519911e-01 8.904041e-02
1.873817e-01 8.959843e-02
2.310130e-01 9.015994e-02
2.848036e-01 9.072491e-02
3.511192e-01 9.129324e-02
4.328761e-01 9.186462e-02
5.336699e-01 9.243834e-02
6.579332e-01 9.301299e-02
8.111308e-01 9.358607e-02
1.000000e+00 9.415349e-02
1.232847e+00 9.470915e-02
1.519911e+00 9.524450e-02
1.873817e+00 9.574827e-02
2.310130e+00 9.620644e-02
2.848036e+00 9.660247e-02
3.511192e+00 9.691789e-02
4.328761e+00 9.713320e-02
5.336699e+00 9.722909e-02
6.579332e+00 9.718784e-02
8.111308e+00 9.699477e-02
1.000000e+01 9.663963e-02
1.232847e+01 9.611766e-02
1.519911e+01 9.543012e-02
1.873817e+01 9.458421e-02
2.310130e+01 9.359221e-02
2.848036e+01 9.246987e-02
3.511192e+01 9.123400e-02
4.328761e+01 8.989962e-02
5.336699e+01 8.847655e-02
6.579332e+01 8.696600e-02
8.111308e+01 8.535724e-02
1.000000e+02 8.362487e-02
1.232847e+02 8.172708e-02
1.519911e+02 7.960544e-02
1.873817e+02 7.718700e-02
2.310130e+02 7.438943e-02
2.848036e+02 7.112961e-02
3.511192e+02 6.733590e-02
4.328761e+02 6.296288e-02
5.336699e+02 5.800629e-02
6.579332e+02 5.251429e-02
8.111308e+02 4.659133e-02
1.000000e+03 4.039164e-02
1.232847e+03 3.410322e-02
1.519911e+03 2.792707e-02
1.873817e+03 2.205898e-02
2.310130e+03 1.667945e-02
2.848036e+03 1.195095e-02
3.511192e+03 8.012522e-03
4.328761e+03 4.958365e-03
5.336699e+03 2.799307e-03
6.579332e+03 1.434243e-03
8.111308e+03 6.699651e-04
1.000000e+04 2.894193e-04
1.232847e+04 1.179141e-04
1.519911e+04 4.619502e-05
1.873817e+04 1.767407e-05
2.310130e+04 6.673672e-06
2.848036e+04 2.502875e-06
3.511192e+04 9.355647e-07
4.328761e+04 3.491728e-07
5.336699e+04 1.302294e-07
6.579332e+04 4.855669e-08
8.111308e+04 1.810236e-08
1.000000e+05 6.748375e-09
1.232847e+05 2.515673e-09
1.519911e+05 9.377902e-10
1.873817e+05 3.495874e-10
2.310130e+05 1.303183e-10
2.848036e+05 4.857968e-11
3.511192e+05 1.810939e-11
4.328761e+05 6.750767e-12
5.336699e+05 2.516531e-12
6.579332e+05 9.381051e-13
8.111308e+05 3.497041e-13
1.000000e+06 1.303617e-13
1.232847e+06 4.859584e-14
1.519911e+06 1.811541e-14
1.873817e+06 6.753011e-15
2.310130e+06 2.517368e-15
2.848036e+06 9.384170e-16
3.511192e+06 3.498203e-16
4.328761e+06 1.304050e-16
5.336699e+06 4.861199e-17
6.579332e+06 1.812144e-17
8.111308e+06 6.755256e-18
1.000000e+07 2.518205e-18
