1.000000e-02 6.375020e-03
1.232847e-02 6.738825e-03
1.519911e-02 7.123392e-03
1.873817e-02 7.529905e-03
2.310130e-02 7.959616e-03
2.848036e-02 8.413850e-03
3.511192e-02 8.894006e-03
4.328761e-02 9.401563e-03
5.336699e-02 9.938085e-03
6.579332e-02 1.050523e-02
8.111308e-02 1.110473e-02
1.000000e-01 1.173845e-02
1.232847e-01 1.240833e-02
1.519911e-01 1.311644e-02
1.873817e-01 1.386496e-02
2.310130e-01 1.465620e-02
2.848036e-01 1.549259e-02
3.511192e-01 1.637671e-02
4.328761e-01 1.731129e-02
5.336699e-01 1.829921e-02
6.579332e-01 1.934352e-02
8.111308e-01 2.044746e-02
1.000000e+00 2.161448e-02
1.232847e+00 2.284822e-02
1.519911e+00 2.415261e-02
1.873817e+00 2.553183e-02
2.310130e+00 2.699040e-02
2.848036e+00 2.853319e-02
3.511192e+00 3.016550e-02
4.328761e+00 3.189311e-02
5.336699e+00 3.372232e-02
6.579332e+00 3.566004e-02
8.111308e+00 3.771384e-02
1.000000e+01 3.989200e-02
1.232847e+01 4.220358e-02
1.519911e+01 4.465836e-02
1.873817e+01 4.726690e-02
2.310130e+01 5.004040e-02
2.848036e+01 5.299056e-02
3.511192e+01 5.612931e-02
4.328761e+01 5.946844e-02
5.336699e+01 6.301900e-02
6.579332e+01 6.679056e-02
8.111308e+01 7.079022e-02
1.000000e+02 7.502125e-02
1.232847e+02 7.948153e-02
1.519911e+02 8.416165e-02
1.873817e+02 8.904263e-02
2.310130e+02 9.409352e-02
2.848036e+02 9.926888e-02
3.511192e+02 1.045063e-01
4.328761e+02 1.097248e-01
5.336699e+02 1.148231e-01
6.579332e+02 1.196807e-01
8.111308e+02 1.241598e-01
1.000000e+03 1.281095e-01
1.232847e+03 1.313733e-01
1.519911e+03 1.337981e-01
1.873817e+03 1.352458e-01
2.310130e+03 1.356046e-01
2.848036e+03 1.348002e-01
3.511192e+03 1.328037e-01
4.328761e+03 1.296363e-01
5.336699e+03 1.253679e-01
6.579332e+03 1.201111e-01
8.111308e+03 1.140100e-01
1.000000e+04 1.072274e-01
1.232847e+04 9.992979e-02
1.519911e+04 9.227545e-02
1.873817e+04 8.440519e-02
2.310130e+04 7.643850e-02
2.848036e+04 6.847460e-02
3.511192e+04 6.059800e-02
4.328761e+04 5.288689e-02
5.336699e+04 4.542209e-02
6.579332e+04 3.829375e-02
8.111308e+04 3.160301e-02
1.000000e+05 2.545678e-02
1.232847e+05 1.995597e-02
1.519911e+05 1.518016e-02
1.873817e+05 1.117344e-02
2.310130e+05 7.936114e-03
2.848036e+05 5.424803e-03
3.511192e+05 3.560078e-03
4.328761e+05 2.238900e-03
5.336699e+05 1.348413e-03
6.579332e+05 7.786457e-04
8.111308e+05 4.325894e-04
1.000000e+06 2.324908e-04
1.232847e+06 1.216837e-04
1.519911e+06 6.244747e-05
1.873817e+06 3.161360e-05
2.310130e+06 1.586294e-05
2.848036e+06 7.916633e-06
3.511192e+06 3.938633e-06
4.328761e+06 1.956252e-06
5.336699e+06 9.708392e-07
6.579332e+06 4.816325e-07
8.111308e+06 2.389088e-07
1.000000e+07 1.185057e-07
