1.000000e-02 1.615116e-02
1.232847e-02 1.683983e-02
1.519911e-02 1.755786e-02
1.873817e-02 1.830650e-02
2.310130e-02 1.908707e-02
2.848036e-02 1.990092e-02
3.511192e-02 2.074948e-02
4.328761e-02 2.163421e-02
5.336699e-02 2.255667e-02
6.579332e-02 2.351846e-02
8.111308e-02 2.452126e-02
1.000000e-01 2.556682e-02
1.232847e-01 2.665696e-02
1.519911e-01 2.779358e-02
1.873817e-01 2.897867e-02
2.310130e-01 3.021429e-02
2.848036e-01 3.150259e-02
3.511192e-01 3.284584e-02
4.328761e-01 3.424638e-02
5.336699e-01 3.570670e-02
6.579332e-01 3.722943e-02
8.111308e-01 3.881740e-02
1.000000e+00 4.047369e-02
1.232847e+00 4.220177e-02
1.519911e+00 4.400556e-02
1.873817e+00 4.588967e-02
2.310130e+00 4.785957e-02
2.848036e+00 4.992186e-02
3.511192e+00 5.208462e-02
4.328761e+00 5.435768e-02
5.336699e+00 5.675309e-02
6.579332e+00 5.928548e-02
8.111308e+00 6.197251e-02
1.000000e+01 6.483523e-02
1.232847e+01 6.789845e-02
1.519911e+01 7.119091e-02
1.873817e+01 7.474535e-02
2.310130e+01 7.859819e-02
2.848036e+01 8.278880e-02
3.511192e+01 8.735809e-02
4.328761e+01 9.234617e-02
5.336699e+01 9.778867e-02
6.579332e+01 1.037113e-01
8.111308e+01 1.101223e-01
1.000000e+02 1.170017e-01
1.232847e+02 1.242885e-01
1.519911e+02 1.318640e-01
1.873817e+02 1.395339e-01
2.310130e+02 1.470123e-01
2.848036e+02 1.539098e-01
3.511192e+02 1.597351e-01
4.328761e+02 1.639161e-01
5.336699e+02 1.658483e-01
6.579332e+02 1.649706e-01
8.111308e+02 1.608598e-01
1.000000e+03 1.533244e-01
1.232847e+03 1.424666e-01
1.519911e+03 1.286881e-01
1.873817e+03 1.126332e-01
2.310130e+03 9.509202e-02
2.848036e+03 7.691205e-02
3.511192e+03 5.896669e-02
4.328761e+03 4.218649e-02
5.336699e+03 2.757762e-02
6.579332e+03 1.607768e-02
8.111308e+03 8.182401e-03
1.000000e+04 3.601895e-03
1.232847e+04 1.385532e-03
1.519911e+04 4.788103e-04
1.873817e+04 1.538416e-04
2.310130e+04 4.734965e-05
2.848036e+04 1.424971e-05
3.511192e+04 4.243178e-06
4.328761e+04 1.257706e-06
5.336699e+04 3.720989e-07
6.579332e+04 1.100091e-07
8.111308e+04 3.251520e-08
1.000000e+05 9.609586e-09
1.232847e+05 2.839942e-09
1.519911e+05 8.392855e-10
1.873817e+05 2.480325e-10
2.310130e+05 7.330051e-11
2.848036e+05 2.166233e-11
3.511192e+05 6.401820e-12
4.328761e+05 1.891915e-12
5.336699e+05 5.591134e-13
6.579332e+05 1.652335e-13
8.111308e+05 4.883107e-14
1.000000e+06 1.443093e-14
1.232847e+06 4.264741e-15
1.519911e+06 1.260349e-15
1.873817e+06 3.724681e-16
2.310130e+06 1.100746e-16
2.848036e+06 3.253010e-17
3.511192e+06 9.613547e-18
4.328761e+06 2.841069e-18
5.336699e+06 8.396147e-19
6.579332e+06 2.481294e-19
8.111308e+06 7.332911e-20
1.000000e+07 2.167078e-20
