1.000000e-02 9.118997e-03
1.232847e-02 9.589060e-03
1.519911e-02 1.008335e-02
1.873817e-02 1.060313e-02
2.310130e-02 1.114969e-02
2.848036e-02 1.172443e-02
3.511192e-02 1.232880e-02
4.328761e-02 1.296432e-02
5.336699e-02 1.363260e-02
6.579332e-02 1.433533e-02
8.111308e-02 1.507428e-02
1.000000e-01 1.585133e-02
1.232847e-01 1.666842e-02
1.519911e-01 1.752764e-02
1.873817e-01 1.843115e-02
2.310130e-01 1.938123e-02
2.848036e-01 2.038029e-02
3.511192e-01 2.143085e-02
4.328761e-01 2.253556e-02
5.336699e-01 2.369721e-02
6.579332e-01 2.491876e-02
8.111308e-01 2.620327e-02
1.000000e+00 2.755402e-02
1.232847e+00 2.897443e-02
1.519911e+00 3.046812e-02
1.873817e+00 3.203890e-02
2.310130e+00 3.369081e-02
2.848036e+00 3.542813e-02
3.511192e+00 3.725539e-02
4.328761e+00 3.917739e-02
5.336699e+00 4.119925e-02
6.579332e+00 4.332641e-02
8.111308e+00 4.556464e-02
1.000000e+01 4.792009e-02
1.232847e+01 5.039924e-02
1.519911e+01 5.300896e-02
1.873817e+01 5.575642e-02
2.310130e+01 5.864908e-02
2.848036e+01 6.169457e-02
3.511192e+01 6.490059e-02
4.328761e+01 6.827467e-02
5.336699e+01 7.182397e-02
6.579332e+01 7.555487e-02
8.111308e+01 7.947258e-02
1.000000e+02 8.358052e-02
1.232847e+02 8.787964e-02
1.519911e+02 9.236755e-02
1.873817e+02 9.703748e-02
2.310130e+02 1.018771e-01
2.848036e+02 1.068670e-01
3.511192e+02 1.119790e-01
4.328761e+02 1.171745e-01
5.336699e+02 1.224016e-01
6.579332e+02 1.275928e-01
8.111308e+02 1.326613e-01
1.000000e+03 1.374966e-01
1.232847e+03 1.419594e-01
1.519911e+03 1.458739e-01
1.873817e+03 1.490204e-01
2.310130e+03 1.511254e-01
2.848036e+03 1.518544e-01
3.511192e+03 1.508102e-01
4.328761e+03 1.475458e-01
5.336699e+03 1.416054e-01
6.579332e+03 1.326060e-01
8.111308e+03 1.203692e-01
1.000000e+04 1.050869e-01
1.232847e+04 8.746886e-02
1.519911e+04 6.877543e-02
1.873817e+04 5.063841e-02
2.310130e+04 3.466304e-02
2.848036e+04 2.196122e-02
3.511192e+04 1.286744e-02
4.328761e+04 6.994173e-03
5.336699e+04 3.550765e-03
6.579332e+04 1.699668e-03
8.111308e+04 7.756039e-04
1.000000e+05 3.412217e-04
1.232847e+05 1.462350e-04
1.519911e+05 6.157877e-05
1.873817e+05 2.564560e-05
2.310130e+05 1.061108e-05
2.848036e+05 4.374442e-06
3.511192e+05 1.799881e-06
4.328761e+05 7.398371e-07
5.336699e+05 3.039612e-07
6.579332e+05 1.248534e-07
8.111308e+05 5.127857e-08
1.000000e+06 2.105962e-08
1.232847e+06 8.648802e-09
1.519911e+06 3.551871e-09
1.873817e+06 1.458669e-09
2.310130e+06 5.990395e-10
2.848036e+06 2.460106e-10
3.511192e+06 1.010304e-10
4.328761e+06 4.149066e-11
5.336699e+06 1.703917e-11
6.579332e+06 6.997562e-12
8.111308e+06 2.873723e-12
1.000000e+07 1.180166e-12
