1.000000e-02 2.083190e-02
1.232847e-02 2.184943e-02
1.519911e-02 2.291665e-02
1.873817e-02 2.403601e-02
2.310130e-02 2.521004e-02
2.848036e-02 2.644141e-02
3.511192e-02 2.773294e-02
4.328761e-02 2.908754e-02
5.336699e-02 3.050831e-02
6.579332e-02 3.199848e-02
8.111308e-02 3.356143e-02
1.000000e-01 3.520073e-02
1.232847e-01 3.692009e-02
1.519911e-01 3.872344e-02
1.873817e-01 4.061487e-02
2.310130e-01 4.259869e-02
2.848036e-01 4.467939e-02
3.511192e-01 4.686166e-02
4.328761e-01 4.915037e-02
5.336699e-01 5.155041e-02
6.579332e-01 5.406664e-02
8.111308e-01 5.670350e-02
1.000000e+00 5.946466e-02
1.232847e+00 6.235232e-02
1.519911e+00 6.536644e-02
1.873817e+00 6.850359e-02
2.310130e+00 7.175564e-02
2.848036e+00 7.510822e-02
3.511192e+00 7.853903e-02
4.328761e+00 8.201617e-02
5.336699e+00 8.549659e-02
6.579332e+00 8.892499e-02
8.111308e+00 9.223343e-02
1.000000e+01 9.534206e-02
1.232847e+01 9.816115e-02
1.519911e+01 1.005949e-01
1.873817e+01 1.025466e-01
2.310130e+01 1.039259e-01
2.848036e+01 1.046562e-01
3.511192e+01 1.046826e-01
4.328761e+01 1.039790e-01
5.336699e+01 1.025521e-01
6.579332e+01 1.004433e-01
8.111308e+01 9.772677e-02
1.000000e+02 9.450402e-02
1.232847e+02 9.089585e-02
1.519911e+02 8.703297e-02
1.873817e+02 8.304648e-02
2.310130e+02 7.905940e-02
2.848036e+02 7.518022e-02
3.511192e+02 7.149874e-02
4.328761e+02 6.808430e-02
5.336699e+02 6.498583e-02
6.579332e+02 6.223329e-02
8.111308e+02 5.983980e-02
1.000000e+03 5.780390e-02
1.232847e+03 5.611169e-02
1.519911e+03 5.473833e-02
1.873817e+03 5.364901e-02
2.310130e+03 5.279942e-02
2.848036e+03 5.213571e-02
3.511192e+03 5.159458e-02
4.328761e+03 5.110349e-02
5.336699e+03 5.058179e-02
6.579332e+03 4.994303e-02
8.111308e+03 4.909886e-02
1.000000e+04 4.796464e-02
1.232847e+04 4.646668e-02
1.519911e+04 4.455026e-02
1.873817e+04 4.218753e-02
2.310130e+04 3.938384e-02
2.848036e+04 3.618083e-02
3.511192e+04 3.265545e-02
4.328761e+04 2.891397e-02
5.336699e+04 2.508187e-02
6.579332e+04 2.129089e-02
8.111308e+04 1.766566e-02
1.000000e+05 1.431195e-02
1.232847e+05 1.130856e-02
1.519911e+05 8.703548e-03
1.873817e+05 6.514853e-03
2.310130e+05 4.734201e-03
2.848036e+05 3.332995e-03
3.511192e+05 2.268644e-03
4.328761e+05 1.490386e-03
5.336699e+05 9.442564e-04
6.579332e+05 5.773584e-04
8.111308e+05 3.415535e-04
1.000000e+06 1.963144e-04
1.232847e+06 1.102097e-04
1.519911e+06 6.076750e-05
1.873817e+06 3.307643e-05
2.310130e+06 1.784777e-05
2.848036e+06 9.577302e-06
3.511192e+06 5.122258e-06
4.328761e+06 2.734474e-06
5.336699e+06 1.458389e-06
6.579332e+06 7.774782e-07
8.111308e+06 4.144176e-07
1.000000e+07 2.208900e-07
