1.000000e-02 1.483982e-01
1.232847e-02 1.475290e-01
1.519911e-02 1.466648e-01
1.873817e-02 1.458058e-01
2.310130e-02 1.449518e-01
2.848036e-02 1.441027e-01
3.511192e-02 1.432587e-01
4.328761e-02 1.424196e-01
5.336699e-02 1.415854e-01
6.579332e-02 1.407561e-01
8.111308e-02 1.399316e-01
1.000000e-01 1.391120e-01
1.232847e-01 1.382972e-01
1.519911e-01 1.374871e-01
1.873817e-01 1.366818e-01
2.310130e-01 1.358811e-01
2.848036e-01 1.350847e-01
3.511192e-01 1.342918e-01
4.328761e-01 1.335000e-01
5.336699e-01 1.327045e-01
6.579332e-01 1.318960e-01
8.111308e-01 1.310577e-01
1.000000e+00 1.301631e-01
1.232847e+00 1.291723e-01
1.519911e+00 1.280299e-01
1.873817e+00 1.266631e-01
2.310130e+00 1.249821e-01
2.848036e+00 1.228828e-01
3.511192e+00 1.202522e-01
4.328761e+00 1.169778e-01
5.336699e+00 1.129591e-01
6.579332e+00 1.081222e-01
8.111308e+00 1.024341e-01
1.000000e+01 9.591489e-02
1.232847e+01 8.864552e-02
1.519911e+01 8.076783e-02
1.873817e+01 7.247621e-02
2.310130e+01 6.400111e-02
2.848036e+01 5.558706e-02
3.511192e+01 4.746895e-02
4.328761e+01 3.985091e-02
5.336699e+01 3.289085e-02
6.579332e+01 2.669272e-02
8.111308e+01 2.130606e-02
1.000000e+02 1.673181e-02
1.232847e+02 1.293186e-02
1.519911e+02 9.840401e-03
1.873817e+02 7.374995e-03
2.310130e+02 5.446151e-03
2.848036e+02 3.964805e-03
3.511192e+02 2.847502e-03
4.328761e+02 2.019532e-03
5.336699e+02 1.416442e-03
6.579332e+02 9.843617e-04
8.111308e+02 6.795516e-04
1.000000e+03 4.674777e-04
1.232847e+03 3.216188e-04
1.519911e+03 2.221592e-04
1.873817e+03 1.546822e-04
2.310130e+03 1.089562e-04
2.848036e+03 7.787641e-05
3.511192e+03 5.659832e-05
4.328761e+03 4.186364e-05
5.336699e+03 3.150174e-05
6.579332e+03 2.407474e-05
8.111308e+03 1.863331e-05
1.000000e+04 1.455226e-05
1.232847e+04 1.142139e-05
1.519911e+04 8.972726e-06
1.873817e+04 7.031311e-06
2.310130e+04 5.481493e-06
2.848036e+04 4.243913e-06
3.511192e+04 3.260524e-06
4.328761e+04 2.485617e-06
5.336699e+04 1.881099e-06
6.579332e+04 1.414371e-06
8.111308e+04 1.057535e-06
1.000000e+05 7.870799e-07
1.232847e+05 5.836044e-07
1.519911e+05 4.314505e-07
1.873817e+05 3.182291e-07
2.310130e+05 2.343028e-07
2.848036e+05 1.722776e-07
3.511192e+05 1.265433e-07
4.328761e+05 9.287969e-08
5.336699e+05 6.813326e-08
6.579332e+05 4.995962e-08
8.111308e+05 3.662262e-08
1.000000e+06 2.684023e-08
1.232847e+06 1.966782e-08
1.519911e+06 1.441051e-08
1.873817e+06 1.055771e-08
2.310130e+06 7.734609e-09
2.848036e+06 5.666204e-09
3.511192e+06 4.150846e-09
4.328761e+06 3.040713e-09
5.336699e+06 2.227466e-09
6.579332e+06 1.631719e-09
8.111308e+06 1.195305e-09
1.000000e+07 8.756128e-10
