1.000000e-02 9.749326e-03
1.232847e-02 1.024813e-02
1.519911e-02 1.077246e-02
1.873817e-02 1.132361e-02
2.310130e-02 1.190296e-02
2.848036e-02 1.251195e-02
3.511192e-02 1.315210e-02
4.328761e-02 1.382500e-02
5.336699e-02 1.453233e-02
6.579332e-02 1.527584e-02
8.111308e-02 1.605740e-02
1.000000e-01 1.687895e-02
1.232847e-01 1.774253e-02
1.519911e-01 1.865029e-02
1.873817e-01 1.960449e-02
2.310130e-01 2.060752e-02
2.848036e-01 2.166186e-02
3.511192e-01 2.277015e-02
4.328761e-01 2.393514e-02
5.336699e-01 2.515975e-02
6.579332e-01 2.644704e-02
8.111308e-01 2.780025e-02
1.000000e+00 2.922279e-02
1.232847e+00 3.071831e-02
1.519911e+00 3.229070e-02
1.873817e+00 3.394413e-02
2.310130e+00 3.568310e-02
2.848036e+00 3.751249e-02
3.511192e+00 3.943765e-02
4.328761e+00 4.146445e-02
5.336699e+00 4.359937e-02
6.579332e+00 4.584956e-02
8.111308e+00 4.822296e-02
1.000000e+01 5.072834e-02
1.232847e+01 5.337536e-02
1.519911e+01 5.617461e-02
1.873817e+01 5.913759e-02
2.310130e+01 6.227663e-02
2.848036e+01 6.560469e-02
3.511192e+01 6.913512e-02
4.328761e+01 7.288117e-02
5.336699e+01 7.685535e-02
6.579332e+01 8.106850e-02
8.111308e+01 8.552861e-02
1.000000e+02 9.023912e-02
1.232847e+02 9.519693e-02
1.519911e+02 1.003898e-01
1.873817e+02 1.057932e-01
2.310130e+02 1.113669e-01
2.848036e+02 1.170506e-01
3.511192e+02 1.227603e-01
4.328761e+02 1.283834e-01
5.336699e+02 1.337756e-01
6.579332e+02 1.387588e-01
8.111308e+02 1.431203e-01
1.000000e+03 1.466165e-01
1.232847e+03 1.489803e-01
1.519911e+03 1.499331e-01
1.873817e+03 1.492034e-01
2.310130e+03 1.465510e-01
2.848036e+03 1.417952e-01
3.511192e+03 1.348468e-01
4.328761e+03 1.257389e-01
5.336699e+03 1.146547e-01
6.579332e+03 1.019432e-01
8.111308e+03 8.811749e-02
1.000000e+04 7.382534e-02
1.232847e+04 5.978641e-02
1.519911e+04 4.670032e-02
1.873817e+04 3.514270e-02
2.310130e+04 2.547930e-02
2.848036e+04 1.782734e-02
3.511192e+04 1.207659e-02
4.328761e+04 7.958176e-03
5.336699e+04 5.131236e-03
6.579332e+04 3.257849e-03
8.111308e+04 2.049500e-03
1.000000e+05 1.284522e-03
1.232847e+05 8.053818e-04
1.519911e+05 5.063894e-04
1.873817e+05 3.194954e-04
2.310130e+05 2.020746e-04
2.848036e+05 1.278447e-04
3.511192e+05 8.068606e-05
4.328761e+05 5.066900e-05
5.336699e+05 3.160126e-05
6.579332e+05 1.955712e-05
8.111308e+05 1.201116e-05
1.000000e+06 7.326526e-06
1.232847e+06 4.443924e-06
1.519911e+06 2.683817e-06
1.873817e+06 1.615743e-06
2.310130e+06 9.706238e-07
2.848036e+06 5.822562e-07
3.511192e+06 3.489764e-07
4.328761e+06 2.090531e-07
5.336699e+06 1.251985e-07
6.579332e+06 7.496979e-08
8.111308e+06 4.489039e-08
1.000000e+07 2.687921e-08
