1.000000e-02 1.878101e-01
1.232847e-02 1.847734e-01
1.519911e-02 1.817858e-01
1.873817e-02 1.788464e-01
2.310130e-02 1.759547e-01
2.848036e-02 1.731096e-01
3.511192e-02 1.703106e-01
4.328761e-02 1.675568e-01
5.336699e-02 1.648476e-01
6.579332e-02 1.621822e-01
8.111308e-02 1.595598e-01
1.000000e-01 1.569799e-01
1.232847e-01 1.544417e-01
1.519911e-01 1.519445e-01
1.873817e-01 1.494876e-01
2.310130e-01 1.470704e-01
2.848036e-01 1.446916e-01
3.511192e-01 1.423494e-01
4.328761e-01 1.400397e-01
5.336699e-01 1.377548e-01
6.579332e-01 1.354807e-01
8.111308e-01 1.331934e-01
1.000000e+00 1.308565e-01
1.232847e+00 1.284174e-01
1.519911e+00 1.258064e-01
1.873817e+00 1.229365e-01
2.310130e+00 1.197075e-01
2.848036e+00 1.160121e-01
3.511192e+00 1.117469e-01
4.328761e+00 1.068256e-01
5.336699e+00 1.011937e-01
6.579332e+00 9.484223e-02
8.111308e+00 8.781769e-02
1.000000e+01 8.022501e-02
1.232847e+01 7.222244e-02
1.519911e+01 6.400848e-02
1.873817e+01 5.580277e-02
2.310130e+01 4.782461e-02
2.848036e+01 4.027275e-02
3.511192e+01 3.330976e-02
4.328761e+01 2.705252e-02
5.336699e+01 2.156911e-02
6.579332e+01 1.688094e-02
8.111308e+01 1.296875e-02
1.000000e+02 9.780926e-03
1.232847e+02 7.242960e-03
1.519911e+02 5.267096e-03
1.873817e+02 3.761252e-03
2.310130e+02 2.636426e-03
2.848036e+02 1.812036e-03
3.511192e+02 1.218975e-03
4.328761e+02 8.005454e-04
5.336699e+02 5.117376e-04
6.579332e+02 3.175420e-04
8.111308e+02 1.909712e-04
1.000000e+03 1.113504e-04
1.232847e+03 6.310240e-05
1.519911e+03 3.490188e-05
1.873817e+03 1.893603e-05
2.310130e+03 1.012820e-05
2.848036e+03 5.363507e-06
3.511192e+03 2.821596e-06
4.328761e+03 1.478144e-06
5.336699e+03 7.723605e-07
6.579332e+03 4.029563e-07
8.111308e+03 2.100436e-07
1.000000e+04 1.094312e-07
1.232847e+04 5.699667e-08
1.519911e+04 2.968178e-08
1.873817e+04 1.545586e-08
2.310130e+04 8.047787e-09
2.848036e+04 4.190336e-09
3.511192e+04 2.181803e-09
4.328761e+04 1.136002e-09
5.336699e+04 5.914813e-10
6.579332e+04 3.079655e-10
8.111308e+04 1.603477e-10
1.000000e+05 8.348782e-11
1.232847e+05 4.346937e-11
1.519911e+05 2.263308e-11
1.873817e+05 1.178430e-11
2.310130e+05 6.135697e-12
2.848036e+05 3.194656e-12
3.511192e+05 1.663352e-12
4.328761e+05 8.660527e-13
5.336699e+05 4.509252e-13
6.579332e+05 2.347819e-13
8.111308e+05 1.222432e-13
1.000000e+06 6.364801e-14
1.232847e+06 3.313943e-14
1.519911e+06 1.725461e-14
1.873817e+06 8.983907e-15
2.310130e+06 4.677625e-15
2.848036e+06 2.435485e-15
3.511192e+06 1.268077e-15
4.328761e+06 6.602460e-16
5.336699e+06 3.437684e-16
6.579332e+06 1.789889e-16
8.111308e+06 9.319362e-17
1.000000e+07 4.852285e-17
