1.000000e-02 2.310375e-02
1.232847e-02 2.396846e-02
1.519911e-02 2.486553e-02
1.873817e-02 2.579618e-02
2.310130e-02 2.676166e-02
2.848036e-02 2.776328e-02
3.511192e-02 2.880239e-02
4.328761e-02 2.988038e-02
5.336699e-02 3.099872e-02
6.579332e-02 3.215892e-02
8.111308e-02 3.336254e-02
1.000000e-01 3.461121e-02
1.232847e-01 3.590661e-02
1.519911e-01 3.725050e-02
1.873817e-01 3.864468e-02
2.310130e-01 4.009105e-02
2.848036e-01 4.159154e-02
3.511192e-01 4.314820e-02
4.328761e-01 4.476311e-02
5.336699e-01 4.643845e-02
6.579332e-01 4.817645e-02
8.111308e-01 4.997946e-02
1.000000e+00 5.184988e-02
1.232847e+00 5.379023e-02
1.519911e+00 5.580321e-02
1.873817e+00 5.789171e-02
2.310130e+00 6.005903e-02
2.848036e+00 6.230898e-02
3.511192e+00 6.464619e-02
4.328761e+00 6.707645e-02
5.336699e+00 6.960716e-02
6.579332e+00 7.224788e-02
8.111308e+00 7.501102e-02
1.000000e+01 7.791255e-02
1.232847e+01 8.097286e-02
1.519911e+01 8.421764e-02
1.873817e+01 8.767864e-02
2.310130e+01 9.139440e-02
2.848036e+01 9.541061e-02
3.511192e+01 9.977998e-02
4.328761e+01 1.045612e-01
5.336699e+01 1.098162e-01
6.579332e+01 1.156057e-01
8.111308e+01 1.219798e-01
1.000000e+02 1.289641e-01
1.232847e+02 1.365369e-01
1.519911e+02 1.445938e-01
1.873817e+02 1.528985e-01
2.310130e+02 1.610151e-01
2.848036e+02 1.682291e-01
3.511192e+02 1.734746e-01
4.328761e+02 1.753144e-01
5.336699e+02 1.720551e-01
6.579332e+02 1.621060e-01
8.111308e+02 1.446399e-01
1.000000e+03 1.204030e-01
1.232847e+03 9.217030e-02
1.519911e+03 6.418733e-02
1.873817e+03 4.051834e-02
2.310130e+03 2.333557e-02
2.848036e+03 1.247136e-02
3.511192e+03 6.338894e-03
4.328761e+03 3.148536e-03
5.336699e+03 1.566139e-03
6.579332e+03 7.943946e-04
8.111308e+03 4.151038e-04
1.000000e+04 2.240813e-04
1.232847e+04 1.246168e-04
1.519911e+04 7.097076e-05
1.873817e+04 4.110655e-05
2.310130e+04 2.406298e-05
2.848036e+04 1.416790e-05
3.511192e+04 8.363426e-06
4.328761e+04 4.940528e-06
5.336699e+04 2.917911e-06
6.579332e+04 1.722380e-06
8.111308e+04 1.016072e-06
1.000000e+05 5.990944e-07
1.232847e+05 3.530961e-07
1.519911e+05 2.080494e-07
1.873817e+05 1.225618e-07
2.310130e+05 7.219180e-08
2.848036e+05 4.251911e-08
3.511192e+05 2.504134e-08
4.328761e+05 1.474744e-08
5.336699e+05 8.684941e-09
6.579332e+05 5.114601e-09
8.111308e+05 3.011989e-09
1.000000e+06 1.773753e-09
1.232847e+06 1.044556e-09
1.519911e+06 6.151335e-10
1.873817e+06 3.622487e-10
2.310130e+06 2.133261e-10
2.848036e+06 1.256264e-10
3.511192e+06 7.398063e-11
4.328761e+06 4.356673e-11
5.336699e+06 2.565617e-11
6.579332e+06 1.510876e-11
8.111308e+06 8.897453e-12
1.000000e+07 5.239654e-12
