1.000000e-02 5.941631e-02
1.232847e-02 6.061164e-02
1.519911e-02 6.183103e-02
1.873817e-02 6.307494e-02
2.310130e-02 6.434387e-02
2.848036e-02 6.563834e-02
3.511192e-02 6.695885e-02
4.328761e-02 6.830592e-02
5.336699e-02 6.968010e-02
6.579332e-02 7.108191e-02
8.111308e-02 7.251194e-02
1.000000e-01 7.397073e-02
1.232847e-01 7.545886e-02
1.519911e-01 7.697694e-02
1.873817e-01 7.852555e-02
2.310130e-01 8.010531e-02
2.848036e-01 8.171679e-02
3.511192e-01 8.336051e-02
4.328761e-01 8.503674e-02
5.336699e-01 8.674532e-02
6.579332e-01 8.848518e-02
8.111308e-01 9.025378e-02
1.000000e+00 9.204627e-02
1.232847e+00 9.385449e-02
1.519911e+00 9.566577e-02
1.873817e+00 9.746182e-02
2.310130e+00 9.921745e-02
2.848036e+00 1.008997e-01
3.511192e+00 1.024674e-01
4.328761e+00 1.038709e-01
5.336699e+00 1.050531e-01
6.579332e+00 1.059514e-01
8.111308e+00 1.064999e-01
1.000000e+01 1.066338e-01
1.232847e+01 1.062936e-01
1.519911e+01 1.054303e-01
1.873817e+01 1.040104e-01
2.310130e+01 1.020204e-01
2.848036e+01 9.946927e-02
3.511192e+01 9.639027e-02
4.328761e+01 9.283940e-02
5.336699e+01 8.889235e-02
6.579332e+01 8.463949e-02
8.111308e+01 8.017957e-02
1.000000e+02 7.561315e-02
1.232847e+02 7.103627e-02
1.519911e+02 6.653529e-02
1.873817e+02 6.218305e-02
2.310130e+02 5.803672e-02
2.848036e+02 5.413710e-02
3.511192e+02 5.050919e-02
4.328761e+02 4.716357e-02
5.336699e+02 4.409837e-02
6.579332e+02 4.130140e-02
8.111308e+02 3.875217e-02
1.000000e+03 3.642387e-02
1.232847e+03 3.428498e-02
1.519911e+03 3.230080e-02
1.873817e+03 3.043488e-02
2.310130e+03 2.865039e-02
2.848036e+03 2.691166e-02
3.511192e+03 2.518594e-02
4.328761e+03 2.344523e-02
5.336699e+03 2.166842e-02
6.579332e+03 1.984318e-02
8.111308e+03 1.796760e-02
1.000000e+04 1.605119e-02
1.232847e+04 1.411475e-02
1.519911e+04 1.218907e-02
1.873817e+04 1.031228e-02
2.310130e+04 8.525989e-03
2.848036e+04 6.870773e-03
3.511192e+04 5.381695e-03
4.328761e+04 4.084612e-03
5.336699e+04 2.993870e-03
6.579332e+04 2.111524e-03
8.111308e+04 1.427876e-03
1.000000e+05 9.230680e-04
1.232847e+05 5.695938e-04
1.519911e+05 3.357471e-04
1.873817e+05 1.897062e-04
2.310130e+05 1.033539e-04
2.848036e+05 5.469046e-05
3.511192e+05 2.831784e-05
4.328761e+05 1.444167e-05
5.336699e+05 7.291662e-06
6.579332e+05 3.658520e-06
8.111308e+05 1.828688e-06
1.000000e+06 9.120484e-07
1.232847e+06 4.543142e-07
1.519911e+06 2.261506e-07
1.873817e+06 1.125329e-07
2.310130e+06 5.598573e-08
2.848036e+06 2.785043e-08
3.511192e+06 1.385367e-08
4.328761e+06 6.891085e-09
5.336699e+06 3.427722e-09
6.579332e+06 1.704990e-09
8.111308e+06 8.480808e-10
1.000000e+07 4.218447e-10
