1.000000e-02 8.893268e-03
1.232847e-02 9.372025e-03
1.519911e-02 9.876556e-03
1.873817e-02 1.040825e-02
2.310130e-02 1.096856e-02
2.848036e-02 1.155904e-02
3.511192e-02 1.218130e-02
4.328761e-02 1.283707e-02
5.336699e-02 1.352814e-02
6.579332e-02 1.425640e-02
8.111308e-02 1.502388e-02
1.000000e-01 1.583267e-02
1.232847e-01 1.668500e-02
1.519911e-01 1.758321e-02
1.873817e-01 1.852978e-02
2.310130e-01 1.952731e-02
2.848036e-01 2.057854e-02
3.511192e-01 2.168636e-02
4.328761e-01 2.285381e-02
5.336699e-01 2.408412e-02
6.579332e-01 2.538067e-02
8.111308e-01 2.674704e-02
1.000000e+00 2.818700e-02
1.232847e+00 2.970455e-02
1.519911e+00 3.130391e-02
1.873817e+00 3.298956e-02
2.310130e+00 3.476625e-02
2.848036e+00 3.663904e-02
3.511192e+00 3.861328e-02
4.328761e+00 4.069468e-02
5.336699e+00 4.288929e-02
6.579332e+00 4.520350e-02
8.111308e+00 4.764404e-02
1.000000e+01 5.021795e-02
1.232847e+01 5.293249e-02
1.519911e+01 5.579503e-02
1.873817e+01 5.881289e-02
2.310130e+01 6.199309e-02
2.848036e+01 6.534202e-02
3.511192e+01 6.886498e-02
4.328761e+01 7.256563e-02
5.336699e+01 7.644520e-02
6.579332e+01 8.050167e-02
8.111308e+01 8.472860e-02
1.000000e+02 8.911391e-02
1.232847e+02 9.363839e-02
1.519911e+02 9.827413e-02
1.873817e+02 1.029828e-01
2.310130e+02 1.077140e-01
2.848036e+02 1.124039e-01
3.511192e+02 1.169736e-01
4.328761e+02 1.213294e-01
5.336699e+02 1.253621e-01
6.579332e+02 1.289492e-01
8.111308e+02 1.319574e-01
1.000000e+03 1.342465e-01
1.232847e+03 1.356756e-01
1.519911e+03 1.361100e-01
1.873817e+03 1.354289e-01
2.310130e+03 1.335343e-01
2.848036e+03 1.303588e-01
3.511192e+03 1.258731e-01
4.328761e+03 1.200917e-01
5.336699e+03 1.130775e-01
6.579332e+03 1.049453e-01
8.111308e+03 9.586270e-02
1.000000e+04 8.604933e-02
1.232847e+04 7.577190e-02
1.519911e+04 6.533390e-02
1.873817e+04 5.505837e-02
2.310130e+04 4.526428e-02
2.848036e+04 3.623865e-02
3.511192e+04 2.820894e-02
4.328761e+04 2.132154e-02
5.336699e+04 1.563149e-02
6.579332e+04 1.110630e-02
8.111308e+04 7.642600e-03
1.000000e+05 5.090778e-03
1.232847e+05 3.281125e-03
1.519911e+05 2.045935e-03
1.873817e+05 1.234684e-03
2.310130e+05 7.220459e-04
2.848036e+05 4.101829e-04
3.511192e+05 2.271775e-04
4.328761e+05 1.232145e-04
5.336699e+05 6.575234e-05
6.579332e+05 3.467490e-05
8.111308e+05 1.813695e-05
1.000000e+06 9.435721e-06
1.232847e+06 4.892307e-06
1.519911e+06 2.531395e-06
1.873817e+06 1.308228e-06
2.310130e+06 6.756320e-07
2.848036e+06 3.487981e-07
3.511192e+06 1.800328e-07
4.328761e+06 9.291500e-08
5.336699e+06 4.795119e-08
6.579332e+06 2.474597e-08
8.111308e+06 1.277046e-08
1.000000e+07 6.590348e-09
