1.000000e-02 3.644600e-02
1.232847e-02 3.743961e-02
1.519911e-02 3.846032e-02
1.873817e-02 3.950885e-02
2.310130e-02 4.058597e-02
2.848036e-02 4.169246e-02
3.511192e-02 4.282911e-02
4.328761e-02 4.399675e-02
5.336699e-02 4.519622e-02
6.579332e-02 4.642839e-02
8.111308e-02 4.769416e-02
1.000000e-01 4.899443e-02
1.232847e-01 5.033015e-02
1.519911e-01 5.170229e-02
1.873817e-01 5.311183e-02
2.310130e-01 5.455981e-02
2.848036e-01 5.604724e-02
3.511192e-01 5.757520e-02
4.328761e-01 5.914472e-02
5.336699e-01 6.075678e-02
6.579332e-01 6.241223e-02
8.111308e-01 6.411167e-02
1.000000e+00 6.585529e-02
1.232847e+00 6.764264e-02
1.519911e+00 6.947244e-02
1.873817e+00 7.134223e-02
2.310130e+00 7.324816e-02
2.848036e+00 7.518465e-02
3.511192e+00 7.714418e-02
4.328761e+00 7.911703e-02
5.336699e+00 8.109123e-02
6.579332e+00 8.305245e-02
8.111308e+00 8.498413e-02
1.000000e+01 8.686761e-02
1.232847e+01 8.868252e-02
1.519911e+01 9.040709e-02
1.873817e+01 9.201876e-02
2.310130e+01 9.349464e-02
2.848036e+01 9.481214e-02
3.511192e+01 9.594948e-02
4.328761e+01 9.688612e-02
5.336699e+01 9.760315e-02
6.579332e+01 9.808340e-02
8.111308e+01 9.831149e-02
1.000000e+02 9.827369e-02
1.232847e+02 9.795759e-02
1.519911e+02 9.735180e-02
1.873817e+02 9.644555e-02
2.310130e+02 9.522845e-02
2.848036e+02 9.369033e-02
3.511192e+02 9.182138e-02
4.328761e+02 8.961259e-02
5.336699e+02 8.705647e-02
6.579332e+02 8.414825e-02
8.111308e+02 8.088729e-02
1.000000e+03 7.727884e-02
1.232847e+03 7.333583e-02
1.519911e+03 6.908056e-02
1.873817e+03 6.454593e-02
2.310130e+03 5.977614e-02
2.848036e+03 5.482647e-02
3.511192e+03 4.976222e-02
4.328761e+03 4.465675e-02
5.336699e+03 3.958858e-02
6.579332e+03 3.463794e-02
8.111308e+03 2.988279e-02
1.000000e+04 2.539480e-02
1.232847e+04 2.123560e-02
1.519911e+04 1.745365e-02
1.873817e+04 1.408207e-02
2.310130e+04 1.113757e-02
2.848036e+04 8.620751e-03
3.511192e+04 6.517636e-03
4.328761e+04 4.802216e-03
5.336699e+04 3.439454e-03
6.579332e+04 2.388226e-03
8.111308e+04 1.603824e-03
1.000000e+05 1.040041e-03
1.232847e+05 6.511777e-04
1.519911e+05 3.943253e-04
1.873817e+05 2.317715e-04
2.310130e+05 1.328698e-04
2.848036e+05 7.469322e-05
3.511192e+05 4.138440e-05
4.328761e+05 2.269704e-05
5.336699e+05 1.236334e-05
6.579332e+05 6.704852e-06
8.111308e+05 3.626178e-06
1.000000e+06 1.957875e-06
1.232847e+06 1.056069e-06
1.519911e+06 5.693123e-07
1.873817e+06 3.068087e-07
2.310130e+06 1.653127e-07
2.848036e+06 8.906391e-08
3.511192e+06 4.798160e-08
4.328761e+06 2.584855e-08
5.336699e+06 1.392491e-08
6.579332e+06 7.501464e-09
8.111308e+06 4.041095e-09
1.000000e+07 2.176967e-09
