1.000000e-02 7.322394e-03
1.232847e-02 7.722254e-03
1.519911e-02 8.143949e-03
1.873817e-02 8.588672e-03
2.310130e-02 9.057681e-03
2.848036e-02 9.552301e-03
3.511192e-02 1.007393e-02
4.328761e-02 1.062405e-02
5.336699e-02 1.120420e-02
6.579332e-02 1.181604e-02
8.111308e-02 1.246129e-02
1.000000e-01 1.314177e-02
1.232847e-01 1.385941e-02
1.519911e-01 1.461624e-02
1.873817e-01 1.541441e-02
2.310130e-01 1.625615e-02
2.848036e-01 1.714387e-02
3.511192e-01 1.808005e-02
4.328761e-01 1.906737e-02
5.336699e-01 2.010860e-02
6.579332e-01 2.120670e-02
8.111308e-01 2.236478e-02
1.000000e+00 2.358614e-02
1.232847e+00 2.487426e-02
1.519911e+00 2.623285e-02
1.873817e+00 2.766582e-02
2.310130e+00 2.917738e-02
2.848036e+00 3.077199e-02
3.511192e+00 3.245444e-02
4.328761e+00 3.422987e-02
5.336699e+00 3.610382e-02
6.579332e+00 3.808223e-02
8.111308e+00 4.017151e-02
1.000000e+01 4.237856e-02
1.232847e+01 4.471077e-02
1.519911e+01 4.717604e-02
1.873817e+01 4.978274e-02
2.310130e+01 5.253961e-02
2.848036e+01 5.545571e-02
3.511192e+01 5.854017e-02
4.328761e+01 6.180195e-02
5.336699e+01 6.524946e-02
6.579332e+01 6.889004e-02
8.111308e+01 7.272929e-02
1.000000e+02 7.677024e-02
1.232847e+02 8.101228e-02
1.519911e+02 8.544990e-02
1.873817e+02 9.007121e-02
2.310130e+02 9.485625e-02
2.848036e+02 9.977512e-02
3.511192e+02 1.047861e-01
4.328761e+02 1.098336e-01
5.336699e+02 1.148467e-01
6.579332e+02 1.197379e-01
8.111308e+02 1.244024e-01
1.000000e+03 1.287183e-01
1.232847e+03 1.325488e-01
1.519911e+03 1.357449e-01
1.873817e+03 1.381500e-01
2.310130e+03 1.396062e-01
2.848036e+03 1.399622e-01
3.511192e+03 1.390820e-01
4.328761e+03 1.368548e-01
5.336699e+03 1.332057e-01
6.579332e+03 1.281055e-01
8.111308e+03 1.215799e-01
1.000000e+04 1.137168e-01
1.232847e+04 1.046703e-01
1.519911e+04 9.466065e-02
1.873817e+04 8.396881e-02
2.310130e+04 7.292453e-02
2.848036e+04 6.188743e-02
3.511192e+04 5.122115e-02
4.328761e+04 4.126243e-02
5.336699e+04 3.228966e-02
6.579332e+04 2.449699e-02
8.111308e+04 1.798029e-02
1.000000e+05 1.273817e-02
1.232847e+05 8.687213e-03
1.519911e+05 5.685852e-03
1.873817e+05 3.560300e-03
2.310130e+05 2.127275e-03
2.848036e+05 1.211543e-03
3.511192e+05 6.586495e-04
4.328761e+05 3.432987e-04
5.336699e+05 1.727263e-04
6.579332e+05 8.456529e-05
8.111308e+05 4.060151e-05
1.000000e+06 1.924123e-05
1.232847e+06 9.044294e-06
1.519911e+06 4.230663e-06
1.873817e+06 1.973545e-06
2.310130e+06 9.192547e-07
2.848036e+06 4.278435e-07
3.511192e+06 1.990506e-07
4.328761e+06 9.258928e-08
5.336699e+06 4.306471e-08
6.579332e+06 2.002940e-08
8.111308e+06 9.315582e-09
1.000000e+07 4.332626e-09
