1.000000e-02 7.274812e-03
1.232847e-02 7.682856e-03
1.519911e-02 8.113787e-03
1.873817e-02 8.568888e-03
2.310130e-02 9.049516e-03
2.848036e-02 9.557103e-03
3.511192e-02 1.009316e-02
4.328761e-02 1.065928e-02
5.336699e-02 1.125716e-02
6.579332e-02 1.188858e-02
8.111308e-02 1.255540e-02
1.000000e-01 1.325964e-02
1.232847e-01 1.400337e-02
1.519911e-01 1.478881e-02
1.873817e-01 1.561832e-02
2.310130e-01 1.649435e-02
2.848036e-01 1.741951e-02
3.511192e-01 1.839657e-02
4.328761e-01 1.942844e-02
5.336699e-01 2.051818e-02
6.579332e-01 2.166905e-02
8.111308e-01 2.288448e-02
1.000000e+00 2.416810e-02
1.232847e+00 2.552375e-02
1.519911e+00 2.695549e-02
1.873817e+00 2.846762e-02
2.310130e+00 3.006469e-02
2.848036e+00 3.175153e-02
3.511192e+00 3.353324e-02
4.328761e+00 3.541523e-02
5.336699e+00 3.740318e-02
6.579332e+00 3.950311e-02
8.111308e+00 4.172129e-02
1.000000e+01 4.406427e-02
1.232847e+01 4.653877e-02
1.519911e+01 4.915166e-02
1.873817e+01 5.190977e-02
2.310130e+01 5.481974e-02
2.848036e+01 5.788778e-02
3.511192e+01 6.111935e-02
4.328761e+01 6.451873e-02
5.336699e+01 6.808850e-02
6.579332e+01 7.182890e-02
8.111308e+01 7.573706e-02
1.000000e+02 7.980608e-02
1.232847e+02 8.402397e-02
1.519911e+02 8.837254e-02
1.873817e+02 9.282610e-02
2.310130e+02 9.735028e-02
2.848036e+02 1.019008e-01
3.511192e+02 1.064226e-01
4.328761e+02 1.108490e-01
5.336699e+02 1.151017e-01
6.579332e+02 1.190913e-01
8.111308e+02 1.227185e-01
1.000000e+03 1.258767e-01
1.232847e+03 1.284546e-01
1.519911e+03 1.303411e-01
1.873817e+03 1.314297e-01
2.310130e+03 1.316242e-01
2.848036e+03 1.308439e-01
3.511192e+03 1.290290e-01
4.328761e+03 1.261451e-01
5.336699e+03 1.221861e-01
6.579332e+03 1.171770e-01
8.111308e+03 1.111750e-01
1.000000e+04 1.042700e-01
1.232847e+04 9.658416e-02
1.519911e+04 8.827101e-02
1.873817e+04 7.951273e-02
2.310130e+04 7.051511e-02
2.848036e+04 6.149935e-02
3.511192e+04 5.269023e-02
4.328761e+04 4.430151e-02
5.336699e+04 3.652032e-02
6.579332e+04 2.949316e-02
8.111308e+04 2.331620e-02
1.000000e+05 1.803162e-02
1.232847e+05 1.363070e-02
1.519911e+05 1.006240e-02
1.873817e+05 7.245458e-03
2.310130e+05 5.081195e-03
2.848036e+05 3.464726e-03
3.511192e+05 2.293362e-03
4.328761e+05 1.471970e-03
5.336699e+05 9.160611e-04
6.579332e+05 5.535527e-04
8.111308e+05 3.257438e-04
1.000000e+06 1.874401e-04
1.232847e+06 1.059598e-04
1.519911e+06 5.911308e-05
1.873817e+06 3.267384e-05
2.310130e+06 1.794913e-05
2.848036e+06 9.822106e-06
3.511192e+06 5.362475e-06
4.328761e+06 2.923938e-06
5.336699e+06 1.593257e-06
6.579332e+06 8.679113e-07
8.111308e+06 4.727374e-07
1.000000e+07 2.574875e-07
