1.000000e-02 6.432628e-03
1.232847e-02 6.779470e-03
1.519911e-02 7.145015e-03
1.873817e-02 7.530269e-03
2.310130e-02 7.936295e-03
2.848036e-02 8.364215e-03
3.511192e-02 8.815207e-03
4.328761e-02 9.290517e-03
5.336699e-02 9.791455e-03
6.579332e-02 1.031940e-02
8.111308e-02 1.087582e-02
1.000000e-01 1.146223e-02
1.232847e-01 1.208027e-02
1.519911e-01 1.273163e-02
1.873817e-01 1.341811e-02
2.310130e-01 1.414160e-02
2.848036e-01 1.490411e-02
3.511192e-01 1.570773e-02
4.328761e-01 1.655468e-02
5.336699e-01 1.744729e-02
6.579332e-01 1.838803e-02
8.111308e-01 1.937950e-02
1.000000e+00 2.042441e-02
1.232847e+00 2.152564e-02
1.519911e+00 2.268623e-02
1.873817e+00 2.390936e-02
2.310130e+00 2.519839e-02
2.848036e+00 2.655684e-02
3.511192e+00 2.798845e-02
4.328761e+00 2.949714e-02
5.336699e+00 3.108704e-02
6.579332e+00 3.276253e-02
8.111308e+00 3.452823e-02
1.000000e+01 3.638903e-02
1.232847e+01 3.835009e-02
1.519911e+01 4.041688e-02
1.873817e+01 4.259520e-02
2.310130e+01 4.489113e-02
2.848036e+01 4.731111e-02
3.511192e+01 4.986187e-02
4.328761e+01 5.255040e-02
5.336699e+01 5.538391e-02
6.579332e+01 5.836977e-02
8.111308e+01 6.151532e-02
1.000000e+02 6.482779e-02
1.232847e+02 6.831403e-02
1.519911e+02 7.198025e-02
1.873817e+02 7.583171e-02
2.310130e+02 7.987226e-02
2.848036e+02 8.410390e-02
3.511192e+02 8.852619e-02
4.328761e+02 9.313556e-02
5.336699e+02 9.792450e-02
6.579332e+02 1.028807e-01
8.111308e+02 1.079857e-01
1.000000e+03 1.132140e-01
1.232847e+03 1.185306e-01
1.519911e+03 1.238890e-01
1.873817e+03 1.292281e-01
2.310130e+03 1.344673e-01
2.848036e+03 1.395008e-01
3.511192e+03 1.441893e-01
4.328761e+03 1.483498e-01
5.336699e+03 1.517437e-01
6.579332e+03 1.540650e-01
8.111308e+03 1.549316e-01
1.000000e+04 1.538871e-01
1.232847e+04 1.504231e-01
1.519911e+04 1.440352e-01
1.873817e+04 1.343265e-01
2.310130e+04 1.211589e-01
2.848036e+04 1.048271e-01
3.511192e+04 8.618864e-02
4.328761e+04 6.665291e-02
5.336699e+04 4.795815e-02
6.579332e+04 3.175602e-02
8.111308e+04 1.915557e-02
1.000000e+05 1.044423e-02
1.232847e+05 5.131848e-03
1.519911e+05 2.282812e-03
1.873817e+05 9.314781e-04
2.310130e+05 3.554572e-04
2.848036e+05 1.295103e-04
3.511192e+05 4.585404e-05
4.328761e+05 1.597587e-05
5.336699e+05 5.520103e-06
6.579332e+05 1.899758e-06
8.111308e+05 6.526287e-07
1.000000e+06 2.240252e-07
1.232847e+06 7.687556e-08
1.519911e+06 2.637692e-08
1.873817e+06 9.049787e-09
2.310130e+06 3.104878e-09
2.848036e+06 1.065240e-09
3.511192e+06 3.654681e-10
4.328761e+06 1.253866e-10
5.336699e+06 4.301823e-11
6.579332e+06 1.475890e-11
8.111308e+06 5.063553e-12
1.000000e+07 1.737228e-12
