1.000000e-02 5.668215e-03
1.232847e-02 6.025042e-03
1.519911e-02 6.404332e-03
1.873817e-02 6.807500e-03
2.310130e-02 7.236047e-03
2.848036e-02 7.691573e-03
3.511192e-02 8.175774e-03
4.328761e-02 8.690458e-03
5.336699e-02 9.237542e-03
6.579332e-02 9.819066e-03
8.111308e-02 1.043720e-02
1.000000e-01 1.109424e-02
1.232847e-01 1.179265e-02
1.519911e-01 1.253503e-02
1.873817e-01 1.332413e-02
2.310130e-01 1.416292e-02
2.848036e-01 1.505451e-02
3.511192e-01 1.600222e-02
4.328761e-01 1.700959e-02
5.336699e-01 1.808038e-02
6.579332e-01 1.921857e-02
8.111308e-01 2.042838e-02
1.000000e+00 2.171430e-02
1.232847e+00 2.308108e-02
1.519911e+00 2.453370e-02
1.873817e+00 2.607742e-02
2.310130e+00 2.771770e-02
2.848036e+00 2.946021e-02
3.511192e+00 3.131072e-02
4.328761e+00 3.327506e-02
5.336699e+00 3.535894e-02
6.579332e+00 3.756779e-02
8.111308e+00 3.990653e-02
1.000000e+01 4.237924e-02
1.232847e+01 4.498881e-02
1.519911e+01 4.773646e-02
1.873817e+01 5.062119e-02
2.310130e+01 5.363915e-02
2.848036e+01 5.678303e-02
3.511192e+01 6.004131e-02
4.328761e+01 6.339769e-02
5.336699e+01 6.683058e-02
6.579332e+01 7.031286e-02
8.111308e+01 7.381207e-02
1.000000e+02 7.729106e-02
1.232847e+02 8.070941e-02
1.519911e+02 8.402560e-02
1.873817e+02 8.720010e-02
2.310130e+02 9.019924e-02
2.848036e+02 9.299981e-02
3.511192e+02 9.559404e-02
4.328761e+02 9.799466e-02
5.336699e+02 1.002396e-01
6.579332e+02 1.023957e-01
8.111308e+02 1.045620e-01
1.000000e+03 1.068710e-01
1.232847e+03 1.094894e-01
1.519911e+03 1.126169e-01
1.873817e+03 1.164832e-01
2.310130e+03 1.213400e-01
2.848036e+03 1.274427e-01
3.511192e+03 1.350107e-01
4.328761e+03 1.441453e-01
5.336699e+03 1.546712e-01
6.579332e+03 1.658629e-01
8.111308e+03 1.760389e-01
1.000000e+04 1.821391e-01
1.232847e+04 1.797216e-01
1.519911e+04 1.642460e-01
1.873817e+04 1.342544e-01
2.310130e+04 9.478162e-02
2.848036e+04 5.637419e-02
3.511192e+04 2.814910e-02
4.328761e+04 1.206946e-02
5.336699e+04 4.632013e-03
6.579332e+04 1.664637e-03
8.111308e+04 5.805671e-04
1.000000e+05 2.007840e-04
1.232847e+05 6.952642e-05
1.519911e+05 2.416809e-05
1.873817e+05 8.429839e-06
2.310130e+05 2.946970e-06
2.848036e+05 1.031533e-06
3.511192e+05 3.613009e-07
4.328761e+05 1.265860e-07
5.336699e+05 4.435677e-08
6.579332e+05 1.554385e-08
8.111308e+05 5.447120e-09
1.000000e+06 1.908883e-09
1.232847e+06 6.689493e-10
1.519911e+06 2.344270e-10
1.873817e+06 8.215279e-11
2.310130e+06 2.878969e-11
2.848036e+06 1.008909e-11
3.511192e+06 3.535628e-12
4.328761e+06 1.239029e-12
5.336699e+06 4.342063e-13
6.579332e+06 1.521637e-13
8.111308e+06 5.332437e-14
1.000000e+07 1.868704e-14
