1.000000e-02 1.280506e-02
1.232847e-02 1.347096e-02
1.519911e-02 1.417150e-02
1.873817e-02 1.490846e-02
2.310130e-02 1.568374e-02
2.848036e-02 1.649935e-02
3.511192e-02 1.735736e-02
4.328761e-02 1.826000e-02
5.336699e-02 1.920958e-02
6.579332e-02 2.020853e-02
8.111308e-02 2.125944e-02
1.000000e-01 2.236500e-02
1.232847e-01 2.352805e-02
1.519911e-01 2.475158e-02
1.873817e-01 2.603874e-02
2.310130e-01 2.739283e-02
2.848036e-01 2.881734e-02
3.511192e-01 3.031593e-02
4.328761e-01 3.189244e-02
5.336699e-01 3.355092e-02
6.579332e-01 3.529560e-02
8.111308e-01 3.713091e-02
1.000000e+00 3.906146e-02
1.232847e+00 4.109203e-02
1.519911e+00 4.322750e-02
1.873817e+00 4.547284e-02
2.310130e+00 4.783299e-02
2.848036e+00 5.031277e-02
3.511192e+00 5.291671e-02
4.328761e+00 5.564891e-02
5.336699e+00 5.851271e-02
6.579332e+00 6.151049e-02
8.111308e+00 6.464321e-02
1.000000e+01 6.791003e-02
1.232847e+01 7.130778e-02
1.519911e+01 7.483032e-02
1.873817e+01 7.846793e-02
2.310130e+01 8.220655e-02
2.848036e+01 8.602698e-02
3.511192e+01 8.990410e-02
4.328761e+01 9.380616e-02
5.336699e+01 9.769403e-02
6.579332e+01 1.015208e-01
8.111308e+01 1.052316e-01
1.000000e+02 1.087635e-01
1.232847e+02 1.120465e-01
1.519911e+02 1.150044e-01
1.873817e+02 1.175570e-01
2.310130e+02 1.196222e-01
2.848036e+02 1.211195e-01
3.511192e+02 1.219736e-01
4.328761e+02 1.221183e-01
5.336699e+02 1.215006e-01
6.579332e+02 1.200844e-01
8.111308e+02 1.178534e-01
1.000000e+03 1.148132e-01
1.232847e+03 1.109914e-01
1.519911e+03 1.064367e-01
1.873817e+03 1.012171e-01
2.310130e+03 9.541586e-02
2.848036e+03 8.912850e-02
3.511192e+03 8.245856e-02
4.328761e+03 7.551451e-02
5.336699e+03 6.840694e-02
6.579332e+03 6.124661e-02
8.111308e+03 5.414304e-02
1.000000e+04 4.720349e-02
1.232847e+04 4.053173e-02
1.519911e+04 3.422614e-02
1.873817e+04 2.837645e-02
2.310130e+04 2.305924e-02
2.848036e+04 1.833268e-02
3.511192e+04 1.423176e-02
4.328761e+04 1.076539e-02
5.336699e+04 7.916273e-03
6.579332e+04 5.643831e-03
8.111308e+04 3.889337e-03
1.000000e+05 2.582241e-03
1.232847e+05 1.646394e-03
1.519911e+05 1.005487e-03
1.873817e+05 5.875921e-04
2.310130e+05 3.289987e-04
2.848036e+05 1.771891e-04
3.511192e+05 9.235311e-05
4.328761e+05 4.691896e-05
5.336699e+05 2.339735e-05
6.579332e+05 1.152101e-05
8.111308e+05 5.627142e-06
1.000000e+06 2.734846e-06
1.232847e+06 1.325315e-06
1.519911e+06 6.412025e-07
1.873817e+06 3.099443e-07
2.310130e+06 1.497499e-07
2.848036e+06 7.233418e-08
3.511192e+06 3.493556e-08
4.328761e+06 1.687200e-08
5.336699e+06 8.148061e-09
6.579332e+06 3.934934e-09
8.111308e+06 1.900287e-09
1.000000e+07 9.176998e-10
