1.000000e-02 1.007214e-02
1.232847e-02 1.056437e-02
1.519911e-02 1.108065e-02
1.873817e-02 1.162217e-02
2.310130e-02 1.219014e-02
2.848036e-02 1.278588e-02
3.511192e-02 1.341073e-02
4.328761e-02 1.406611e-02
5.336699e-02 1.475352e-02
6.579332e-02 1.547453e-02
8.111308e-02 1.623078e-02
1.000000e-01 1.702398e-02
1.232847e-01 1.785594e-02
1.519911e-01 1.872856e-02
1.873817e-01 1.964383e-02
2.310130e-01 2.060383e-02
2.848036e-01 2.161074e-02
3.511192e-01 2.266686e-02
4.328761e-01 2.377458e-02
5.336699e-01 2.493640e-02
6.579332e-01 2.615493e-02
8.111308e-01 2.743287e-02
1.000000e+00 2.877297e-02
1.232847e+00 3.017802e-02
1.519911e+00 3.165080e-02
1.873817e+00 3.319401e-02
2.310130e+00 3.481018e-02
2.848036e+00 3.650161e-02
3.511192e+00 3.827021e-02
4.328761e+00 4.011743e-02
5.336699e+00 4.204408e-02
6.579332e+00 4.405022e-02
8.111308e+00 4.613500e-02
1.000000e+01 4.829659e-02
1.232847e+01 5.053200e-02
1.519911e+01 5.283708e-02
1.873817e+01 5.520645e-02
2.310130e+01 5.763355e-02
2.848036e+01 6.011073e-02
3.511192e+01 6.262945e-02
4.328761e+01 6.518051e-02
5.336699e+01 6.775442e-02
6.579332e+01 7.034180e-02
8.111308e+01 7.293386e-02
1.000000e+02 7.552295e-02
1.232847e+02 7.810305e-02
1.519911e+02 8.067033e-02
1.873817e+02 8.322356e-02
2.310130e+02 8.576450e-02
2.848036e+02 8.829801e-02
3.511192e+02 9.083211e-02
4.328761e+02 9.337769e-02
5.336699e+02 9.594792e-02
6.579332e+02 9.855734e-02
8.111308e+02 1.012205e-01
1.000000e+03 1.039500e-01
1.232847e+03 1.067540e-01
1.519911e+03 1.096327e-01
1.873817e+03 1.125740e-01
2.310130e+03 1.155475e-01
2.848036e+03 1.184977e-01
3.511192e+03 1.213349e-01
4.328761e+03 1.239253e-01
5.336699e+03 1.260803e-01
6.579332e+03 1.275479e-01
8.111308e+03 1.280076e-01
1.000000e+04 1.270763e-01
1.232847e+04 1.243306e-01
1.519911e+04 1.193556e-01
1.873817e+04 1.118251e-01
2.310130e+04 1.016115e-01
2.848036e+04 8.890567e-02
3.511192e+04 7.430269e-02
4.328761e+04 5.879811e-02
5.336699e+04 4.364986e-02
6.579332e+04 3.011465e-02
8.111308e+04 1.913820e-02
1.000000e+05 1.112507e-02
1.232847e+05 5.896639e-03
1.519911e+05 2.858091e-03
1.873817e+05 1.279663e-03
2.310130e+05 5.376532e-04
2.848036e+05 2.157751e-04
3.511192e+05 8.404828e-05
4.328761e+05 3.216174e-05
5.336699e+05 1.218730e-05
6.579332e+05 4.595089e-06
8.111308e+05 1.728302e-06
1.000000e+06 6.493111e-07
1.232847e+06 2.438184e-07
1.519911e+06 9.153454e-08
1.873817e+06 3.436082e-08
2.310130e+06 1.289810e-08
2.848036e+06 4.841514e-09
3.511192e+06 1.817331e-09
4.328761e+06 6.821596e-10
5.336699e+06 2.560575e-10
6.579332e+06 9.611451e-11
8.111308e+06 3.607783e-11
1.000000e+07 1.354228e-11
