1.000000e-02 1.775918e-02
1.232847e-02 1.863580e-02
1.519911e-02 1.955569e-02
1.873817e-02 2.052099e-02
2.310130e-02 2.153394e-02
2.848036e-02 2.259689e-02
3.511192e-02 2.371231e-02
4.328761e-02 2.488279e-02
5.336699e-02 2.611105e-02
6.579332e-02 2.739993e-02
8.111308e-02 2.875244e-02
1.000000e-01 3.017171e-02
1.232847e-01 3.166103e-02
1.519911e-01 3.322387e-02
1.873817e-01 3.486386e-02
2.310130e-01 3.658479e-02
2.848036e-01 3.839068e-02
3.511192e-01 4.028569e-02
4.328761e-01 4.227423e-02
5.336699e-01 4.436086e-02
6.579332e-01 4.655033e-02
8.111308e-01 4.884754e-02
1.000000e+00 5.125745e-02
1.232847e+00 5.378501e-02
1.519911e+00 5.643500e-02
1.873817e+00 5.921182e-02
2.310130e+00 6.211921e-02
2.848036e+00 6.515993e-02
3.511192e+00 6.833529e-02
4.328761e+00 7.164457e-02
5.336699e+00 7.508447e-02
6.579332e+00 7.864823e-02
8.111308e+00 8.232489e-02
1.000000e+01 8.609828e-02
1.232847e+01 8.994609e-02
1.519911e+01 9.383883e-02
1.873817e+01 9.773896e-02
2.310130e+01 1.016001e-01
2.848036e+01 1.053665e-01
3.511192e+01 1.089729e-01
4.328761e+01 1.123452e-01
5.336699e+01 1.154010e-01
6.579332e+01 1.180521e-01
8.111308e+01 1.202065e-01
1.000000e+02 1.217723e-01
1.232847e+02 1.226618e-01
1.519911e+02 1.227962e-01
1.873817e+02 1.221106e-01
2.310130e+02 1.205583e-01
2.848036e+02 1.181149e-01
3.511192e+02 1.147815e-01
4.328761e+02 1.105861e-01
5.336699e+02 1.055838e-01
6.579332e+02 9.985662e-02
8.111308e+02 9.351044e-02
1.000000e+03 8.667216e-02
1.232847e+03 7.948499e-02
1.519911e+03 7.210285e-02
1.873817e+03 6.468374e-02
2.310130e+03 5.738237e-02
2.848036e+03 5.034243e-02
3.511192e+03 4.368920e-02
4.328761e+03 3.752311e-02
5.336699e+03 3.191520e-02
6.579332e+03 2.690492e-02
8.111308e+03 2.250065e-02
1.000000e+04 1.868289e-02
1.232847e+04 1.540953e-02
1.519911e+04 1.262267e-02
1.873817e+04 1.025603e-02
2.310130e+04 8.242335e-03
2.848036e+04 6.520376e-03
3.511192e+04 5.041295e-03
4.328761e+04 3.773353e-03
5.336699e+04 2.703284e-03
6.579332e+04 1.831731e-03
8.111308e+04 1.161943e-03
1.000000e+05 6.859736e-04
1.232847e+05 3.771420e-04
1.519911e+05 1.945336e-04
1.873817e+05 9.529109e-05
2.310130e+05 4.493703e-05
2.848036e+05 2.065411e-05
3.511192e+05 9.341403e-06
4.328761e+05 4.184969e-06
5.336699e+05 1.864930e-06
6.579332e+05 8.286925e-07
8.111308e+05 3.676905e-07
1.000000e+06 1.630229e-07
1.232847e+06 7.225302e-08
1.519911e+06 3.201748e-08
1.873817e+06 1.418673e-08
2.310130e+06 6.285798e-09
2.848036e+06 2.785037e-09
3.511192e+06 1.233952e-09
4.328761e+06 5.467185e-10
5.336699e+06 2.422305e-10
6.579332e+06 1.073232e-10
8.111308e+06 4.755085e-11
1.000000e+07 2.106799e-11
