1.000000e-02 2.821244e-02
1.232847e-02 2.950306e-02
1.519911e-02 3.085273e-02
1.873817e-02 3.226414e-02
2.310130e-02 3.374012e-02
2.848036e-02 3.528362e-02
3.511192e-02 3.689773e-02
4.328761e-02 3.858568e-02
5.336699e-02 4.035085e-02
6.579332e-02 4.219677e-02
8.111308e-02 4.412713e-02
1.000000e-01 4.614580e-02
1.232847e-01 4.825682e-02
1.519911e-01 5.046441e-02
1.873817e-01 5.277299e-02
2.310130e-01 5.518717e-02
2.848036e-01 5.771174e-02
3.511192e-01 6.035163e-02
4.328761e-01 6.311177e-02
5.336699e-01 6.599681e-02
6.579332e-01 6.901062e-02
8.111308e-01 7.215543e-02
1.000000e+00 7.543065e-02
1.232847e+00 7.883108e-02
1.519911e+00 8.234471e-02
1.873817e+00 8.595003e-02
2.310130e+00 8.961296e-02
2.848036e+00 9.328380e-02
3.511192e+00 9.689449e-02
4.328761e+00 1.003568e-01
5.336699e+00 1.035623e-01
6.579332e+00 1.063847e-01
8.111308e+00 1.086857e-01
1.000000e+01 1.103240e-01
1.232847e+01 1.111681e-01
1.519911e+01 1.111105e-01
1.873817e+01 1.100832e-01
2.310130e+01 1.080691e-01
2.848036e+01 1.051097e-01
3.511192e+01 1.013049e-01
4.328761e+01 9.680459e-02
5.336699e+01 9.179506e-02
6.579332e+01 8.648013e-02
8.111308e+01 8.106251e-02
1.000000e+02 7.572756e-02
1.232847e+02 7.063168e-02
1.519911e+02 6.589635e-02
1.873817e+02 6.160719e-02
2.310130e+02 5.781697e-02
2.848036e+02 5.455085e-02
3.511192e+02 5.181254e-02
4.328761e+02 4.959013e-02
5.336699e+02 4.786096e-02
6.579332e+02 4.659508e-02
8.111308e+02 4.575732e-02
1.000000e+03 4.530797e-02
1.232847e+03 4.520235e-02
1.519911e+03 4.538945e-02
1.873817e+03 4.581022e-02
2.310130e+03 4.639585e-02
2.848036e+03 4.706659e-02
3.511192e+03 4.773192e-02
4.328761e+03 4.829252e-02
5.336699e+03 4.864453e-02
6.579332e+03 4.868604e-02
8.111308e+03 4.832543e-02
1.000000e+04 4.749020e-02
1.232847e+04 4.613502e-02
1.519911e+04 4.424737e-02
1.873817e+04 4.184950e-02
2.310130e+04 3.899658e-02
2.848036e+04 3.577118e-02
3.511192e+04 3.227548e-02
4.328761e+04 2.862241e-02
5.336699e+04 2.492714e-02
6.579332e+04 2.129957e-02
8.111308e+04 1.783827e-02
1.000000e+05 1.462571e-02
1.232847e+05 1.172484e-02
1.519911e+05 9.177097e-03
1.873817e+05 7.002018e-03
2.310130e+05 5.198708e-03
2.848036e+05 3.748798e-03
3.511192e+05 2.620424e-03
4.328761e+05 1.772546e-03
5.336699e+05 1.159100e-03
6.579332e+05 7.328184e-04
8.111308e+05 4.486922e-04
1.000000e+06 2.669297e-04
1.232847e+06 1.549884e-04
1.519911e+06 8.828012e-05
1.873817e+06 4.957254e-05
2.310130e+06 2.756167e-05
2.848036e+06 1.522435e-05
3.511192e+06 8.375809e-06
4.328761e+06 4.597403e-06
5.336699e+06 2.520420e-06
6.579332e+06 1.380997e-06
8.111308e+06 7.565310e-07
1.000000e+07 4.144234e-07
