1.000000e-02 9.091607e-03
1.232847e-02 9.575631e-03
1.519911e-02 1.008542e-02
1.873817e-02 1.062236e-02
2.310130e-02 1.118788e-02
2.848036e-02 1.178351e-02
3.511192e-02 1.241084e-02
4.328761e-02 1.307158e-02
5.336699e-02 1.376749e-02
6.579332e-02 1.450046e-02
8.111308e-02 1.527244e-02
1.000000e-01 1.608553e-02
1.232847e-01 1.694190e-02
1.519911e-01 1.784386e-02
1.873817e-01 1.879384e-02
2.310130e-01 1.979440e-02
2.848036e-01 2.084823e-02
3.511192e-01 2.195816e-02
4.328761e-01 2.312719e-02
5.336699e-01 2.435845e-02
6.579332e-01 2.565529e-02
8.111308e-01 2.702119e-02
1.000000e+00 2.845986e-02
1.232847e+00 2.997523e-02
1.519911e+00 3.157145e-02
1.873817e+00 3.325294e-02
2.310130e+00 3.502441e-02
2.848036e+00 3.689089e-02
3.511192e+00 3.885775e-02
4.328761e+00 4.093076e-02
5.336699e+00 4.311609e-02
6.579332e+00 4.542033e-02
8.111308e+00 4.785051e-02
1.000000e+01 5.041410e-02
1.232847e+01 5.311894e-02
1.519911e+01 5.597317e-02
1.873817e+01 5.898510e-02
2.310130e+01 6.216302e-02
2.848036e+01 6.551488e-02
3.511192e+01 6.904793e-02
4.328761e+01 7.276816e-02
5.336699e+01 7.667965e-02
6.579332e+01 8.078371e-02
8.111308e+01 8.507784e-02
1.000000e+02 8.955448e-02
1.232847e+02 9.419959e-02
1.519911e+02 9.899097e-02
1.873817e+02 1.038965e-01
2.310130e+02 1.088725e-01
2.848036e+02 1.138613e-01
3.511192e+02 1.187905e-01
4.328761e+02 1.235708e-01
5.336699e+02 1.280958e-01
6.579332e+02 1.322415e-01
8.111308e+02 1.358676e-01
1.000000e+03 1.388187e-01
1.232847e+03 1.409279e-01
1.519911e+03 1.420205e-01
1.873817e+03 1.419194e-01
2.310130e+03 1.404524e-01
2.848036e+03 1.374617e-01
3.511192e+03 1.328169e-01
4.328761e+03 1.264340e-01
5.336699e+03 1.182999e-01
6.579332e+03 1.085015e-01
8.111308e+03 9.725539e-02
1.000000e+04 8.492460e-02
1.232847e+04 7.201236e-02
1.519911e+04 5.911977e-02
1.873817e+04 4.686912e-02
2.310130e+04 3.580870e-02
2.848036e+04 2.632764e-02
3.511192e+04 1.860906e-02
4.328761e+04 1.263448e-02
5.336699e+04 8.230859e-03
6.579332e+04 5.137115e-03
8.111308e+04 3.065871e-03
1.000000e+05 1.746801e-03
1.232847e+05 9.498959e-04
1.519911e+05 4.940846e-04
1.873817e+05 2.470596e-04
2.310130e+05 1.196205e-04
2.848036e+05 5.653067e-05
3.511192e+05 2.626911e-05
4.328761e+05 1.207442e-05
5.336699e+05 5.513139e-06
6.579332e+05 2.507615e-06
8.111308e+05 1.138145e-06
1.000000e+06 5.159897e-07
1.232847e+06 2.337916e-07
1.519911e+06 1.058980e-07
1.873817e+06 4.796044e-08
2.310130e+06 2.171940e-08
2.848036e+06 9.835533e-09
3.511192e+06 4.453909e-09
4.328761e+06 2.016888e-09
5.336699e+06 9.133156e-10
6.579332e+06 4.135800e-10
8.111308e+06 1.872829e-10
1.000000e+07 8.480796e-11
