1.000000e-02 2.102029e-02
1.232847e-02 2.192306e-02
1.519911e-02 2.286460e-02
1.873817e-02 2.384657e-02
2.310130e-02 2.487072e-02
2.848036e-02 2.593885e-02
3.511192e-02 2.705286e-02
4.328761e-02 2.821471e-02
5.336699e-02 2.942646e-02
6.579332e-02 3.069024e-02
8.111308e-02 3.200831e-02
1.000000e-01 3.338298e-02
1.232847e-01 3.481670e-02
1.519911e-01 3.631198e-02
1.873817e-01 3.787149e-02
2.310130e-01 3.949797e-02
2.848036e-01 4.119430e-02
3.511192e-01 4.296347e-02
4.328761e-01 4.480859e-02
5.336699e-01 4.673286e-02
6.579332e-01 4.873957e-02
8.111308e-01 5.083199e-02
1.000000e+00 5.301339e-02
1.232847e+00 5.528681e-02
1.519911e+00 5.765501e-02
1.873817e+00 6.012020e-02
2.310130e+00 6.268384e-02
2.848036e+00 6.534635e-02
3.511192e+00 6.810682e-02
4.328761e+00 7.096263e-02
5.336699e+00 7.390917e-02
6.579332e+00 7.693944e-02
8.111308e+00 8.004384e-02
1.000000e+01 8.320991e-02
1.232847e+01 8.642230e-02
1.519911e+01 8.966278e-02
1.873817e+01 9.291066e-02
2.310130e+01 9.614330e-02
2.848036e+01 9.933706e-02
3.511192e+01 1.024686e-01
4.328761e+01 1.055166e-01
5.336699e+01 1.084635e-01
6.579332e+01 1.112984e-01
8.111308e+01 1.140188e-01
1.000000e+02 1.166331e-01
1.232847e+02 1.191624e-01
1.519911e+02 1.216406e-01
1.873817e+02 1.241120e-01
2.310130e+02 1.266251e-01
2.848036e+02 1.292185e-01
3.511192e+02 1.318942e-01
4.328761e+02 1.345708e-01
5.336699e+02 1.370036e-01
6.579332e+02 1.386601e-01
8.111308e+02 1.385470e-01
1.000000e+03 1.350439e-01
1.232847e+03 1.259422e-01
1.519911e+03 1.091329e-01
1.873817e+03 8.439331e-02
2.310130e+03 5.552984e-02
2.848036e+03 2.979776e-02
3.511192e+03 1.281869e-02
4.328761e+03 4.517767e-03
5.336699e+03 1.373264e-03
6.579332e+03 3.809484e-04
8.111308e+03 1.006935e-04
1.000000e+04 2.602641e-05
1.232847e+04 6.664678e-06
1.519911e+04 1.700597e-06
1.873817e+04 4.333881e-07
2.310130e+04 1.104003e-07
2.848036e+04 2.811935e-08
3.511192e+04 7.161809e-09
4.328761e+04 1.824043e-09
5.336699e+04 4.645643e-10
6.579332e+04 1.183195e-10
8.111308e+04 3.013467e-11
1.000000e+05 7.674969e-12
1.232847e+05 1.954730e-12
1.519911e+05 4.978484e-13
1.873817e+05 1.267965e-13
2.310130e+05 3.229368e-14
2.848036e+05 8.224845e-15
3.511192e+05 2.094778e-15
4.328761e+05 5.335169e-16
5.336699e+05 1.358809e-16
6.579332e+05 3.460737e-17
8.111308e+05 8.814116e-18
1.000000e+06 2.244859e-18
1.232847e+06 5.717408e-19
1.519911e+06 1.456161e-19
1.873817e+06 3.708682e-20
2.310130e+06 9.445606e-21
2.848036e+06 2.405692e-21
3.511192e+06 6.127034e-22
4.328761e+06 1.560488e-22
5.336699e+06 3.974392e-23
6.579332e+06 1.012234e-23
8.111308e+06 2.578049e-24
1.000000e+07 6.566007e-25
