1.000000e-02 1.053090e-02
1.232847e-02 1.110919e-02
1.519911e-02 1.171923e-02
1.873817e-02 1.236278e-02
2.310130e-02 1.304167e-02
2.848036e-02 1.375783e-02
3.511192e-02 1.451333e-02
4.328761e-02 1.531031e-02
5.336699e-02 1.615105e-02
6.579332e-02 1.703797e-02
8.111308e-02 1.797359e-02
1.000000e-01 1.896058e-02
1.232847e-01 2.000178e-02
1.519911e-01 2.110015e-02
1.873817e-01 2.225884e-02
2.310130e-01 2.348116e-02
2.848036e-01 2.477059e-02
3.511192e-01 2.613084e-02
4.328761e-01 2.756579e-02
5.336699e-01 2.907953e-02
6.579332e-01 3.067641e-02
8.111308e-01 3.236100e-02
1.000000e+00 3.413812e-02
1.232847e+00 3.601288e-02
1.519911e+00 3.799066e-02
1.873817e+00 4.007713e-02
2.310130e+00 4.227826e-02
2.848036e+00 4.460030e-02
3.511192e+00 4.704976e-02
4.328761e+00 4.963335e-02
5.336699e+00 5.235791e-02
6.579332e+00 5.523026e-02
8.111308e+00 5.825703e-02
1.000000e+01 6.144437e-02
1.232847e+01 6.479758e-02
1.519911e+01 6.832067e-02
1.873817e+01 7.201570e-02
2.310130e+01 7.588201e-02
2.848036e+01 7.991528e-02
3.511192e+01 8.410638e-02
4.328761e+01 8.844004e-02
5.336699e+01 9.289339e-02
6.579332e+01 9.743430e-02
8.111308e+01 1.020198e-01
1.000000e+02 1.065945e-01
1.232847e+02 1.110894e-01
1.519911e+02 1.154210e-01
1.873817e+02 1.194914e-01
2.310130e+02 1.231893e-01
2.848036e+02 1.263928e-01
3.511192e+02 1.289727e-01
4.328761e+02 1.307987e-01
5.336699e+02 1.317464e-01
6.579332e+02 1.317052e-01
8.111308e+02 1.305874e-01
1.000000e+03 1.283361e-01
1.232847e+03 1.249325e-01
1.519911e+03 1.203998e-01
1.873817e+03 1.148044e-01
2.310130e+03 1.082540e-01
2.848036e+03 1.008922e-01
3.511192e+03 9.289095e-02
4.328761e+03 8.444183e-02
5.336699e+03 7.574665e-02
6.579332e+03 6.700833e-02
8.111308e+03 5.842234e-02
1.000000e+04 5.016860e-02
1.232847e+04 4.240424e-02
1.519911e+04 3.525714e-02
1.873817e+04 2.882110e-02
2.310130e+04 2.315289e-02
2.848036e+04 1.827187e-02
3.511192e+04 1.416246e-02
4.328761e+04 1.077926e-02
5.336699e+04 8.054345e-03
6.579332e+04 5.905804e-03
8.111308e+04 4.246180e-03
1.000000e+05 2.989729e-03
1.232847e+05 2.057645e-03
1.519911e+05 1.380975e-03
1.873817e+05 9.014889e-04
2.310130e+05 5.711077e-04
2.848036e+05 3.506881e-04
3.511192e+05 2.088018e-04
4.328761e+05 1.208188e-04
5.336699e+05 6.820138e-05
6.579332e+05 3.773780e-05
8.111308e+05 2.056828e-05
1.000000e+06 1.109029e-05
1.232847e+06 5.936450e-06
1.519911e+06 3.162801e-06
1.873817e+06 1.680178e-06
2.310130e+06 8.910208e-07
2.848036e+06 4.720522e-07
3.511192e+06 2.499515e-07
4.328761e+06 1.323117e-07
5.336699e+06 7.002955e-08
6.579332e+06 3.706285e-08
8.111308e+06 1.961497e-08
1.000000e+07 1.038090e-08
