1.000000e-02 4.345833e-02
1.232847e-02 4.492390e-02
1.519911e-02 4.643890e-02
1.873817e-02 4.800498e-02
2.310130e-02 4.962389e-02
2.848036e-02 5.129738e-02
3.511192e-02 5.302732e-02
4.328761e-02 5.481559e-02
5.336699e-02 5.666417e-02
6.579332e-02 5.857509e-02
8.111308e-02 6.055046e-02
1.000000e-01 6.259244e-02
1.232847e-01 6.470328e-02
1.519911e-01 6.688531e-02
1.873817e-01 6.914092e-02
2.310130e-01 7.147260e-02
2.848036e-01 7.388288e-02
3.511192e-01 7.637433e-02
4.328761e-01 7.894948e-02
5.336699e-01 8.161064e-02
6.579332e-01 8.435959e-02
8.111308e-01 8.719713e-02
1.000000e+00 9.012235e-02
1.232847e+00 9.313170e-02
1.519911e+00 9.621769e-02
1.873817e+00 9.936740e-02
2.310130e+00 1.025607e-01
2.848036e+00 1.057684e-01
3.511192e+00 1.089502e-01
4.328761e+00 1.120526e-01
5.336699e+00 1.150080e-01
6.579332e+00 1.177333e-01
8.111308e+00 1.201305e-01
1.000000e+01 1.220881e-01
1.232847e+01 1.234850e-01
1.519911e+01 1.241957e-01
1.873817e+01 1.240983e-01
2.310130e+01 1.230841e-01
2.848036e+01 1.210676e-01
3.511192e+01 1.179977e-01
4.328761e+01 1.138661e-01
5.336699e+01 1.087133e-01
6.579332e+01 1.026302e-01
8.111308e+01 9.575493e-02
1.000000e+02 8.826450e-02
1.232847e+02 8.036253e-02
1.519911e+02 7.226455e-02
1.873817e+02 6.418262e-02
2.310130e+02 5.631134e-02
2.848036e+02 4.881686e-02
3.511192e+02 4.182968e-02
4.328761e+02 3.544169e-02
5.336699e+02 2.970694e-02
6.579332e+02 2.464540e-02
8.111308e+02 2.024851e-02
1.000000e+03 1.648560e-02
1.232847e+03 1.331030e-02
1.519911e+03 1.066630e-02
1.873817e+03 8.492269e-03
2.310130e+03 6.725710e-03
2.848036e+03 5.305954e-03
3.511192e+03 4.176258e-03
4.328761e+03 3.285200e-03
5.336699e+03 2.587460e-03
6.579332e+03 2.044088e-03
8.111308e+03 1.622362e-03
1.000000e+04 1.295350e-03
1.232847e+04 1.041281e-03
1.519911e+04 8.428139e-04
1.873817e+04 6.863171e-04
2.310130e+04 5.611944e-04
2.848036e+04 4.593220e-04
3.511192e+04 3.746075e-04
4.328761e+04 3.026721e-04
5.336699e+04 2.406190e-04
6.579332e+04 1.868228e-04
8.111308e+04 1.406518e-04
1.000000e+05 1.020660e-04
1.232847e+05 7.112640e-05
1.519911e+05 4.756606e-05
1.873817e+05 3.060071e-05
2.310130e+05 1.903066e-05
2.848036e+05 1.151247e-05
3.511192e+05 6.818145e-06
4.328761e+05 3.976091e-06
5.336699e+05 2.293942e-06
6.579332e+05 1.313975e-06
8.111308e+05 7.491513e-07
1.000000e+06 4.258694e-07
1.232847e+06 2.416560e-07
1.519911e+06 1.369761e-07
1.873817e+06 7.759102e-08
2.310130e+06 4.393554e-08
2.848036e+06 2.487302e-08
3.511192e+06 1.407962e-08
4.328761e+06 7.969425e-09
5.336699e+06 4.510764e-09
6.579332e+06 2.553099e-09
8.111308e+06 1.445051e-09
1.000000e+07 8.178969e-10
