1.000000e-02 1.667586e-02
1.232847e-02 1.749098e-02
1.519911e-02 1.834594e-02
1.873817e-02 1.924270e-02
2.310130e-02 2.018329e-02
2.848036e-02 2.116985e-02
3.511192e-02 2.220464e-02
4.328761e-02 2.329001e-02
5.336699e-02 2.442843e-02
6.579332e-02 2.562250e-02
8.111308e-02 2.687494e-02
1.000000e-01 2.818859e-02
1.232847e-01 2.956646e-02
1.519911e-01 3.101168e-02
1.873817e-01 3.252754e-02
2.310130e-01 3.411749e-02
2.848036e-01 3.578516e-02
3.511192e-01 3.753435e-02
4.328761e-01 3.936902e-02
5.336699e-01 4.129332e-02
6.579332e-01 4.331159e-02
8.111308e-01 4.542828e-02
1.000000e+00 4.764799e-02
1.232847e+00 4.997534e-02
1.519911e+00 5.241492e-02
1.873817e+00 5.497115e-02
2.310130e+00 5.764806e-02
2.848036e+00 6.044915e-02
3.511192e+00 6.337702e-02
4.328761e+00 6.643302e-02
5.336699e+00 6.961687e-02
6.579332e+00 7.292609e-02
8.111308e+00 7.635543e-02
1.000000e+01 7.989617e-02
1.232847e+01 8.353543e-02
1.519911e+01 8.725528e-02
1.873817e+01 9.103199e-02
2.310130e+01 9.483515e-02
2.848036e+01 9.862692e-02
3.511192e+01 1.023614e-01
4.328761e+01 1.059845e-01
5.336699e+01 1.094332e-01
6.579332e+01 1.126368e-01
8.111308e+01 1.155174e-01
1.000000e+02 1.179917e-01
1.232847e+02 1.199732e-01
1.519911e+02 1.213755e-01
1.873817e+02 1.221160e-01
2.310130e+02 1.221202e-01
2.848036e+02 1.213262e-01
3.511192e+02 1.196893e-01
4.328761e+02 1.171858e-01
5.336699e+02 1.138160e-01
6.579332e+02 1.096065e-01
8.111308e+02 1.046102e-01
1.000000e+03 9.890555e-02
1.232847e+03 9.259419e-02
1.519911e+03 8.579689e-02
1.873817e+03 7.864872e-02
2.310130e+03 7.129315e-02
2.848036e+03 6.387588e-02
3.511192e+03 5.653854e-02
4.328761e+03 4.941299e-02
5.336699e+03 4.261650e-02
6.579332e+03 3.624789e-02
8.111308e+03 3.038483e-02
1.000000e+04 2.508228e-02
1.232847e+04 2.037194e-02
1.519911e+04 1.626307e-02
1.873817e+04 1.274464e-02
2.310130e+04 9.788698e-03
2.848036e+04 7.354510e-03
3.511192e+04 5.392839e-03
4.328761e+04 3.849602e-03
5.336699e+04 2.668519e-03
6.579332e+04 1.792778e-03
8.111308e+04 1.166270e-03
1.000000e+05 7.351585e-04
1.232847e+05 4.501035e-04
1.519911e+05 2.686949e-04
1.873817e+05 1.571242e-04
2.310130e+05 9.043321e-05
2.848036e+05 5.144900e-05
3.511192e+05 2.903460e-05
4.328761e+05 1.629684e-05
5.336699e+05 9.115234e-06
6.579332e+05 5.087131e-06
8.111308e+05 2.835229e-06
1.000000e+06 1.578875e-06
1.232847e+06 8.788134e-07
1.519911e+06 4.890159e-07
1.873817e+06 2.720690e-07
2.310130e+06 1.513545e-07
2.848036e+06 8.419566e-08
3.511192e+06 4.683520e-08
4.328761e+06 2.605247e-08
5.336699e+06 1.449181e-08
6.579332e+06 8.061115e-09
8.111308e+06 4.484016e-09
1.000000e+07 2.494245e-09
