1.000000e-02 1.176162e-02
1.232847e-02 1.232450e-02
1.519911e-02 1.291432e-02
1.873817e-02 1.353237e-02
2.310130e-02 1.418000e-02
2.848036e-02 1.485862e-02
3.511192e-02 1.556972e-02
4.328761e-02 1.631485e-02
5.336699e-02 1.709564e-02
6.579332e-02 1.791380e-02
8.111308e-02 1.877111e-02
1.000000e-01 1.966945e-02
1.232847e-01 2.061078e-02
1.519911e-01 2.159716e-02
1.873817e-01 2.263075e-02
2.310130e-01 2.371381e-02
2.848036e-01 2.484869e-02
3.511192e-01 2.603789e-02
4.328761e-01 2.728399e-02
5.336699e-01 2.858971e-02
6.579332e-01 2.995786e-02
8.111308e-01 3.139139e-02
1.000000e+00 3.289333e-02
1.232847e+00 3.446677e-02
1.519911e+00 3.611486e-02
1.873817e+00 3.784075e-02
2.310130e+00 3.964755e-02
2.848036e+00 4.153824e-02
3.511192e+00 4.351562e-02
4.328761e+00 4.558222e-02
5.336699e+00 4.774021e-02
6.579332e+00 4.999125e-02
8.111308e+00 5.233645e-02
1.000000e+01 5.477618e-02
1.232847e+01 5.730997e-02
1.519911e+01 5.993640e-02
1.873817e+01 6.265294e-02
2.310130e+01 6.545582e-02
2.848036e+01 6.833992e-02
3.511192e+01 7.129861e-02
4.328761e+01 7.432363e-02
5.336699e+01 7.740494e-02
6.579332e+01 8.053060e-02
8.111308e+01 8.368659e-02
1.000000e+02 8.685664e-02
1.232847e+02 9.002203e-02
1.519911e+02 9.316141e-02
1.873817e+02 9.625053e-02
2.310130e+02 9.926203e-02
2.848036e+02 1.021652e-01
3.511192e+02 1.049256e-01
4.328761e+02 1.075054e-01
5.336699e+02 1.098624e-01
6.579332e+02 1.119510e-01
8.111308e+02 1.137217e-01
1.000000e+03 1.151217e-01
1.232847e+03 1.160952e-01
1.519911e+03 1.165846e-01
1.873817e+03 1.165309e-01
2.310130e+03 1.158751e-01
2.848036e+03 1.145598e-01
3.511192e+03 1.125307e-01
4.328761e+03 1.097387e-01
5.336699e+03 1.061431e-01
6.579332e+03 1.017154e-01
8.111308e+03 9.644521e-02
1.000000e+04 9.034793e-02
1.232847e+04 8.347363e-02
1.519911e+04 7.591650e-02
1.873817e+04 6.782174e-02
2.310130e+04 5.938691e-02
2.848036e+04 5.085427e-02
3.511192e+04 4.249287e-02
4.328761e+04 3.457177e-02
5.336699e+04 2.732980e-02
6.579332e+04 2.094868e-02
8.111308e+04 1.553590e-02
1.000000e+05 1.112076e-02
1.232847e+05 7.662683e-03
1.519911e+05 5.067681e-03
1.873817e+05 3.207793e-03
2.310130e+05 1.939578e-03
2.848036e+05 1.119925e-03
3.511192e+05 6.188838e-04
4.328761e+05 3.289094e-04
5.336699e+05 1.692629e-04
6.579332e+05 8.498886e-05
8.111308e+05 4.193381e-05
1.000000e+06 2.045056e-05
1.232847e+06 9.900605e-06
1.519911e+06 4.772133e-06
1.873817e+06 2.294410e-06
2.310130e+06 1.101610e-06
2.848036e+06 5.285241e-07
3.511192e+06 2.534772e-07
4.328761e+06 1.215440e-07
5.336699e+06 5.827639e-08
6.579332e+06 2.794069e-08
8.111308e+06 1.339606e-08
1.000000e+07 6.422678e-09
