1.000000e-02 8.732142e-02
1.232847e-02 8.736991e-02
1.519911e-02 8.741842e-02
1.873817e-02 8.746695e-02
2.310130e-02 8.751551e-02
2.848036e-02 8.756411e-02
3.511192e-02 8.761272e-02
4.328761e-02 8.766137e-02
5.336699e-02 8.771004e-02
6.579332e-02 8.775874e-02
8.111308e-02 8.780746e-02
1.000000e-01 8.785621e-02
1.232847e-01 8.790499e-02
1.519911e-01 8.795380e-02
1.873817e-01 8.800263e-02
2.310130e-01 8.805148e-02
2.848036e-01 8.810031e-02
3.511192e-01 8.814902e-02
4.328761e-01 8.819735e-02
5.336699e-01 8.824472e-02
6.579332e-01 8.829004e-02
8.111308e-01 8.833135e-02
1.000000e+00 8.836555e-02
1.232847e+00 8.838799e-02
1.519911e+00 8.839220e-02
1.873817e+00 8.836968e-02
2.310130e+00 8.830981e-02
2.848036e+00 8.819994e-02
3.511192e+00 8.802580e-02
4.328761e+00 8.777197e-02
5.336699e+00 8.742266e-02
6.579332e+00 8.696257e-02
8.111308e+00 8.637799e-02
1.000000e+01 8.565771e-02
1.232847e+01 8.479403e-02
1.519911e+01 8.378350e-02
1.873817e+01 8.262740e-02
2.310130e+01 8.133194e-02
2.848036e+01 7.990801e-02
3.511192e+01 7.837067e-02
4.328761e+01 7.673828e-02
5.336699e+01 7.503133e-02
6.579332e+01 7.327125e-02
8.111308e+01 7.147904e-02
1.000000e+02 6.967407e-02
1.232847e+02 6.787295e-02
1.519911e+02 6.608858e-02
1.873817e+02 6.432948e-02
2.310130e+02 6.259934e-02
2.848036e+02 6.089680e-02
3.511192e+02 5.921551e-02
4.328761e+02 5.754442e-02
5.336699e+02 5.586835e-02
6.579332e+02 5.416871e-02
8.111308e+02 5.242459e-02
1.000000e+03 5.061391e-02
1.232847e+03 4.871484e-02
1.519911e+03 4.670734e-02
1.873817e+03 4.457475e-02
2.310130e+03 4.230537e-02
2.848036e+03 3.989399e-02
3.511192e+03 3.734314e-02
4.328761e+03 3.466399e-02
5.336699e+03 3.187672e-02
6.579332e+03 2.901029e-02
8.111308e+03 2.610145e-02
1.000000e+04 2.319318e-02
1.232847e+04 2.033237e-02
1.519911e+04 1.756709e-02
1.873817e+04 1.494350e-02
2.310130e+04 1.250269e-02
2.848036e+04 1.027782e-02
3.511192e+04 8.292096e-03
4.328761e+04 6.557757e-03
5.336699e+04 5.076283e-03
6.579332e+04 3.839650e-03
8.111308e+04 2.832226e-03
1.000000e+05 2.032852e-03
1.232847e+05 1.416747e-03
1.519911e+05 9.570606e-04
1.873817e+05 6.261835e-04
2.310130e+05 3.970421e-04
2.848036e+05 2.445100e-04
3.511192e+05 1.467737e-04
4.328761e+05 8.626583e-05
5.336699e+05 4.987741e-05
6.579332e+05 2.849158e-05
8.111308e+05 1.613759e-05
1.000000e+06 9.088124e-06
1.232847e+06 5.099110e-06
1.519911e+06 2.854294e-06
1.873817e+06 1.595448e-06
2.310130e+06 8.910429e-07
2.848036e+06 4.973967e-07
3.511192e+06 2.775810e-07
4.328761e+06 1.548868e-07
5.336699e+06 8.641890e-08
6.579332e+06 4.821584e-08
8.111308e+06 2.690086e-08
1.000000e+07 1.500865e-08
