1.000000e-02 9.621270e-03
1.232847e-02 1.005662e-02
1.519911e-02 1.051166e-02
1.873817e-02 1.098730e-02
2.310130e-02 1.148445e-02
2.848036e-02 1.200411e-02
3.511192e-02 1.254727e-02
4.328761e-02 1.311501e-02
5.336699e-02 1.370845e-02
6.579332e-02 1.432873e-02
8.111308e-02 1.497708e-02
1.000000e-01 1.565477e-02
1.232847e-01 1.636312e-02
1.519911e-01 1.710352e-02
1.873817e-01 1.787743e-02
2.310130e-01 1.868635e-02
2.848036e-01 1.953188e-02
3.511192e-01 2.041567e-02
4.328761e-01 2.133945e-02
5.336699e-01 2.230504e-02
6.579332e-01 2.331436e-02
8.111308e-01 2.436943e-02
1.000000e+00 2.547238e-02
1.232847e+00 2.662552e-02
1.519911e+00 2.783135e-02
1.873817e+00 2.909261e-02
2.310130e+00 3.041237e-02
2.848036e+00 3.179411e-02
3.511192e+00 3.324184e-02
4.328761e+00 3.476019e-02
5.336699e+00 3.635466e-02
6.579332e+00 3.803171e-02
8.111308e+00 3.979905e-02
1.000000e+01 4.166582e-02
1.232847e+01 4.364287e-02
1.519911e+01 4.574300e-02
1.873817e+01 4.798126e-02
2.310130e+01 5.037517e-02
2.848036e+01 5.294492e-02
3.511192e+01 5.571354e-02
4.328761e+01 5.870695e-02
5.336699e+01 6.195377e-02
6.579332e+01 6.548495e-02
8.111308e+01 6.933306e-02
1.000000e+02 7.353094e-02
1.232847e+02 7.810984e-02
1.519911e+02 8.309648e-02
1.873817e+02 8.850911e-02
2.310130e+02 9.435215e-02
2.848036e+02 1.006094e-01
3.511192e+02 1.072361e-01
4.328761e+02 1.141497e-01
5.336699e+02 1.212215e-01
6.579332e+02 1.282702e-01
8.111308e+02 1.350602e-01
1.000000e+03 1.413086e-01
1.232847e+03 1.467029e-01
1.519911e+03 1.509316e-01
1.873817e+03 1.537261e-01
2.310130e+03 1.549058e-01
2.848036e+03 1.544170e-01
3.511192e+03 1.523489e-01
4.328761e+03 1.489172e-01
5.336699e+03 1.444045e-01
6.579332e+03 1.390588e-01
8.111308e+03 1.329535e-01
1.000000e+04 1.258202e-01
1.232847e+04 1.168943e-01
1.519911e+04 1.048988e-01
1.873817e+04 8.846727e-02
2.310130e+04 6.735636e-02
2.848036e+04 4.405645e-02
3.511192e+04 2.363879e-02
4.328761e+04 1.018949e-02
5.336699e+04 3.599984e-03
6.579332e+04 1.097936e-03
8.111308e+04 3.060422e-04
1.000000e+05 8.140017e-05
1.232847e+05 2.119143e-05
1.519911e+05 5.468484e-06
1.873817e+05 1.406467e-06
2.310130e+05 3.613137e-07
2.848036e+05 9.278355e-08
3.511192e+05 2.382342e-08
4.328761e+05 6.116757e-09
5.336699e+05 1.570484e-09
6.579332e+05 4.032220e-10
8.111308e+05 1.035273e-10
1.000000e+06 2.658062e-11
1.232847e+06 6.824571e-12
1.519911e+06 1.752208e-12
1.873817e+06 4.498793e-13
2.310130e+06 1.155065e-13
2.848036e+06 2.965627e-14
3.511192e+06 7.614246e-15
4.328761e+06 1.954957e-15
5.336699e+06 5.019350e-16
6.579332e+06 1.288718e-16
8.111308e+06 3.308782e-17
1.000000e+07 8.495294e-18
