1.000000e-02 1.672737e-02
1.232847e-02 1.740247e-02
1.519911e-02 1.810482e-02
1.873817e-02 1.883552e-02
2.310130e-02 1.959570e-02
2.848036e-02 2.038657e-02
3.511192e-02 2.120935e-02
4.328761e-02 2.206534e-02
5.336699e-02 2.295588e-02
6.579332e-02 2.388236e-02
8.111308e-02 2.484623e-02
1.000000e-01 2.584900e-02
1.232847e-01 2.689224e-02
1.519911e-01 2.797759e-02
1.873817e-01 2.910674e-02
2.310130e-01 3.028146e-02
2.848036e-01 3.150359e-02
3.511192e-01 3.277503e-02
4.328761e-01 3.409777e-02
5.336699e-01 3.547381e-02
6.579332e-01 3.690522e-02
8.111308e-01 3.839404e-02
1.000000e+00 3.994228e-02
1.232847e+00 4.155177e-02
1.519911e+00 4.322417e-02
1.873817e+00 4.496076e-02
2.310130e+00 4.676243e-02
2.848036e+00 4.862949e-02
3.511192e+00 5.056162e-02
4.328761e+00 5.255783e-02
5.336699e+00 5.461641e-02
6.579332e+00 5.673511e-02
8.111308e+00 5.891125e-02
1.000000e+01 6.114214e-02
1.232847e+01 6.342555e-02
1.519911e+01 6.576041e-02
1.873817e+01 6.814773e-02
2.310130e+01 7.059170e-02
2.848036e+01 7.310097e-02
3.511192e+01 7.569013e-02
4.328761e+01 7.838131e-02
5.336699e+01 8.120584e-02
6.579332e+01 8.420599e-02
8.111308e+01 8.743654e-02
1.000000e+02 9.096630e-02
1.232847e+02 9.487912e-02
1.519911e+02 9.927433e-02
1.873817e+02 1.042657e-01
2.310130e+02 1.099784e-01
2.848036e+02 1.165407e-01
3.511192e+02 1.240697e-01
4.328761e+02 1.326435e-01
5.336699e+02 1.422539e-01
6.579332e+02 1.527312e-01
8.111308e+02 1.636321e-01
1.000000e+03 1.740943e-01
1.232847e+03 1.826881e-01
1.519911e+03 1.873575e-01
1.873817e+03 1.856186e-01
2.310130e+03 1.752176e-01
2.848036e+03 1.552711e-01
3.511192e+03 1.274041e-01
4.328761e+03 9.587887e-02
5.336699e+03 6.605343e-02
6.579332e+03 4.199210e-02
8.111308e+03 2.507084e-02
1.000000e+04 1.440192e-02
1.232847e+04 8.173479e-03
1.519911e+04 4.695526e-03
1.873817e+04 2.782792e-03
2.310130e+04 1.721555e-03
2.848036e+04 1.116299e-03
3.511192e+04 7.562141e-04
4.328761e+04 5.300968e-04
5.336699e+04 3.790591e-04
6.579332e+04 2.718679e-04
8.111308e+04 1.922673e-04
1.000000e+05 1.321309e-04
1.232847e+05 8.735923e-05
1.519911e+05 5.533099e-05
1.873817e+05 3.361401e-05
2.310130e+05 1.969009e-05
2.848036e+05 1.120220e-05
3.511192e+05 6.236298e-06
4.328761e+05 3.419356e-06
5.336699e+05 1.855932e-06
6.579332e+05 1.000849e-06
8.111308e+05 5.375754e-07
1.000000e+06 2.880504e-07
1.232847e+06 1.541300e-07
1.519911e+06 8.240541e-08
1.873817e+06 4.403797e-08
2.310130e+06 2.352827e-08
2.848036e+06 1.256881e-08
3.511192e+06 6.713787e-09
4.328761e+06 3.586126e-09
5.336699e+06 1.915474e-09
6.579332e+06 1.023113e-09
8.111308e+06 5.464751e-10
1.000000e+07 2.918884e-10
