1.000000e-02 2.432413e-02
1.232847e-02 2.522511e-02
1.519911e-02 2.615946e-02
1.873817e-02 2.712841e-02
2.310130e-02 2.813326e-02
2.848036e-02 2.917532e-02
3.511192e-02 3.025599e-02
4.328761e-02 3.137668e-02
5.336699e-02 3.253889e-02
6.579332e-02 3.374414e-02
8.111308e-02 3.499404e-02
1.000000e-01 3.629023e-02
1.232847e-01 3.763443e-02
1.519911e-01 3.902843e-02
1.873817e-01 4.047405e-02
2.310130e-01 4.197323e-02
2.848036e-01 4.352793e-02
3.511192e-01 4.514024e-02
4.328761e-01 4.681228e-02
5.336699e-01 4.854632e-02
6.579332e-01 5.034474e-02
8.111308e-01 5.221011e-02
1.000000e+00 5.414525e-02
1.232847e+00 5.615335e-02
1.519911e+00 5.823814e-02
1.873817e+00 6.040408e-02
2.310130e+00 6.265666e-02
2.848036e+00 6.500273e-02
3.511192e+00 6.745089e-02
4.328761e+00 7.001198e-02
5.336699e+00 7.269956e-02
6.579332e+00 7.553041e-02
8.111308e+00 7.852498e-02
1.000000e+01 8.170772e-02
1.232847e+01 8.510727e-02
1.519911e+01 8.875611e-02
1.873817e+01 9.268987e-02
2.310130e+01 9.694563e-02
2.848036e+01 1.015590e-01
3.511192e+01 1.065596e-01
4.328761e+01 1.119639e-01
5.336699e+01 1.177646e-01
6.579332e+01 1.239167e-01
8.111308e+01 1.303181e-01
1.000000e+02 1.367856e-01
1.232847e+02 1.430294e-01
1.519911e+02 1.486289e-01
1.873817e+02 1.530215e-01
2.310130e+02 1.555183e-01
2.848036e+02 1.553652e-01
3.511192e+02 1.518636e-01
4.328761e+02 1.445449e-01
5.336699e+02 1.333631e-01
6.579332e+02 1.188296e-01
8.111308e+02 1.020083e-01
1.000000e+03 8.432593e-02
1.232847e+03 6.724900e-02
1.519911e+03 5.195419e-02
1.873817e+03 3.912743e-02
2.310130e+03 2.894797e-02
2.848036e+03 2.121492e-02
3.511192e+03 1.552422e-02
4.328761e+03 1.141948e-02
5.336699e+03 8.484569e-03
6.579332e+03 6.382574e-03
8.111308e+03 4.860148e-03
1.000000e+04 3.735901e-03
1.232847e+04 2.884528e-03
1.519911e+04 2.222267e-03
1.873817e+04 1.695272e-03
2.310130e+04 1.270583e-03
2.848036e+04 9.288884e-04
3.511192e+04 6.585697e-04
4.328761e+04 4.510942e-04
5.336699e+04 2.980867e-04
6.579332e+04 1.902269e-04
8.111308e+04 1.176059e-04
1.000000e+05 7.076781e-05
1.232847e+05 4.166800e-05
1.519911e+05 2.413212e-05
1.873817e+05 1.381019e-05
2.310130e+05 7.838090e-06
2.848036e+05 4.424078e-06
3.511192e+05 2.488195e-06
4.328761e+05 1.396268e-06
5.336699e+05 7.824406e-07
6.579332e+05 4.380963e-07
8.111308e+05 2.451720e-07
1.000000e+06 1.371654e-07
1.232847e+06 7.672631e-08
1.519911e+06 4.291425e-08
1.873817e+06 2.400129e-08
2.310130e+06 1.342314e-08
2.848036e+06 7.506999e-09
3.511192e+06 4.198311e-09
4.328761e+06 2.347907e-09
5.336699e+06 1.313065e-09
6.579332e+06 7.343294e-10
8.111308e+06 4.106725e-10
1.000000e+07 2.296679e-10
