1.000000e-02 1.460690e-02
1.232847e-02 1.538259e-02
1.519911e-02 1.619948e-02
1.873817e-02 1.705974e-02
2.310130e-02 1.796570e-02
2.848036e-02 1.891976e-02
3.511192e-02 1.992449e-02
4.328761e-02 2.098257e-02
5.336699e-02 2.209684e-02
6.579332e-02 2.327028e-02
8.111308e-02 2.450604e-02
1.000000e-01 2.580743e-02
1.232847e-01 2.717792e-02
1.519911e-01 2.862120e-02
1.873817e-01 3.014112e-02
2.310130e-01 3.174175e-02
2.848036e-01 3.342738e-02
3.511192e-01 3.520253e-02
4.328761e-01 3.707196e-02
5.336699e-01 3.904067e-02
6.579332e-01 4.111395e-02
8.111308e-01 4.329736e-02
1.000000e+00 4.559680e-02
1.232847e+00 4.801844e-02
1.519911e+00 5.056880e-02
1.873817e+00 5.325470e-02
2.310130e+00 5.608321e-02
2.848036e+00 5.906161e-02
3.511192e+00 6.219723e-02
4.328761e+00 6.549723e-02
5.336699e+00 6.896830e-02
6.579332e+00 7.261619e-02
8.111308e+00 7.644508e-02
1.000000e+01 8.045677e-02
1.232847e+01 8.464954e-02
1.519911e+01 8.901683e-02
1.873817e+01 9.354551e-02
2.310130e+01 9.821389e-02
2.848036e+01 1.029894e-01
3.511192e+01 1.078262e-01
4.328761e+01 1.126623e-01
5.336699e+01 1.174174e-01
6.579332e+01 1.219906e-01
8.111308e+01 1.262597e-01
1.000000e+02 1.300812e-01
1.232847e+02 1.332931e-01
1.519911e+02 1.357199e-01
1.873817e+02 1.371811e-01
2.310130e+02 1.375018e-01
2.848036e+02 1.365270e-01
3.511192e+02 1.341362e-01
4.328761e+02 1.302589e-01
5.336699e+02 1.248873e-01
6.579332e+02 1.180853e-01
8.111308e+02 1.099920e-01
1.000000e+03 1.008192e-01
1.232847e+03 9.084162e-02
1.519911e+03 8.038097e-02
1.873817e+03 6.978483e-02
2.310130e+03 5.940150e-02
2.848036e+03 4.955289e-02
3.511192e+03 4.050832e-02
4.328761e+03 3.246296e-02
5.336699e+03 2.552519e-02
6.579332e+03 1.971582e-02
8.111308e+03 1.497964e-02
1.000000e+04 1.120615e-02
1.232847e+04 8.254470e-03
1.519911e+04 5.976885e-03
1.873817e+04 4.237043e-03
2.310130e+04 2.920983e-03
2.848036e+04 1.940564e-03
3.511192e+04 1.229968e-03
4.328761e+04 7.373966e-04
5.336699e+04 4.163779e-04
6.579332e+04 2.218361e-04
8.111308e+04 1.123544e-04
1.000000e+05 5.468532e-05
1.232847e+05 2.586923e-05
1.519911e+05 1.200961e-05
1.873817e+05 5.511081e-06
2.310130e+05 2.511935e-06
2.848036e+05 1.140634e-06
3.511192e+05 5.169038e-07
4.328761e+05 2.340018e-07
5.336699e+05 1.058764e-07
6.579332e+05 4.789225e-08
8.111308e+05 2.166087e-08
1.000000e+06 9.796256e-09
1.232847e+06 4.430285e-09
1.519911e+06 2.003537e-09
1.873817e+06 9.060667e-10
2.310130e+06 4.097527e-10
2.848036e+06 1.853032e-10
3.511192e+06 8.379991e-11
4.328761e+06 3.789695e-11
5.336699e+06 1.713818e-11
6.579332e+06 7.750423e-12
8.111308e+06 3.504984e-12
1.000000e+07 1.585063e-12
