1.000000e-02 6.763226e-03
1.232847e-02 7.131667e-03
1.519911e-02 7.520180e-03
1.873817e-02 7.929857e-03
2.310130e-02 8.361853e-03
2.848036e-02 8.817382e-03
3.511192e-02 9.297728e-03
4.328761e-02 9.804241e-03
5.336699e-02 1.033835e-02
6.579332e-02 1.090155e-02
8.111308e-02 1.149544e-02
1.000000e-01 1.212167e-02
1.232847e-01 1.278203e-02
1.519911e-01 1.347835e-02
1.873817e-01 1.421262e-02
2.310130e-01 1.498688e-02
2.848036e-01 1.580332e-02
3.511192e-01 1.666424e-02
4.328761e-01 1.757206e-02
5.336699e-01 1.852934e-02
6.579332e-01 1.953877e-02
8.111308e-01 2.060320e-02
1.000000e+00 2.172563e-02
1.232847e+00 2.290925e-02
1.519911e+00 2.415741e-02
1.873817e+00 2.547368e-02
2.310130e+00 2.686182e-02
2.848036e+00 2.832588e-02
3.511192e+00 2.987012e-02
4.328761e+00 3.149913e-02
5.336699e+00 3.321781e-02
6.579332e+00 3.503142e-02
8.111308e+00 3.694559e-02
1.000000e+01 3.896639e-02
1.232847e+01 4.110033e-02
1.519911e+01 4.335440e-02
1.873817e+01 4.573604e-02
2.310130e+01 4.825319e-02
2.848036e+01 5.091419e-02
3.511192e+01 5.372774e-02
4.328761e+01 5.670273e-02
5.336699e+01 5.984812e-02
6.579332e+01 6.317259e-02
8.111308e+01 6.668421e-02
1.000000e+02 7.038990e-02
1.232847e+02 7.429483e-02
1.519911e+02 7.840156e-02
1.873817e+02 8.270908e-02
2.310130e+02 8.721156e-02
2.848036e+02 9.189700e-02
3.511192e+02 9.674562e-02
4.328761e+02 1.017281e-01
5.336699e+02 1.068037e-01
6.579332e+02 1.119186e-01
8.111308e+02 1.170038e-01
1.000000e+03 1.219743e-01
1.232847e+03 1.267275e-01
1.519911e+03 1.311432e-01
1.873817e+03 1.350838e-01
2.310130e+03 1.383964e-01
2.848036e+03 1.409150e-01
3.511192e+03 1.424650e-01
4.328761e+03 1.428694e-01
5.336699e+03 1.419571e-01
6.579332e+03 1.395739e-01
8.111308e+03 1.355966e-01
1.000000e+04 1.299495e-01
1.232847e+04 1.226231e-01
1.519911e+04 1.136934e-01
1.873817e+04 1.033374e-01
2.310130e+04 9.184303e-02
2.848036e+04 7.960510e-02
3.511192e+04 6.710459e-02
4.328761e+04 5.486660e-02
5.336699e+04 4.340107e-02
6.579332e+04 3.313721e-02
8.111308e+04 2.436882e-02
1.000000e+05 1.722614e-02
1.232847e+05 1.168116e-02
1.519911e+05 7.581299e-03
1.873817e+05 4.697567e-03
2.310130e+05 2.772106e-03
2.848036e+05 1.555361e-03
3.511192e+05 8.298828e-04
4.328761e+05 4.223379e-04
5.336699e+05 2.062298e-04
6.579332e+05 9.740952e-05
8.111308e+05 4.489224e-05
1.000000e+06 2.034454e-05
1.232847e+06 9.121990e-06
1.519911e+06 4.064119e-06
1.873817e+06 1.804190e-06
2.310130e+06 7.993901e-07
2.848036e+06 3.538371e-07
3.511192e+06 1.565437e-07
4.328761e+06 6.924183e-08
5.336699e+06 3.062375e-08
6.579332e+06 1.354351e-08
8.111308e+06 5.989619e-09
1.000000e+07 2.648904e-09
