1.000000e-02 1.014216e-02
1.232847e-02 1.068729e-02
1.519911e-02 1.126171e-02
1.873817e-02 1.186702e-02
2.310130e-02 1.250486e-02
2.848036e-02 1.317698e-02
3.511192e-02 1.388523e-02
4.328761e-02 1.463154e-02
5.336699e-02 1.541797e-02
6.579332e-02 1.624667e-02
8.111308e-02 1.711991e-02
1.000000e-01 1.804008e-02
1.232847e-01 1.900972e-02
1.519911e-01 2.003147e-02
1.873817e-01 2.110814e-02
2.310130e-01 2.224268e-02
2.848036e-01 2.343819e-02
3.511192e-01 2.469797e-02
4.328761e-01 2.602547e-02
5.336699e-01 2.742434e-02
6.579332e-01 2.889843e-02
8.111308e-01 3.045185e-02
1.000000e+00 3.208894e-02
1.232847e+00 3.381435e-02
1.519911e+00 3.563307e-02
1.873817e+00 3.755049e-02
2.310130e+00 3.957246e-02
2.848036e+00 4.170538e-02
3.511192e+00 4.395624e-02
4.328761e+00 4.633273e-02
5.336699e+00 4.884333e-02
6.579332e+00 5.149730e-02
8.111308e+00 5.430477e-02
1.000000e+01 5.727668e-02
1.232847e+01 6.042471e-02
1.519911e+01 6.376108e-02
1.873817e+01 6.729823e-02
2.310130e+01 7.104829e-02
2.848036e+01 7.502243e-02
3.511192e+01 7.922977e-02
4.328761e+01 8.367604e-02
5.336699e+01 8.836180e-02
6.579332e+01 9.328019e-02
8.111308e+01 9.841409e-02
1.000000e+02 1.037329e-01
1.232847e+02 1.091887e-01
1.519911e+02 1.147124e-01
1.873817e+02 1.202095e-01
2.310130e+02 1.255569e-01
2.848036e+02 1.306006e-01
3.511192e+02 1.351555e-01
4.328761e+02 1.390089e-01
5.336699e+02 1.419277e-01
6.579332e+02 1.436704e-01
8.111308e+02 1.440050e-01
1.000000e+03 1.427306e-01
1.232847e+03 1.397021e-01
1.519911e+03 1.348543e-01
1.873817e+03 1.282222e-01
2.310130e+03 1.199526e-01
2.848036e+03 1.103038e-01
3.511192e+03 9.962986e-02
4.328761e+03 8.835159e-02
5.336699e+03 7.691648e-02
6.579332e+03 6.575440e-02
8.111308e+03 5.523689e-02
1.000000e+04 4.564698e-02
1.232847e+04 3.716409e-02
1.519911e+04 2.986476e-02
1.873817e+04 2.373662e-02
2.310130e+04 1.870048e-02
2.848036e+04 1.463497e-02
3.511192e+04 1.139917e-02
4.328761e+04 8.850430e-03
5.336699e+04 6.856312e-03
6.579332e+04 5.301228e-03
8.111308e+04 4.088871e-03
1.000000e+05 3.141871e-03
1.232847e+05 2.399857e-03
1.519911e+05 1.816818e-03
1.873817e+05 1.358315e-03
2.310130e+05 9.988145e-04
2.848036e+05 7.193061e-04
3.511192e+05 5.052513e-04
4.328761e+05 3.449445e-04
5.336699e+05 2.283503e-04
6.579332e+05 1.464559e-04
8.111308e+05 9.109844e-05
1.000000e+06 5.511071e-05
1.232847e+06 3.256042e-05
1.519911e+06 1.887835e-05
1.873817e+06 1.079257e-05
2.310130e+06 6.109257e-06
2.848036e+06 3.435642e-06
3.511192e+06 1.924238e-06
4.328761e+06 1.075190e-06
5.336699e+06 6.000252e-07
6.579332e+06 3.346599e-07
8.111308e+06 1.866155e-07
1.000000e+07 1.040578e-07
