1.000000e-02 7.993977e-03
1.232847e-02 8.402123e-03
1.519911e-02 8.831108e-03
1.873817e-02 9.281996e-03
2.310130e-02 9.755905e-03
2.848036e-02 1.025401e-02
3.511192e-02 1.077755e-02
4.328761e-02 1.132781e-02
5.336699e-02 1.190617e-02
6.579332e-02 1.251406e-02
8.111308e-02 1.315299e-02
1.000000e-01 1.382454e-02
1.232847e-01 1.453038e-02
1.519911e-01 1.527225e-02
1.873817e-01 1.605200e-02
2.310130e-01 1.687156e-02
2.848036e-01 1.773297e-02
3.511192e-01 1.863836e-02
4.328761e-01 1.958997e-02
5.336699e-01 2.059017e-02
6.579332e-01 2.164143e-02
8.111308e-01 2.274636e-02
1.000000e+00 2.390770e-02
1.232847e+00 2.512830e-02
1.519911e+00 2.641121e-02
1.873817e+00 2.775957e-02
2.310130e+00 2.917673e-02
2.848036e+00 3.066618e-02
3.511192e+00 3.223162e-02
4.328761e+00 3.387696e-02
5.336699e+00 3.560631e-02
6.579332e+00 3.742406e-02
8.111308e+00 3.933489e-02
1.000000e+01 4.134379e-02
1.232847e+01 4.345613e-02
1.519911e+01 4.567769e-02
1.873817e+01 4.801470e-02
2.310130e+01 5.047394e-02
2.848036e+01 5.306272e-02
3.511192e+01 5.578896e-02
4.328761e+01 5.866125e-02
5.336699e+01 6.168878e-02
6.579332e+01 6.488142e-02
8.111308e+01 6.824963e-02
1.000000e+02 7.180434e-02
1.232847e+02 7.555684e-02
1.519911e+02 7.951848e-02
1.873817e+02 8.370031e-02
2.310130e+02 8.811257e-02
2.848036e+02 9.276394e-02
3.511192e+02 9.766056e-02
4.328761e+02 1.028046e-01
5.336699e+02 1.081924e-01
6.579332e+02 1.138121e-01
8.111308e+02 1.196398e-01
1.000000e+03 1.256351e-01
1.232847e+03 1.317348e-01
1.519911e+03 1.378442e-01
1.873817e+03 1.438259e-01
2.310130e+03 1.494856e-01
2.848036e+03 1.545546e-01
3.511192e+03 1.586718e-01
4.328761e+03 1.613687e-01
5.336699e+03 1.620670e-01
6.579332e+03 1.601033e-01
8.111308e+03 1.547994e-01
1.000000e+04 1.455963e-01
1.232847e+04 1.322522e-01
1.519911e+04 1.150653e-01
1.873817e+04 9.503472e-02
2.310130e+04 7.383102e-02
2.848036e+04 5.349066e-02
3.511192e+04 3.588461e-02
4.328761e+04 2.218779e-02
5.336699e+04 1.262832e-02
6.579332e+04 6.634387e-03
8.111308e+04 3.239807e-03
1.000000e+05 1.486519e-03
1.232847e+05 6.493077e-04
1.519911e+05 2.736501e-04
1.873817e+05 1.126015e-04
2.310130e+05 4.565165e-05
2.848036e+05 1.835083e-05
3.511192e+05 7.342443e-06
4.328761e+05 2.930820e-06
5.336699e+05 1.168498e-06
6.579332e+05 4.656129e-07
8.111308e+05 1.854860e-07
1.000000e+06 7.388355e-08
1.232847e+06 2.942812e-08
1.519911e+06 1.172109e-08
1.873817e+06 4.668416e-09
2.310130e+06 1.859385e-09
2.848036e+06 7.405741e-10
3.511192e+06 2.949629e-10
4.328761e+06 1.174806e-10
5.336699e+06 4.679128e-11
6.579332e+06 1.863647e-11
8.111308e+06 7.422708e-12
1.000000e+07 2.956386e-12
