1.000000e-02 9.703826e-03
1.232847e-02 1.018612e-02
1.519911e-02 1.069239e-02
1.873817e-02 1.122381e-02
2.310130e-02 1.178165e-02
2.848036e-02 1.236722e-02
3.511192e-02 1.298189e-02
4.328761e-02 1.362710e-02
5.336699e-02 1.430439e-02
6.579332e-02 1.501534e-02
8.111308e-02 1.576162e-02
1.000000e-01 1.654500e-02
1.232847e-01 1.736731e-02
1.519911e-01 1.823049e-02
1.873817e-01 1.913657e-02
2.310130e-01 2.008769e-02
2.848036e-01 2.108607e-02
3.511192e-01 2.213408e-02
4.328761e-01 2.323418e-02
5.336699e-01 2.438897e-02
6.579332e-01 2.560117e-02
8.111308e-01 2.687366e-02
1.000000e+00 2.820948e-02
1.232847e+00 2.961186e-02
1.519911e+00 3.108423e-02
1.873817e+00 3.263028e-02
2.310130e+00 3.425399e-02
2.848036e+00 3.595966e-02
3.511192e+00 3.775203e-02
4.328761e+00 3.963632e-02
5.336699e+00 4.161831e-02
6.579332e+00 4.370447e-02
8.111308e+00 4.590204e-02
1.000000e+01 4.821917e-02
1.232847e+01 5.066500e-02
1.519911e+01 5.324981e-02
1.873817e+01 5.598506e-02
2.310130e+01 5.888350e-02
2.848036e+01 6.195915e-02
3.511192e+01 6.522723e-02
4.328761e+01 6.870402e-02
5.336699e+01 7.240651e-02
6.579332e+01 7.635190e-02
8.111308e+01 8.055681e-02
1.000000e+02 8.503612e-02
1.232847e+02 8.980138e-02
1.519911e+02 9.485866e-02
1.873817e+02 1.002056e-01
2.310130e+02 1.058280e-01
2.848036e+02 1.116948e-01
3.511192e+02 1.177528e-01
4.328761e+02 1.239202e-01
5.336699e+02 1.300797e-01
6.579332e+02 1.360714e-01
8.111308e+02 1.416864e-01
1.000000e+03 1.466644e-01
1.232847e+03 1.506938e-01
1.519911e+03 1.534213e-01
1.873817e+03 1.544701e-01
2.310130e+03 1.534711e-01
2.848036e+03 1.501073e-01
3.511192e+03 1.441684e-01
4.328761e+03 1.356099e-01
5.336699e+03 1.246037e-01
6.579332e+03 1.115638e-01
8.111308e+03 9.713017e-02
1.000000e+04 8.210298e-02
1.232847e+04 6.733236e-02
1.519911e+04 5.358920e-02
1.873817e+04 4.145249e-02
2.310130e+04 3.124570e-02
2.848036e+04 2.303593e-02
3.511192e+04 1.668599e-02
4.328761e+04 1.193311e-02
5.336699e+04 8.466219e-03
6.579332e+04 5.983653e-03
8.111308e+04 4.225732e-03
1.000000e+05 2.986377e-03
1.232847e+05 2.111291e-03
1.519911e+05 1.489765e-03
1.873817e+05 1.044835e-03
2.310130e+05 7.242098e-04
2.848036e+05 4.928236e-04
3.511192e+05 3.270660e-04
4.328761e+05 2.105029e-04
5.336699e+05 1.309323e-04
6.579332e+05 7.865605e-05
8.111308e+05 4.574233e-05
1.000000e+06 2.586976e-05
1.232847e+06 1.431003e-05
1.519911e+06 7.786909e-06
1.873817e+06 4.189350e-06
2.310130e+06 2.237148e-06
2.848036e+06 1.189167e-06
3.511192e+06 6.304096e-07
4.328761e+06 3.337052e-07
5.336699e+06 1.765149e-07
6.579332e+06 9.333787e-08
8.111308e+06 4.934979e-08
1.000000e+07 2.609178e-08
