1.000000e-02 8.643948e-03
1.232847e-02 9.049556e-03
1.519911e-02 9.474196e-03
1.873817e-02 9.918763e-03
2.310130e-02 1.038419e-02
2.848036e-02 1.087146e-02
3.511192e-02 1.138159e-02
4.328761e-02 1.191566e-02
5.336699e-02 1.247479e-02
6.579332e-02 1.306015e-02
8.111308e-02 1.367299e-02
1.000000e-01 1.431458e-02
1.232847e-01 1.498627e-02
1.519911e-01 1.568949e-02
1.873817e-01 1.642570e-02
2.310130e-01 1.719646e-02
2.848036e-01 1.800339e-02
3.511192e-01 1.884818e-02
4.328761e-01 1.973261e-02
5.336699e-01 2.065856e-02
6.579332e-01 2.162797e-02
8.111308e-01 2.264292e-02
1.000000e+00 2.370559e-02
1.232847e+00 2.481830e-02
1.519911e+00 2.598355e-02
1.873817e+00 2.720403e-02
2.310130e+00 2.848271e-02
2.848036e+00 2.982285e-02
3.511192e+00 3.122812e-02
4.328761e+00 3.270271e-02
5.336699e+00 3.425138e-02
6.579332e+00 3.587968e-02
8.111308e+00 3.759404e-02
1.000000e+01 3.940199e-02
1.232847e+01 4.131234e-02
1.519911e+01 4.333538e-02
1.873817e+01 4.548311e-02
2.310130e+01 4.776943e-02
2.848036e+01 5.021036e-02
3.511192e+01 5.282418e-02
4.328761e+01 5.563151e-02
5.336699e+01 5.865533e-02
6.579332e+01 6.192080e-02
8.111308e+01 6.545487e-02
1.000000e+02 6.928563e-02
1.232847e+02 7.344117e-02
1.519911e+02 7.794794e-02
1.873817e+02 8.282838e-02
2.310130e+02 8.809770e-02
2.848036e+02 9.375965e-02
3.511192e+02 9.980120e-02
4.328761e+02 1.061862e-01
5.336699e+02 1.128487e-01
6.579332e+02 1.196857e-01
8.111308e+02 1.265518e-01
1.000000e+03 1.332569e-01
1.232847e+03 1.395684e-01
1.519911e+03 1.452210e-01
1.873817e+03 1.499351e-01
2.310130e+03 1.534424e-01
2.848036e+03 1.555167e-01
3.511192e+03 1.560026e-01
4.328761e+03 1.548336e-01
5.336699e+03 1.520296e-01
6.579332e+03 1.476680e-01
8.111308e+03 1.418264e-01
1.000000e+04 1.345056e-01
1.232847e+04 1.255539e-01
1.519911e+04 1.146318e-01
1.873817e+04 1.012857e-01
2.310130e+04 8.521302e-02
2.848036e+04 6.674454e-02
3.511192e+04 4.733311e-02
4.328761e+04 2.949456e-02
5.336699e+04 1.574337e-02
6.579332e+04 7.113085e-03
8.111308e+04 2.744811e-03
1.000000e+05 9.313278e-04
1.232847e+05 2.888550e-04
1.519911e+05 8.486575e-05
1.873817e+05 2.422861e-05
2.310130e+05 6.823726e-06
2.848036e+05 1.910585e-06
3.511192e+05 5.336951e-07
4.328761e+05 1.489495e-07
5.336699e+05 4.155751e-08
6.579332e+05 1.159349e-08
8.111308e+05 3.234176e-09
1.000000e+06 9.022116e-10
1.232847e+06 2.516817e-10
1.519911e+06 7.020927e-11
1.873817e+06 1.958561e-11
2.310130e+06 5.463611e-12
2.848036e+06 1.524131e-12
3.511192e+06 4.251723e-13
4.328761e+06 1.186062e-13
5.336699e+06 3.308645e-14
6.579332e+06 9.229810e-15
8.111308e+06 2.574752e-15
1.000000e+07 7.182539e-16
