1.000000e-02 7.290159e-03
1.232847e-02 7.691945e-03
1.519911e-02 8.115874e-03
1.873817e-02 8.563168e-03
2.310130e-02 9.035114e-03
2.848036e-02 9.533071e-03
3.511192e-02 1.005847e-02
4.328761e-02 1.061283e-02
5.336699e-02 1.119774e-02
6.579332e-02 1.181488e-02
8.111308e-02 1.246604e-02
1.000000e-01 1.315309e-02
1.232847e-01 1.387800e-02
1.519911e-01 1.464287e-02
1.873817e-01 1.544989e-02
2.310130e-01 1.630138e-02
2.848036e-01 1.719981e-02
3.511192e-01 1.814775e-02
4.328761e-01 1.914793e-02
5.336699e-01 2.020323e-02
6.579332e-01 2.131668e-02
8.111308e-01 2.249146e-02
1.000000e+00 2.373093e-02
1.232847e+00 2.503859e-02
1.519911e+00 2.641812e-02
1.873817e+00 2.787332e-02
2.310130e+00 2.940816e-02
2.848036e+00 3.102670e-02
3.511192e+00 3.273310e-02
4.328761e+00 3.453157e-02
5.336699e+00 3.642631e-02
6.579332e+00 3.842149e-02
8.111308e+00 4.052113e-02
1.000000e+01 4.272906e-02
1.232847e+01 4.504877e-02
1.519911e+01 4.748334e-02
1.873817e+01 5.003527e-02
2.310130e+01 5.270632e-02
2.848036e+01 5.549738e-02
3.511192e+01 5.840821e-02
4.328761e+01 6.143732e-02
5.336699e+01 6.458170e-02
6.579332e+01 6.783663e-02
8.111308e+01 7.119549e-02
1.000000e+02 7.464957e-02
1.232847e+02 7.818793e-02
1.519911e+02 8.179729e-02
1.873817e+02 8.546200e-02
2.310130e+02 8.916406e-02
2.848036e+02 9.288327e-02
3.511192e+02 9.659738e-02
4.328761e+02 1.002824e-01
5.336699e+02 1.039127e-01
6.579332e+02 1.074618e-01
8.111308e+02 1.109018e-01
1.000000e+03 1.142041e-01
1.232847e+03 1.173384e-01
1.519911e+03 1.202722e-01
1.873817e+03 1.229688e-01
2.310130e+03 1.253846e-01
2.848036e+03 1.274650e-01
3.511192e+03 1.291392e-01
4.328761e+03 1.303133e-01
5.336699e+03 1.308629e-01
6.579332e+03 1.306262e-01
8.111308e+03 1.293998e-01
1.000000e+04 1.269391e-01
1.232847e+04 1.229713e-01
1.519911e+04 1.172234e-01
1.873817e+04 1.094741e-01
2.310130e+04 9.962766e-02
2.848036e+04 8.780237e-02
3.511192e+04 7.440487e-02
4.328761e+04 6.015259e-02
5.336699e+04 4.600548e-02
6.579332e+04 3.299763e-02
8.111308e+04 2.200689e-02
1.000000e+05 1.354425e-02
1.232847e+05 7.653193e-03
1.519911e+05 3.967260e-03
1.873817e+05 1.896741e-03
2.310130e+05 8.460583e-04
2.848036e+05 3.576198e-04
3.511192e+05 1.455637e-04
4.328761e+05 5.783970e-05
5.336699e+05 2.266012e-05
6.579332e+05 8.809434e-06
8.111308e+05 3.411249e-06
1.000000e+06 1.318376e-06
1.232847e+06 5.090640e-07
1.519911e+06 1.964846e-07
1.873817e+06 7.582402e-08
2.310130e+06 2.925850e-08
2.848036e+06 1.128973e-08
3.511192e+06 4.356214e-09
4.328761e+06 1.680865e-09
5.336699e+06 6.485679e-10
6.579332e+06 2.502522e-10
8.111308e+06 9.656067e-11
1.000000e+07 3.725826e-11
