1.000000e-02 7.342585e-03
1.232847e-02 7.747770e-03
1.519911e-02 8.175315e-03
1.873817e-02 8.626453e-03
2.310130e-02 9.102486e-03
2.848036e-02 9.604788e-03
3.511192e-02 1.013481e-02
4.328761e-02 1.069408e-02
5.336699e-02 1.128421e-02
6.579332e-02 1.190690e-02
8.111308e-02 1.256396e-02
1.000000e-01 1.325728e-02
1.232847e-01 1.398885e-02
1.519911e-01 1.476080e-02
1.873817e-01 1.557534e-02
2.310130e-01 1.643484e-02
2.848036e-01 1.734176e-02
3.511192e-01 1.829873e-02
4.328761e-01 1.930851e-02
5.336699e-01 2.037403e-02
6.579332e-01 2.149837e-02
8.111308e-01 2.268482e-02
1.000000e+00 2.393685e-02
1.232847e+00 2.525819e-02
1.519911e+00 2.665283e-02
1.873817e+00 2.812508e-02
2.310130e+00 2.967962e-02
2.848036e+00 3.132155e-02
3.511192e+00 3.305648e-02
4.328761e+00 3.489061e-02
5.336699e+00 3.683080e-02
6.579332e+00 3.888466e-02
8.111308e+00 4.106064e-02
1.000000e+01 4.336805e-02
1.232847e+01 4.581714e-02
1.519911e+01 4.841904e-02
1.873817e+01 5.118571e-02
2.310130e+01 5.412975e-02
2.848036e+01 5.726408e-02
3.511192e+01 6.060150e-02
4.328761e+01 6.415400e-02
5.336699e+01 6.793184e-02
6.579332e+01 7.194231e-02
8.111308e+01 7.618816e-02
1.000000e+02 8.066563e-02
1.232847e+02 8.536221e-02
1.519911e+02 9.025399e-02
1.873817e+02 9.530292e-02
2.310130e+02 1.004542e-01
2.848036e+02 1.056341e-01
3.511192e+02 1.107488e-01
4.328761e+02 1.156853e-01
5.336699e+02 1.203138e-01
6.579332e+02 1.244943e-01
8.111308e+02 1.280852e-01
1.000000e+03 1.309555e-01
1.232847e+03 1.329986e-01
1.519911e+03 1.341460e-01
1.873817e+03 1.343787e-01
2.310130e+03 1.337322e-01
2.848036e+03 1.322946e-01
3.511192e+03 1.301949e-01
4.328761e+03 1.275807e-01
5.336699e+03 1.245877e-01
6.579332e+03 1.213003e-01
8.111308e+03 1.177044e-01
1.000000e+04 1.136349e-01
1.232847e+04 1.087239e-01
1.519911e+04 1.023726e-01
1.873817e+04 9.380123e-02
2.310130e+04 8.226705e-02
2.848036e+04 6.753055e-02
3.511192e+04 5.046570e-02
4.328761e+04 3.331764e-02
5.336699e+04 1.893503e-02
6.579332e+04 9.146640e-03
8.111308e+04 3.786121e-03
1.000000e+05 1.381267e-03
1.232847e+05 4.611461e-04
1.519911e+05 1.458501e-04
1.873817e+05 4.480287e-05
2.310130e+05 1.356892e-05
2.848036e+05 4.083550e-06
3.511192e+05 1.225715e-06
4.328761e+05 3.675317e-07
5.336699e+05 1.101624e-07
6.579332e+05 3.301510e-08
8.111308e+05 9.893982e-09
1.000000e+06 2.964986e-09
1.232847e+06 8.885294e-10
1.519911e+06 2.662688e-10
1.873817e+06 7.979367e-11
2.310130e+06 2.391204e-11
2.848036e+06 7.165800e-12
3.511192e+06 2.147399e-12
4.328761e+06 6.435182e-13
5.336699e+06 1.928452e-13
6.579332e+06 5.779058e-14
8.111308e+06 1.731829e-14
1.000000e+07 5.189831e-15
