1.000000e-02 2.106877e-02
1.232847e-02 2.211845e-02
1.519911e-02 2.322044e-02
1.873817e-02 2.437732e-02
2.310130e-02 2.559184e-02
2.848036e-02 2.686688e-02
3.511192e-02 2.820543e-02
4.328761e-02 2.961068e-02
5.336699e-02 3.108594e-02
6.579332e-02 3.263470e-02
8.111308e-02 3.426062e-02
1.000000e-01 3.596755e-02
1.232847e-01 3.775952e-02
1.519911e-01 3.964077e-02
1.873817e-01 4.161574e-02
2.310130e-01 4.368912e-02
2.848036e-01 4.586579e-02
3.511192e-01 4.815091e-02
4.328761e-01 5.054989e-02
5.336699e-01 5.306840e-02
6.579332e-01 5.571241e-02
8.111308e-01 5.848817e-02
1.000000e+00 6.140223e-02
1.232847e+00 6.446139e-02
1.519911e+00 6.767264e-02
1.873817e+00 7.104302e-02
2.310130e+00 7.457935e-02
2.848036e+00 7.828784e-02
3.511192e+00 8.217348e-02
4.328761e+00 8.623912e-02
5.336699e+00 9.048423e-02
6.579332e+00 9.490317e-02
8.111308e+00 9.948290e-02
1.000000e+01 1.042001e-01
1.232847e+01 1.090179e-01
1.519911e+01 1.138810e-01
1.873817e+01 1.187122e-01
2.310130e+01 1.234066e-01
2.848036e+01 1.278283e-01
3.511192e+01 1.318075e-01
4.328761e+01 1.351409e-01
5.336699e+01 1.375961e-01
6.579332e+01 1.389230e-01
8.111308e+01 1.388715e-01
1.000000e+02 1.372173e-01
1.232847e+02 1.337926e-01
1.519911e+02 1.285197e-01
1.873817e+02 1.214384e-01
2.310130e+02 1.127229e-01
2.848036e+02 1.026792e-01
3.511192e+02 9.172075e-02
4.328761e+02 8.032477e-02
5.336699e+02 6.897717e-02
6.579332e+02 5.811747e-02
8.111308e+02 4.809543e-02
1.000000e+03 3.914683e-02
1.232847e+03 3.139007e-02
1.519911e+03 2.484016e-02
1.873817e+03 1.943318e-02
2.310130e+03 1.505405e-02
2.848036e+03 1.156205e-02
3.511192e+03 8.811008e-03
4.328761e+03 6.663019e-03
5.336699e+03 4.996368e-03
6.579332e+03 3.708883e-03
8.111308e+03 2.718107e-03
1.000000e+04 1.959498e-03
1.232847e+04 1.383544e-03
1.519911e+04 9.524001e-04
1.873817e+04 6.365349e-04
2.310130e+04 4.118529e-04
2.848036e+04 2.577385e-04
3.511192e+04 1.562218e-04
4.328761e+04 9.203314e-05
5.336699e+04 5.295279e-05
6.579332e+04 2.991315e-05
8.111308e+04 1.667229e-05
1.000000e+05 9.205837e-06
1.232847e+05 5.051522e-06
1.519911e+05 2.760838e-06
1.873817e+05 1.505134e-06
2.310130e+05 8.193135e-07
2.848036e+05 4.455874e-07
3.511192e+05 2.422067e-07
4.328761e+05 1.316155e-07
5.336699e+05 7.150760e-08
6.579332e+05 3.884675e-08
8.111308e+05 2.110247e-08
1.000000e+06 1.146301e-08
1.232847e+06 6.226680e-09
1.519911e+06 3.382287e-09
1.873817e+06 1.837224e-09
2.310130e+06 9.979590e-10
2.848036e+06 5.420790e-10
3.511192e+06 2.944504e-10
4.328761e+06 1.599416e-10
5.336699e+06 8.687821e-11
6.579332e+06 4.719110e-11
8.111308e+06 2.563359e-11
1.000000e+07 1.392383e-11
