1.000000e-02 1.870799e-02
1.232847e-02 1.953284e-02
1.519911e-02 2.039406e-02
1.873817e-02 2.129325e-02
2.310130e-02 2.223209e-02
2.848036e-02 2.321232e-02
3.511192e-02 2.423577e-02
4.328761e-02 2.530435e-02
5.336699e-02 2.642004e-02
6.579332e-02 2.758492e-02
8.111308e-02 2.880117e-02
1.000000e-01 3.007104e-02
1.232847e-01 3.139689e-02
1.519911e-01 3.278121e-02
1.873817e-01 3.422656e-02
2.310130e-01 3.573564e-02
2.848036e-01 3.731125e-02
3.511192e-01 3.895632e-02
4.328761e-01 4.067387e-02
5.336699e-01 4.246703e-02
6.579332e-01 4.433897e-02
8.111308e-01 4.629286e-02
1.000000e+00 4.833174e-02
1.232847e+00 5.045842e-02
1.519911e+00 5.267527e-02
1.873817e+00 5.498404e-02
2.310130e+00 5.738559e-02
2.848036e+00 5.987965e-02
3.511192e+00 6.246455e-02
4.328761e+00 6.513696e-02
5.336699e+00 6.789173e-02
6.579332e+00 7.072176e-02
8.111308e+00 7.361798e-02
1.000000e+01 7.656949e-02
1.232847e+01 7.956382e-02
1.519911e+01 8.258731e-02
1.873817e+01 8.562560e-02
2.310130e+01 8.866422e-02
2.848036e+01 9.168899e-02
3.511192e+01 9.468635e-02
4.328761e+01 9.764323e-02
5.336699e+01 1.005464e-01
6.579332e+01 1.033808e-01
8.111308e+01 1.061272e-01
1.000000e+02 1.087584e-01
1.232847e+02 1.112344e-01
1.519911e+02 1.134962e-01
1.873817e+02 1.154596e-01
2.310130e+02 1.170091e-01
2.848036e+02 1.179937e-01
3.511192e+02 1.182284e-01
4.328761e+02 1.175030e-01
5.336699e+02 1.156021e-01
6.579332e+02 1.123376e-01
8.111308e+02 1.075924e-01
1.000000e+03 1.013654e-01
1.232847e+03 9.380662e-02
1.519911e+03 8.522579e-02
1.873817e+03 7.606391e-02
2.310130e+03 6.683055e-02
2.848036e+03 5.802319e-02
3.511192e+03 5.005412e-02
4.328761e+03 4.320683e-02
5.336699e+03 3.763063e-02
6.579332e+03 3.336733e-02
8.111308e+03 3.039505e-02
1.000000e+04 2.867304e-02
1.232847e+04 2.817412e-02
1.519911e+04 2.888961e-02
1.873817e+04 3.077801e-02
2.310130e+04 3.359942e-02
2.848036e+04 3.656352e-02
3.511192e+04 3.787864e-02
4.328761e+04 3.493041e-02
5.336699e+04 2.642723e-02
6.579332e+04 1.529623e-02
8.111308e+04 6.651418e-03
1.000000e+05 2.280903e-03
1.232847e+05 6.692182e-04
1.519911e+05 1.804626e-04
1.873817e+05 4.679184e-05
2.310130e+05 1.193744e-05
2.848036e+05 3.026916e-06
3.511192e+05 7.658829e-07
4.328761e+05 1.936507e-07
5.336699e+05 4.895312e-08
6.579332e+05 1.237408e-08
8.111308e+05 3.127785e-09
1.000000e+06 7.906031e-10
1.232847e+06 1.998387e-10
1.519911e+06 5.051267e-11
1.873817e+06 1.276795e-11
2.310130e+06 3.227319e-12
2.848036e+06 8.157605e-13
3.511192e+06 2.061975e-13
4.328761e+06 5.211998e-14
5.336699e+06 1.317422e-14
6.579332e+06 3.330011e-15
8.111308e+06 8.417177e-16
1.000000e+07 2.127587e-16
