1.000000e-02 1.605227e-03
1.232847e-02 1.744549e-03
1.519911e-02 1.895964e-03
1.873817e-02 2.060520e-03
2.310130e-02 2.239359e-03
2.848036e-02 2.433720e-03
3.511192e-02 2.644950e-03
4.328761e-02 2.874513e-03
5.336699e-02 3.124001e-03
6.579332e-02 3.395142e-03
8.111308e-02 3.689817e-03
1.000000e-01 4.010067e-03
1.232847e-01 4.358113e-03
1.519911e-01 4.736367e-03
1.873817e-01 5.147450e-03
2.310130e-01 5.594213e-03
2.848036e-01 6.079752e-03
3.511192e-01 6.607433e-03
4.328761e-01 7.180916e-03
5.336699e-01 7.804181e-03
6.579332e-01 8.481561e-03
8.111308e-01 9.217778e-03
1.000000e+00 1.001799e-02
1.232847e+00 1.088783e-02
1.519911e+00 1.183351e-02
1.873817e+00 1.286186e-02
2.310130e+00 1.398045e-02
2.848036e+00 1.519769e-02
3.511192e+00 1.652299e-02
4.328761e+00 1.796688e-02
5.336699e+00 1.954123e-02
6.579332e+00 2.125936e-02
8.111308e+00 2.313621e-02
1.000000e+01 2.518851e-02
1.232847e+01 2.743474e-02
1.519911e+01 2.989509e-02
1.873817e+01 3.259114e-02
2.310130e+01 3.554522e-02
2.848036e+01 3.877935e-02
3.511192e+01 4.231351e-02
4.328761e+01 4.616315e-02
5.336699e+01 5.033563e-02
6.579332e+01 5.482551e-02
8.111308e+01 5.960859e-02
1.000000e+02 6.463498e-02
1.232847e+02 6.982167e-02
1.519911e+02 7.504586e-02
1.873817e+02 8.014099e-02
2.310130e+02 8.489775e-02
2.848036e+02 8.907320e-02
3.511192e+02 9.240989e-02
4.328761e+02 9.466568e-02
5.336699e+02 9.565114e-02
6.579332e+02 9.526837e-02
8.111308e+02 9.354168e-02
1.000000e+03 9.063095e-02
1.232847e+03 8.682225e-02
1.519911e+03 8.249761e-02
1.873817e+03 7.809313e-02
2.310130e+03 7.405956e-02
2.848036e+03 7.083961e-02
3.511192e+03 6.887293e-02
4.328761e+03 6.863628e-02
5.336699e+03 7.072680e-02
6.579332e+03 7.600259e-02
8.111308e+03 8.580612e-02
1.000000e+04 1.023015e-01
1.232847e+04 1.289022e-01
1.519911e+04 1.704540e-01
1.873817e+04 2.316757e-01
2.310130e+04 3.094261e-01
2.848036e+04 3.729607e-01
3.511192e+04 3.520021e-01
4.328761e+04 2.160193e-01
5.336699e+04 7.593447e-02
6.579332e+04 1.640475e-02
8.111308e+04 2.662952e-03
1.000000e+05 3.823075e-04
1.232847e+05 5.263089e-05
1.519911e+05 7.158842e-06
1.873817e+05 9.708234e-07
2.310130e+05 1.315669e-07
2.848036e+05 1.782764e-08
3.511192e+05 2.415628e-09
4.328761e+05 3.273136e-10
5.336699e+05 4.435043e-11
6.579332e+05 6.009405e-12
8.111308e+05 8.142639e-13
1.000000e+06 1.103313e-13
1.232847e+06 1.494970e-14
1.519911e+06 2.025659e-15
1.873817e+06 2.744732e-16
2.310130e+06 3.719064e-17
2.848036e+06 5.039266e-18
3.511192e+06 6.828117e-19
4.328761e+06 9.251979e-20
5.336699e+06 1.253627e-20
6.579332e+06 1.698643e-21
8.111308e+06 2.301631e-22
1.000000e+07 3.118670e-23
