1.000000e-02 5.936427e-02
1.232847e-02 6.048232e-02
1.519911e-02 6.162143e-02
1.873817e-02 6.278200e-02
2.310130e-02 6.396442e-02
2.848036e-02 6.516911e-02
3.511192e-02 6.639649e-02
4.328761e-02 6.764699e-02
5.336699e-02 6.892104e-02
6.579332e-02 7.021908e-02
8.111308e-02 7.154157e-02
1.000000e-01 7.288897e-02
1.232847e-01 7.426175e-02
1.519911e-01 7.566038e-02
1.873817e-01 7.708535e-02
2.310130e-01 7.853714e-02
2.848036e-01 8.001622e-02
3.511192e-01 8.152297e-02
4.328761e-01 8.305756e-02
5.336699e-01 8.461969e-02
6.579332e-01 8.620822e-02
8.111308e-01 8.782057e-02
1.000000e+00 8.945192e-02
1.232847e+00 9.109432e-02
1.519911e+00 9.273556e-02
1.873817e+00 9.435806e-02
2.310130e+00 9.593788e-02
2.848036e+00 9.744382e-02
3.511192e+00 9.883706e-02
4.328761e+00 1.000712e-01
5.336699e+00 1.010932e-01
6.579332e+00 1.018449e-01
8.111308e+00 1.022660e-01
1.000000e+01 1.022974e-01
1.232847e+01 1.018854e-01
1.519911e+01 1.009865e-01
1.873817e+01 9.957200e-02
2.310130e+01 9.763168e-02
2.848036e+01 9.517652e-02
3.511192e+01 9.223957e-02
4.328761e+01 8.887484e-02
5.336699e+01 8.515422e-02
6.579332e+01 8.116285e-02
8.111308e+01 7.699337e-02
1.000000e+02 7.273992e-02
1.232847e+02 6.849246e-02
1.519911e+02 6.433215e-02
1.873817e+02 6.032795e-02
2.310130e+02 5.653474e-02
2.848036e+02 5.299282e-02
3.511192e+02 4.972844e-02
4.328761e+02 4.675518e-02
5.336699e+02 4.407576e-02
6.579332e+02 4.168394e-02
8.111308e+02 3.956640e-02
1.000000e+03 3.770433e-02
1.232847e+03 3.607469e-02
1.519911e+03 3.465124e-02
1.873817e+03 3.340508e-02
2.310130e+03 3.230514e-02
2.848036e+03 3.131838e-02
3.511192e+03 3.041006e-02
4.328761e+03 2.954400e-02
5.336699e+03 2.868323e-02
6.579332e+03 2.779083e-02
8.111308e+03 2.683142e-02
1.000000e+04 2.577293e-02
1.232847e+04 2.458895e-02
1.519911e+04 2.326114e-02
1.873817e+04 2.178161e-02
2.310130e+04 2.015469e-02
2.848036e+04 1.839784e-02
3.511192e+04 1.654122e-02
4.328761e+04 1.462585e-02
5.336699e+04 1.270033e-02
6.579332e+04 1.081648e-02
8.111308e+04 9.024384e-03
1.000000e+05 7.367603e-03
1.232847e+05 5.879470e-03
1.519911e+05 4.580929e-03
1.873817e+05 3.480230e-03
2.310130e+05 2.574218e-03
2.848036e+05 1.850642e-03
3.511192e+05 1.290827e-03
4.328761e+05 8.721968e-04
5.336699e+05 5.704198e-04
6.579332e+05 3.612065e-04
8.111308e+05 2.218732e-04
1.000000e+06 1.326486e-04
1.232847e+06 7.753208e-05
1.519911e+06 4.452066e-05
1.873817e+06 2.523298e-05
2.310130e+06 1.417222e-05
2.848036e+06 7.912798e-06
3.511192e+06 4.401856e-06
4.328761e+06 2.443602e-06
5.336699e+06 1.355024e-06
6.579332e+06 7.510076e-07
8.111308e+06 4.161625e-07
1.000000e+07 2.306039e-07
