1.000000e-02 2.929399e-03
1.232847e-02 3.134946e-03
1.519911e-02 3.354916e-03
1.873817e-02 3.590320e-03
2.310130e-02 3.842242e-03
2.848036e-02 4.111841e-03
3.511192e-02 4.400357e-03
4.328761e-02 4.709117e-03
5.336699e-02 5.039542e-03
6.579332e-02 5.393152e-03
8.111308e-02 5.771573e-03
1.000000e-01 6.176547e-03
1.232847e-01 6.609938e-03
1.519911e-01 7.073737e-03
1.873817e-01 7.570081e-03
2.310130e-01 8.101251e-03
2.848036e-01 8.669692e-03
3.511192e-01 9.278018e-03
4.328761e-01 9.929029e-03
5.336699e-01 1.062572e-02
6.579332e-01 1.137129e-02
8.111308e-01 1.216918e-02
1.000000e+00 1.302305e-02
1.232847e+00 1.393683e-02
1.519911e+00 1.491470e-02
1.873817e+00 1.596114e-02
2.310130e+00 1.708093e-02
2.848036e+00 1.827916e-02
3.511192e+00 1.956119e-02
4.328761e+00 2.093274e-02
5.336699e+00 2.239977e-02
6.579332e+00 2.396852e-02
8.111308e+00 2.564539e-02
1.000000e+01 2.743688e-02
1.232847e+01 2.934946e-02
1.519911e+01 3.138933e-02
1.873817e+01 3.356221e-02
2.310130e+01 3.587298e-02
2.848036e+01 3.832522e-02
3.511192e+01 4.092073e-02
4.328761e+01 4.365883e-02
5.336699e+01 4.653566e-02
6.579332e+01 4.954339e-02
8.111308e+01 5.266932e-02
1.000000e+02 5.589514e-02
1.232847e+02 5.919628e-02
1.519911e+02 6.254159e-02
1.873817e+02 6.589350e-02
2.310130e+02 6.920879e-02
2.848036e+02 7.244036e-02
3.511192e+02 7.553991e-02
4.328761e+02 7.846174e-02
5.336699e+02 8.116756e-02
6.579332e+02 8.363208e-02
8.111308e+02 8.584903e-02
1.000000e+03 8.783704e-02
1.232847e+03 8.964504e-02
1.519911e+03 9.135670e-02
1.873817e+03 9.309396e-02
2.310130e+03 9.502001e-02
2.848036e+03 9.734248e-02
3.511192e+03 1.003178e-01
4.328761e+03 1.042575e-01
5.336699e+03 1.095374e-01
6.579332e+03 1.166050e-01
8.111308e+03 1.259795e-01
1.000000e+04 1.382229e-01
1.232847e+04 1.538365e-01
1.519911e+04 1.729983e-01
1.873817e+04 1.949998e-01
2.310130e+04 2.172416e-01
2.848036e+04 2.339280e-01
3.511192e+04 2.355856e-01
4.328761e+04 2.121754e-01
5.336699e+04 1.618950e-01
6.579332e+04 9.922545e-02
8.111308e+04 4.724955e-02
1.000000e+05 1.759631e-02
1.232847e+05 5.378683e-03
1.519911e+05 1.442881e-03
1.873817e+05 3.600654e-04
2.310130e+05 8.680969e-05
2.848036e+05 2.062820e-05
3.511192e+05 4.874917e-06
4.328761e+05 1.149851e-06
5.336699e+05 2.710480e-07
6.579332e+05 6.388046e-08
8.111308e+05 1.505448e-08
1.000000e+06 3.547782e-09
1.232847e+06 8.360766e-10
1.519911e+06 1.970311e-10
1.873817e+06 4.643264e-11
2.310130e+06 1.094238e-11
2.848036e+06 2.578698e-12
3.511192e+06 6.076997e-13
4.328761e+06 1.432114e-13
5.336699e+06 3.374941e-14
6.579332e+06 7.953434e-15
8.111308e+06 1.874318e-15
1.000000e+07 4.417045e-16
