1.000000e-02 1.526500e-02
1.232847e-02 1.609353e-02
1.519911e-02 1.696702e-02
1.873817e-02 1.788793e-02
2.310130e-02 1.885882e-02
2.848036e-02 1.988241e-02
3.511192e-02 2.096155e-02
4.328761e-02 2.209927e-02
5.336699e-02 2.329874e-02
6.579332e-02 2.456331e-02
8.111308e-02 2.589651e-02
1.000000e-01 2.730208e-02
1.232847e-01 2.878394e-02
1.519911e-01 3.034622e-02
1.873817e-01 3.199330e-02
2.310130e-01 3.372978e-02
2.848036e-01 3.556051e-02
3.511192e-01 3.749060e-02
4.328761e-01 3.952544e-02
5.336699e-01 4.167070e-02
6.579332e-01 4.393233e-02
8.111308e-01 4.631658e-02
1.000000e+00 4.882992e-02
1.232847e+00 5.147907e-02
1.519911e+00 5.427083e-02
1.873817e+00 5.721201e-02
2.310130e+00 6.030918e-02
2.848036e+00 6.356840e-02
3.511192e+00 6.699478e-02
4.328761e+00 7.059197e-02
5.336699e+00 7.436140e-02
6.579332e+00 7.830137e-02
8.111308e+00 8.240594e-02
1.000000e+01 8.666355e-02
1.232847e+01 9.105538e-02
1.519911e+01 9.555363e-02
1.873817e+01 1.001195e-01
2.310130e+01 1.047011e-01
2.848036e+01 1.092319e-01
3.511192e+01 1.136291e-01
4.328761e+01 1.177928e-01
5.336699e+01 1.216065e-01
6.579332e+01 1.249391e-01
8.111308e+01 1.276485e-01
1.000000e+02 1.295874e-01
1.232847e+02 1.306122e-01
1.519911e+02 1.305924e-01
1.873817e+02 1.294229e-01
2.310130e+02 1.270353e-01
2.848036e+02 1.234086e-01
3.511192e+02 1.185770e-01
4.328761e+02 1.126333e-01
5.336699e+02 1.057270e-01
6.579332e+02 9.805653e-02
8.111308e+02 8.985637e-02
1.000000e+03 8.138013e-02
1.232847e+03 7.288144e-02
1.519911e+03 6.459522e-02
1.873817e+03 5.672167e-02
2.310130e+03 4.941491e-02
2.848036e+03 4.277738e-02
3.511192e+03 3.685990e-02
4.328761e+03 3.166670e-02
5.336699e+03 2.716359e-02
6.579332e+03 2.328761e-02
8.111308e+03 1.995658e-02
1.000000e+04 1.707783e-02
1.232847e+04 1.455568e-02
1.519911e+04 1.229887e-02
1.873817e+04 1.022898e-02
2.310130e+04 8.291191e-03
2.848036e+04 6.466488e-03
3.511192e+04 4.780023e-03
4.328761e+04 3.295799e-03
5.336699e+04 2.089650e-03
6.579332e+04 1.207516e-03
8.111308e+04 6.357635e-04
1.000000e+05 3.078516e-04
1.232847e+05 1.393705e-04
1.519911e+05 6.010859e-05
1.873817e+05 2.511512e-05
2.310130e+05 1.029600e-05
2.848036e+05 4.176216e-06
3.511192e+05 1.684479e-06
4.328761e+05 6.775313e-07
5.336699e+05 2.721490e-07
6.579332e+05 1.092474e-07
8.111308e+05 4.384215e-08
1.000000e+06 1.759211e-08
1.232847e+06 7.058625e-09
1.519911e+06 2.832124e-09
1.873817e+06 1.136318e-09
2.310130e+06 4.559172e-10
2.848036e+06 1.829242e-10
3.511192e+06 7.339326e-11
4.328761e+06 2.944699e-11
5.336699e+06 1.181478e-11
6.579332e+06 4.740351e-12
8.111308e+06 1.901933e-12
1.000000e+07 7.630975e-13
