1.000000e-02 7.781736e-03
1.232847e-02 8.211922e-03
1.519911e-02 8.665890e-03
1.873817e-02 9.144954e-03
2.310130e-02 9.650501e-03
2.848036e-02 1.018400e-02
3.511192e-02 1.074698e-02
4.328761e-02 1.134109e-02
5.336699e-02 1.196805e-02
6.579332e-02 1.262966e-02
8.111308e-02 1.332785e-02
1.000000e-01 1.406463e-02
1.232847e-01 1.484214e-02
1.519911e-01 1.566264e-02
1.873817e-01 1.652850e-02
2.310130e-01 1.744222e-02
2.848036e-01 1.840645e-02
3.511192e-01 1.942399e-02
4.328761e-01 2.049778e-02
5.336699e-01 2.163093e-02
6.579332e-01 2.282674e-02
8.111308e-01 2.408869e-02
1.000000e+00 2.542044e-02
1.232847e+00 2.682591e-02
1.519911e+00 2.830923e-02
1.873817e+00 2.987483e-02
2.310130e+00 3.152740e-02
2.848036e+00 3.327197e-02
3.511192e+00 3.511393e-02
4.328761e+00 3.705905e-02
5.336699e+00 3.911353e-02
6.579332e+00 4.128401e-02
8.111308e+00 4.357759e-02
1.000000e+01 4.600181e-02
1.232847e+01 4.856466e-02
1.519911e+01 5.127448e-02
1.873817e+01 5.413986e-02
2.310130e+01 5.716945e-02
2.848036e+01 6.037172e-02
3.511192e+01 6.375456e-02
4.328761e+01 6.732480e-02
5.336699e+01 7.108756e-02
6.579332e+01 7.504541e-02
8.111308e+01 7.919731e-02
1.000000e+02 8.353740e-02
1.232847e+02 8.805347e-02
1.519911e+02 9.272532e-02
1.873817e+02 9.752284e-02
2.310130e+02 1.024041e-01
2.848036e+02 1.073135e-01
3.511192e+02 1.121801e-01
4.328761e+02 1.169163e-01
5.336699e+02 1.214176e-01
6.579332e+02 1.255636e-01
8.111308e+02 1.292196e-01
1.000000e+03 1.322411e-01
1.232847e+03 1.344791e-01
1.519911e+03 1.357883e-01
1.873817e+03 1.360355e-01
2.310130e+03 1.351104e-01
2.848036e+03 1.329347e-01
3.511192e+03 1.294715e-01
4.328761e+03 1.247313e-01
5.336699e+03 1.187761e-01
6.579332e+03 1.117192e-01
8.111308e+03 1.037215e-01
1.000000e+04 9.498500e-02
1.232847e+04 8.574256e-02
1.519911e+04 7.624584e-02
1.873817e+04 6.675095e-02
2.310130e+04 5.750319e-02
2.848036e+04 4.872205e-02
3.511192e+04 4.058824e-02
4.328761e+04 3.323429e-02
5.336699e+04 2.674034e-02
6.579332e+04 2.113535e-02
8.111308e+04 1.640317e-02
1.000000e+05 1.249206e-02
1.232847e+05 9.325821e-03
1.519911e+05 6.814708e-03
1.873817e+05 4.864688e-03
2.310130e+05 3.384216e-03
2.848036e+05 2.288300e-03
3.511192e+05 1.500293e-03
4.328761e+05 9.522857e-04
5.336699e+05 5.851136e-04
6.579332e+05 3.486139e-04
8.111308e+05 2.021113e-04
1.000000e+06 1.145534e-04
1.232847e+06 6.379747e-05
1.519911e+06 3.507906e-05
1.873817e+06 1.911954e-05
2.310130e+06 1.036151e-05
2.848036e+06 5.595432e-06
3.511192e+06 3.015407e-06
4.328761e+06 1.623174e-06
5.336699e+06 8.732424e-07
6.579332e+06 4.696714e-07
8.111308e+06 2.525893e-07
1.000000e+07 1.358403e-07
