1.000000e-02 1.087728e-02
1.232847e-02 1.139392e-02
1.519911e-02 1.193509e-02
1.873817e-02 1.250197e-02
2.310130e-02 1.309577e-02
2.848036e-02 1.371778e-02
3.511192e-02 1.436933e-02
4.328761e-02 1.505183e-02
5.336699e-02 1.576674e-02
6.579332e-02 1.651561e-02
8.111308e-02 1.730005e-02
1.000000e-01 1.812175e-02
1.232847e-01 1.898247e-02
1.519911e-01 1.988408e-02
1.873817e-01 2.082851e-02
2.310130e-01 2.181779e-02
2.848036e-01 2.285407e-02
3.511192e-01 2.393956e-02
4.328761e-01 2.507662e-02
5.336699e-01 2.626769e-02
6.579332e-01 2.751535e-02
8.111308e-01 2.882232e-02
1.000000e+00 3.019145e-02
1.232847e+00 3.162579e-02
1.519911e+00 3.312855e-02
1.873817e+00 3.470322e-02
2.310130e+00 3.635354e-02
2.848036e+00 3.808361e-02
3.511192e+00 3.989795e-02
4.328761e+00 4.180157e-02
5.336699e+00 4.380010e-02
6.579332e+00 4.589989e-02
8.111308e+00 4.810815e-02
1.000000e+01 5.043309e-02
1.232847e+01 5.288407e-02
1.519911e+01 5.547174e-02
1.873817e+01 5.820818e-02
2.310130e+01 6.110699e-02
2.848036e+01 6.418337e-02
3.511192e+01 6.745409e-02
4.328761e+01 7.093734e-02
5.336699e+01 7.465248e-02
6.579332e+01 7.861949e-02
8.111308e+01 8.285818e-02
1.000000e+02 8.738704e-02
1.232847e+02 9.222151e-02
1.519911e+02 9.737171e-02
1.873817e+02 1.028394e-01
2.310130e+02 1.086140e-01
2.848036e+02 1.146677e-01
3.511192e+02 1.209493e-01
4.328761e+02 1.273777e-01
5.336699e+02 1.338335e-01
6.579332e+02 1.401519e-01
8.111308e+02 1.461152e-01
1.000000e+03 1.514483e-01
1.232847e+03 1.558181e-01
1.519911e+03 1.588392e-01
1.873817e+03 1.600882e-01
2.310130e+03 1.591285e-01
2.848036e+03 1.555474e-01
3.511192e+03 1.490075e-01
4.328761e+03 1.393122e-01
5.336699e+03 1.264835e-01
6.579332e+03 1.108423e-01
8.111308e+03 9.307078e-02
1.000000e+04 7.422338e-02
1.232847e+04 5.564409e-02
1.519911e+04 3.876212e-02
1.873817e+04 2.478391e-02
2.310130e+04 1.437707e-02
2.848036e+04 7.502526e-03
3.511192e+04 3.514096e-03
4.328761e+04 1.487562e-03
5.336699e+04 5.783359e-04
6.579332e+04 2.110053e-04
8.111308e+04 7.381039e-05
1.000000e+05 2.518159e-05
1.232847e+05 8.476147e-06
1.519911e+05 2.834089e-06
1.873817e+05 9.446875e-07
2.310130e+05 3.144696e-07
2.848036e+05 1.046229e-07
3.511192e+05 3.479990e-08
4.328761e+05 1.157423e-08
5.336699e+05 3.849391e-09
6.579332e+05 1.280227e-09
8.111308e+05 4.257749e-10
1.000000e+06 1.416030e-10
1.232847e+06 4.709390e-11
1.519911e+06 1.566234e-11
1.873817e+06 5.208934e-12
2.310130e+06 1.732371e-12
2.848036e+06 5.761465e-13
3.511192e+06 1.916130e-13
4.328761e+06 6.372606e-14
5.336699e+06 2.119381e-14
6.579332e+06 7.048573e-15
8.111308e+06 2.344192e-15
1.000000e+07 7.796242e-16
