1.000000e-02 1.375127e-02
1.232847e-02 1.448948e-02
1.519911e-02 1.526731e-02
1.873817e-02 1.608690e-02
2.310130e-02 1.695049e-02
2.848036e-02 1.786044e-02
3.511192e-02 1.881923e-02
4.328761e-02 1.982950e-02
5.336699e-02 2.089400e-02
6.579332e-02 2.201565e-02
8.111308e-02 2.319751e-02
1.000000e-01 2.444281e-02
1.232847e-01 2.575497e-02
1.519911e-01 2.713757e-02
1.873817e-01 2.859438e-02
2.310130e-01 3.012941e-02
2.848036e-01 3.174683e-02
3.511192e-01 3.345108e-02
4.328761e-01 3.524679e-02
5.336699e-01 3.713884e-02
6.579332e-01 3.913230e-02
8.111308e-01 4.123243e-02
1.000000e+00 4.344462e-02
1.232847e+00 4.577426e-02
1.519911e+00 4.822661e-02
1.873817e+00 5.080662e-02
2.310130e+00 5.351861e-02
2.848036e+00 5.636593e-02
3.511192e+00 5.935054e-02
4.328761e+00 6.247242e-02
5.336699e+00 6.572896e-02
6.579332e+00 6.911419e-02
8.111308e+00 7.261804e-02
1.000000e+01 7.622543e-02
1.232847e+01 7.991543e-02
1.519911e+01 8.366054e-02
1.873817e+01 8.742599e-02
2.310130e+01 9.116945e-02
2.848036e+01 9.484097e-02
3.511192e+01 9.838356e-02
4.328761e+01 1.017342e-01
5.336699e+01 1.048257e-01
6.579332e+01 1.075888e-01
8.111308e+01 1.099557e-01
1.000000e+02 1.118629e-01
1.232847e+02 1.132550e-01
1.519911e+02 1.140882e-01
1.873817e+02 1.143331e-01
2.310130e+02 1.139763e-01
2.848036e+02 1.130219e-01
3.511192e+02 1.114907e-01
4.328761e+02 1.094181e-01
5.336699e+02 1.068515e-01
6.579332e+02 1.038467e-01
8.111308e+02 1.004632e-01
1.000000e+03 9.675991e-02
1.232847e+03 9.279187e-02
1.519911e+03 8.860662e-02
1.873817e+03 8.424242e-02
2.310130e+03 7.972736e-02
2.848036e+03 7.507977e-02
3.511192e+03 7.030991e-02
4.328761e+03 6.542274e-02
5.336699e+03 6.042191e-02
6.579332e+03 5.531455e-02
8.111308e+03 5.011653e-02
1.000000e+04 4.485755e-02
1.232847e+04 3.958497e-02
1.519911e+04 3.436542e-02
1.873817e+04 2.928295e-02
2.310130e+04 2.443352e-02
2.848036e+04 1.991587e-02
3.511192e+04 1.582024e-02
4.328761e+04 1.221728e-02
5.336699e+04 9.149402e-03
6.579332e+04 6.626841e-03
8.111308e+04 4.628758e-03
1.000000e+05 3.108557e-03
1.232847e+05 2.001518e-03
1.519911e+05 1.233034e-03
1.873817e+05 7.264497e-04
2.310130e+05 4.100700e-04
2.848036e+05 2.227594e-04
3.511192e+05 1.171922e-04
4.328761e+05 6.014195e-05
5.336699e+05 3.031559e-05
6.579332e+05 1.509644e-05
8.111308e+05 7.459307e-06
1.000000e+06 3.668214e-06
1.232847e+06 1.798864e-06
1.519911e+06 8.807559e-07
1.873817e+06 4.308597e-07
2.310130e+06 2.106760e-07
2.848036e+06 1.029888e-07
3.511192e+06 5.033991e-08
4.328761e+06 2.460423e-08
5.336699e+06 1.202529e-08
6.579332e+06 5.877291e-09
8.111308e+06 2.872481e-09
1.000000e+07 1.403902e-09
