1.000000e-02 1.076873e-02
1.232847e-02 1.135809e-02
1.519911e-02 1.197971e-02
1.873817e-02 1.263535e-02
2.310130e-02 1.332687e-02
2.848036e-02 1.405624e-02
3.511192e-02 1.482553e-02
4.328761e-02 1.563692e-02
5.336699e-02 1.649271e-02
6.579332e-02 1.739535e-02
8.111308e-02 1.834738e-02
1.000000e-01 1.935152e-02
1.232847e-01 2.041061e-02
1.519911e-01 2.152767e-02
1.873817e-01 2.270586e-02
2.310130e-01 2.394853e-02
2.848036e-01 2.525922e-02
3.511192e-01 2.664163e-02
4.328761e-01 2.809971e-02
5.336699e-01 2.963757e-02
6.579332e-01 3.125958e-02
8.111308e-01 3.297032e-02
1.000000e+00 3.477460e-02
1.232847e+00 3.667745e-02
1.519911e+00 3.868411e-02
1.873817e+00 4.080001e-02
2.310130e+00 4.303073e-02
2.848036e+00 4.538192e-02
3.511192e+00 4.785922e-02
4.328761e+00 5.046815e-02
5.336699e+00 5.321391e-02
6.579332e+00 5.610117e-02
8.111308e+00 5.913381e-02
1.000000e+01 6.231451e-02
1.232847e+01 6.564437e-02
1.519911e+01 6.912231e-02
1.873817e+01 7.274451e-02
2.310130e+01 7.650360e-02
2.848036e+01 8.038788e-02
3.511192e+01 8.438041e-02
4.328761e+01 8.845803e-02
5.336699e+01 9.259044e-02
6.579332e+01 9.673928e-02
8.111308e+01 1.008574e-01
1.000000e+02 1.048886e-01
1.232847e+02 1.087670e-01
1.519911e+02 1.124184e-01
1.873817e+02 1.157607e-01
2.310130e+02 1.187062e-01
2.848036e+02 1.211645e-01
3.511192e+02 1.230456e-01
4.328761e+02 1.242649e-01
5.336699e+02 1.247472e-01
6.579332e+02 1.244320e-01
8.111308e+02 1.232772e-01
1.000000e+03 1.212629e-01
1.232847e+03 1.183931e-01
1.519911e+03 1.146963e-01
1.873817e+03 1.102238e-01
2.310130e+03 1.050465e-01
2.848036e+03 9.925063e-02
3.511192e+03 9.293278e-02
4.328761e+03 8.619548e-02
5.336699e+03 7.914367e-02
6.579332e+03 7.188282e-02
8.111308e+03 6.451859e-02
1.000000e+04 5.715769e-02
1.232847e+04 4.990907e-02
1.519911e+04 4.288431e-02
1.873817e+04 3.619597e-02
2.310130e+04 2.995310e-02
2.848036e+04 2.425406e-02
3.511192e+04 1.917788e-02
4.328761e+04 1.477629e-02
5.336699e+04 1.106853e-02
6.579332e+04 8.040513e-03
8.111308e+04 5.648227e-03
1.000000e+05 3.824604e-03
1.232847e+05 2.487838e-03
1.519911e+05 1.549596e-03
1.873817e+05 9.221060e-04
2.310130e+05 5.240010e-04
2.848036e+05 2.850015e-04
3.511192e+05 1.491076e-04
4.328761e+05 7.556693e-05
5.336699e+05 3.738390e-05
6.579332e+05 1.818243e-05
8.111308e+05 8.744705e-06
1.000000e+06 4.176388e-06
1.232847e+06 1.986345e-06
1.519911e+06 9.425052e-07
1.873817e+06 4.466334e-07
2.310130e+06 2.115050e-07
2.848036e+06 1.001237e-07
3.511192e+06 4.738901e-08
4.328761e+06 2.242757e-08
5.336699e+06 1.061380e-08
6.579332e+06 5.022883e-09
8.111308e+06 2.377023e-09
1.000000e+07 1.124898e-09
