1.000000e-02 7.079261e-03
1.232847e-02 7.488003e-03
1.519911e-02 7.920344e-03
1.873817e-02 8.377648e-03
2.310130e-02 8.861355e-03
2.848036e-02 9.372991e-03
3.511192e-02 9.914168e-03
4.328761e-02 1.048659e-02
5.336699e-02 1.109206e-02
6.579332e-02 1.173250e-02
8.111308e-02 1.240991e-02
1.000000e-01 1.312643e-02
1.232847e-01 1.388432e-02
1.519911e-01 1.468597e-02
1.873817e-01 1.553391e-02
2.310130e-01 1.643080e-02
2.848036e-01 1.737948e-02
3.511192e-01 1.838294e-02
4.328761e-01 1.944433e-02
5.336699e-01 2.056702e-02
6.579332e-01 2.175456e-02
8.111308e-01 2.301071e-02
1.000000e+00 2.433949e-02
1.232847e+00 2.574519e-02
1.519911e+00 2.723239e-02
1.873817e+00 2.880601e-02
2.310130e+00 3.047140e-02
2.848036e+00 3.223432e-02
3.511192e+00 3.410106e-02
4.328761e+00 3.607848e-02
5.336699e+00 3.817407e-02
6.579332e+00 4.039604e-02
8.111308e+00 4.275331e-02
1.000000e+01 4.525558e-02
1.232847e+01 4.791328e-02
1.519911e+01 5.073748e-02
1.873817e+01 5.373979e-02
2.310130e+01 5.693201e-02
2.848036e+01 6.032583e-02
3.511192e+01 6.393214e-02
4.328761e+01 6.776030e-02
5.336699e+01 7.181706e-02
6.579332e+01 7.610515e-02
8.111308e+01 8.062155e-02
1.000000e+02 8.535546e-02
1.232847e+02 9.028582e-02
1.519911e+02 9.537864e-02
1.873817e+02 1.005842e-01
2.310130e+02 1.058345e-01
2.848036e+02 1.110408e-01
3.511192e+02 1.160928e-01
4.328761e+02 1.208590e-01
5.336699e+02 1.251890e-01
6.579332e+02 1.289192e-01
8.111308e+02 1.318809e-01
1.000000e+03 1.339117e-01
1.232847e+03 1.348682e-01
1.519911e+03 1.346409e-01
1.873817e+03 1.331664e-01
2.310130e+03 1.304372e-01
2.848036e+03 1.265055e-01
3.511192e+03 1.214814e-01
4.328761e+03 1.155233e-01
5.336699e+03 1.088237e-01
6.579332e+03 1.015915e-01
8.111308e+03 9.403418e-02
1.000000e+04 8.634151e-02
1.232847e+04 7.867421e-02
1.519911e+04 7.115724e-02
1.873817e+04 6.387872e-02
2.310130e+04 5.689363e-02
2.848036e+04 5.023113e-02
3.511192e+04 4.390440e-02
4.328761e+04 3.792110e-02
5.336699e+04 3.229292e-02
6.579332e+04 2.704216e-02
8.111308e+04 2.220370e-02
1.000000e+05 1.782149e-02
1.232847e+05 1.394033e-02
1.519911e+05 1.059522e-02
1.873817e+05 7.801634e-03
2.310130e+05 5.549670e-03
2.848036e+05 3.803431e-03
3.511192e+05 2.505292e-03
4.328761e+05 1.583254e-03
5.336699e+05 9.594515e-04
6.579332e+05 5.582721e-04
8.111308e+05 3.129863e-04
1.000000e+06 1.699780e-04
1.232847e+06 9.000220e-05
1.519911e+06 4.676706e-05
1.873817e+06 2.398570e-05
2.310130e+06 1.219736e-05
2.848036e+06 6.170337e-06
3.511192e+06 3.112009e-06
4.328761e+06 1.566985e-06
5.336699e+06 7.883861e-07
6.579332e+06 3.965162e-07
8.111308e+06 1.994028e-07
1.000000e+07 1.002749e-07
