1.000000e-02 4.396962e-03
1.232847e-02 4.674188e-03
1.519911e-02 4.968894e-03
1.873817e-02 5.282180e-03
2.310130e-02 5.615219e-03
2.848036e-02 5.969256e-03
3.511192e-02 6.345614e-03
4.328761e-02 6.745702e-03
5.336699e-02 7.171015e-03
6.579332e-02 7.623145e-03
8.111308e-02 8.103780e-03
1.000000e-01 8.614720e-03
1.232847e-01 9.157873e-03
1.519911e-01 9.735273e-03
1.873817e-01 1.034908e-02
2.310130e-01 1.100158e-02
2.848036e-01 1.169523e-02
3.511192e-01 1.243260e-02
4.328761e-01 1.321647e-02
5.336699e-01 1.404975e-02
6.579332e-01 1.493556e-02
8.111308e-01 1.587718e-02
1.000000e+00 1.687809e-02
1.232847e+00 1.794198e-02
1.519911e+00 1.907268e-02
1.873817e+00 2.027424e-02
2.310130e+00 2.155083e-02
2.848036e+00 2.290673e-02
3.511192e+00 2.434629e-02
4.328761e+00 2.587385e-02
5.336699e+00 2.749366e-02
6.579332e+00 2.920975e-02
8.111308e+00 3.102577e-02
1.000000e+01 3.294485e-02
1.232847e+01 3.496937e-02
1.519911e+01 3.710071e-02
1.873817e+01 3.933899e-02
2.310130e+01 4.168278e-02
2.848036e+01 4.412878e-02
3.511192e+01 4.667157e-02
4.328761e+01 4.930337e-02
5.336699e+01 5.201383e-02
6.579332e+01 5.479003e-02
8.111308e+01 5.761666e-02
1.000000e+02 6.047633e-02
1.232847e+02 6.335031e-02
1.519911e+02 6.621956e-02
1.873817e+02 6.906611e-02
2.310130e+02 7.187485e-02
2.848036e+02 7.463572e-02
3.511192e+02 7.734612e-02
4.328761e+02 8.001358e-02
5.336699e+02 8.265846e-02
6.579332e+02 8.531666e-02
8.111308e+02 8.804210e-02
1.000000e+03 9.090906e-02
1.232847e+03 9.401415e-02
1.519911e+03 9.747787e-02
1.873817e+03 1.014456e-01
2.310130e+03 1.060875e-01
2.848036e+03 1.115958e-01
3.511192e+03 1.181766e-01
4.328761e+03 1.260326e-01
5.336699e+03 1.353254e-01
6.579332e+03 1.461068e-01
8.111308e+03 1.581977e-01
1.000000e+04 1.710007e-01
1.232847e+04 1.832503e-01
1.519911e+04 1.927776e-01
1.873817e+04 1.964987e-01
2.310130e+04 1.909864e-01
2.848036e+04 1.738971e-01
3.511192e+04 1.458558e-01
4.328761e+04 1.113393e-01
5.336699e+04 7.709630e-02
6.579332e+04 4.880536e-02
8.111308e+04 2.875456e-02
1.000000e+05 1.614186e-02
1.232847e+05 8.835961e-03
1.519911e+05 4.799783e-03
1.873817e+05 2.610800e-03
2.310130e+05 1.422565e-03
2.848036e+05 7.718328e-04
3.511192e+05 4.134401e-04
4.328761e+05 2.170575e-04
5.336699e+05 1.112937e-04
6.579332e+05 5.576598e-05
8.111308e+05 2.740446e-05
1.000000e+06 1.327074e-05
1.232847e+06 6.361669e-06
1.519911e+06 3.029917e-06
1.873817e+06 1.437458e-06
2.310130e+06 6.804427e-07
2.848036e+06 3.217072e-07
3.511192e+06 1.520046e-07
4.328761e+06 7.179893e-08
5.336699e+06 3.390923e-08
6.579332e+06 1.601376e-08
8.111308e+06 7.562416e-09
1.000000e+07 3.571301e-09
