1.000000e-02 8.561106e-03
1.232847e-02 9.003582e-03
1.519911e-02 9.468928e-03
1.873817e-02 9.958324e-03
2.310130e-02 1.047301e-02
2.848036e-02 1.101431e-02
3.511192e-02 1.158358e-02
4.328761e-02 1.218227e-02
5.336699e-02 1.281190e-02
6.579332e-02 1.347408e-02
8.111308e-02 1.417048e-02
1.000000e-01 1.490287e-02
1.232847e-01 1.567312e-02
1.519911e-01 1.648317e-02
1.873817e-01 1.733510e-02
2.310130e-01 1.823105e-02
2.848036e-01 1.917331e-02
3.511192e-01 2.016428e-02
4.328761e-01 2.120646e-02
5.336699e-01 2.230251e-02
6.579332e-01 2.345521e-02
8.111308e-01 2.466750e-02
1.000000e+00 2.594247e-02
1.232847e+00 2.728338e-02
1.519911e+00 2.869368e-02
1.873817e+00 3.017701e-02
2.310130e+00 3.173725e-02
2.848036e+00 3.337850e-02
3.511192e+00 3.510517e-02
4.328761e+00 3.692196e-02
5.336699e+00 3.883391e-02
6.579332e+00 4.084647e-02
8.111308e+00 4.296552e-02
1.000000e+01 4.519739e-02
1.232847e+01 4.754897e-02
1.519911e+01 5.002768e-02
1.873817e+01 5.264150e-02
2.310130e+01 5.539901e-02
2.848036e+01 5.830933e-02
3.511192e+01 6.138203e-02
4.328761e+01 6.462705e-02
5.336699e+01 6.805445e-02
6.579332e+01 7.167410e-02
8.111308e+01 7.549529e-02
1.000000e+02 7.952607e-02
1.232847e+02 8.377251e-02
1.519911e+02 8.823761e-02
1.873817e+02 9.292002e-02
2.310130e+02 9.781230e-02
2.848036e+02 1.028989e-01
3.511192e+02 1.081537e-01
4.328761e+02 1.135370e-01
5.336699e+02 1.189918e-01
6.579332e+02 1.244405e-01
8.111308e+02 1.297803e-01
1.000000e+03 1.348788e-01
1.232847e+03 1.395705e-01
1.519911e+03 1.436535e-01
1.873817e+03 1.468887e-01
2.310130e+03 1.490028e-01
2.848036e+03 1.496967e-01
3.511192e+03 1.486624e-01
4.328761e+03 1.456106e-01
5.336699e+03 1.403098e-01
6.579332e+03 1.326361e-01
8.111308e+03 1.226263e-01
1.000000e+04 1.105238e-01
1.232847e+04 9.679887e-02
1.519911e+04 8.212769e-02
1.873817e+04 6.731884e-02
2.310130e+04 5.319602e-02
2.848036e+04 4.046469e-02
3.511192e+04 2.960436e-02
4.328761e+04 2.082106e-02
5.336699e+04 1.406924e-02
6.579332e+04 9.123489e-03
8.111308e+04 5.665878e-03
1.000000e+05 3.359667e-03
1.232847e+05 1.896128e-03
1.519911e+05 1.016479e-03
1.873817e+05 5.179436e-04
2.310130e+05 2.519388e-04
2.848036e+05 1.178738e-04
3.511192e+05 5.353507e-05
4.328761e+05 2.381408e-05
5.336699e+05 1.045192e-05
6.579332e+05 4.550296e-06
8.111308e+05 1.971890e-06
1.000000e+06 8.523987e-07
1.232847e+06 3.679940e-07
1.519911e+06 1.587657e-07
1.873817e+06 6.847556e-08
2.310130e+06 2.952904e-08
2.848036e+06 1.273307e-08
3.511192e+06 5.490389e-09
4.328761e+06 2.367377e-09
5.336699e+06 1.020773e-09
6.579332e+06 4.401393e-10
8.111308e+06 1.897802e-10
1.000000e+07 8.182982e-11
