1.000000e-02 9.295444e-02
1.232847e-02 9.306159e-02
1.519911e-02 9.316887e-02
1.873817e-02 9.327626e-02
2.310130e-02 9.338379e-02
2.848036e-02 9.349143e-02
3.511192e-02 9.359920e-02
4.328761e-02 9.370710e-02
5.336699e-02 9.381511e-02
6.579332e-02 9.392326e-02
8.111308e-02 9.403153e-02
1.000000e-01 9.413992e-02
1.232847e-01 9.424844e-02
1.519911e-01 9.435708e-02
1.873817e-01 9.446584e-02
2.310130e-01 9.457472e-02
2.848036e-01 9.468366e-02
3.511192e-01 9.479253e-02
4.328761e-01 9.490096e-02
5.336699e-01 9.500819e-02
6.579332e-01 9.511267e-02
8.111308e-01 9.521173e-02
1.000000e+00 9.530101e-02
1.232847e+00 9.537402e-02
1.519911e+00 9.542159e-02
1.873817e+00 9.543157e-02
2.310130e+00 9.538865e-02
2.848036e+00 9.527445e-02
3.511192e+00 9.506789e-02
4.328761e+00 9.474597e-02
5.336699e+00 9.428474e-02
6.579332e+00 9.366067e-02
8.111308e+00 9.285209e-02
1.000000e+01 9.184079e-02
1.232847e+01 9.061347e-02
1.519911e+01 8.916296e-02
1.873817e+01 8.748907e-02
2.310130e+01 8.559895e-02
2.848036e+01 8.350684e-02
3.511192e+01 8.123329e-02
4.328761e+01 7.880390e-02
5.336699e+01 7.624763e-02
6.579332e+01 7.359499e-02
8.111308e+01 7.087618e-02
1.000000e+02 6.811928e-02
1.232847e+02 6.534888e-02
1.519911e+02 6.258489e-02
1.873817e+02 5.984191e-02
2.310130e+02 5.712895e-02
2.848036e+02 5.444954e-02
3.511192e+02 5.180228e-02
4.328761e+02 4.918158e-02
5.336699e+02 4.657881e-02
6.579332e+02 4.398352e-02
8.111308e+02 4.138499e-02
1.000000e+03 3.877376e-02
1.232847e+03 3.614318e-02
1.519911e+03 3.349085e-02
1.873817e+03 3.081974e-02
2.310130e+03 2.813886e-02
2.848036e+03 2.546346e-02
3.511192e+03 2.281456e-02
4.328761e+03 2.021790e-02
5.336699e+03 1.770234e-02
6.579332e+03 1.529796e-02
8.111308e+03 1.303383e-02
1.000000e+04 1.093602e-02
1.232847e+04 9.025690e-03
1.519911e+04 7.317793e-03
1.873817e+04 5.820228e-03
2.310130e+04 4.533681e-03
2.848036e+04 3.452090e-03
3.511192e+04 2.563638e-03
4.328761e+04 1.852052e-03
5.336699e+04 1.297951e-03
6.579332e+04 8.800345e-04
8.111308e+04 5.760590e-04
1.000000e+05 3.637388e-04
1.232847e+05 2.217568e-04
1.519911e+05 1.309170e-04
1.873817e+05 7.518315e-05
2.310130e+05 4.222809e-05
2.848036e+05 2.332368e-05
3.511192e+05 1.272890e-05
4.328761e+05 6.890475e-06
5.336699e+05 3.710256e-06
6.579332e+05 1.991181e-06
8.111308e+05 1.066435e-06
1.000000e+06 5.704705e-07
1.232847e+06 3.049485e-07
1.519911e+06 1.629467e-07
1.873817e+06 8.704966e-08
2.310130e+06 4.649807e-08
2.848036e+06 2.483555e-08
3.511192e+06 1.326471e-08
4.328761e+06 7.084578e-09
5.336699e+06 3.783787e-09
6.579332e+06 2.020868e-09
8.111308e+06 1.079316e-09
1.000000e+07 5.764467e-10
