1.000000e-02 5.415892e-03
1.232847e-02 5.723592e-03
1.519911e-02 6.048772e-03
1.873817e-02 6.392428e-03
2.310130e-02 6.755608e-03
2.848036e-02 7.139422e-03
3.511192e-02 7.545042e-03
4.328761e-02 7.973707e-03
5.336699e-02 8.426726e-03
6.579332e-02 8.905483e-03
8.111308e-02 9.411440e-03
1.000000e-01 9.946143e-03
1.232847e-01 1.051122e-02
1.519911e-01 1.110841e-02
1.873817e-01 1.173952e-02
2.310130e-01 1.240649e-02
2.848036e-01 1.311136e-02
3.511192e-01 1.385627e-02
4.328761e-01 1.464350e-02
5.336699e-01 1.547545e-02
6.579332e-01 1.635467e-02
8.111308e-01 1.728383e-02
1.000000e+00 1.826577e-02
1.232847e+00 1.930346e-02
1.519911e+00 2.040004e-02
1.873817e+00 2.155884e-02
2.310130e+00 2.278332e-02
2.848036e+00 2.407714e-02
3.511192e+00 2.544413e-02
4.328761e+00 2.688827e-02
5.336699e+00 2.841376e-02
6.579332e+00 3.002492e-02
8.111308e+00 3.172626e-02
1.000000e+01 3.352243e-02
1.232847e+01 3.541821e-02
1.519911e+01 3.741847e-02
1.873817e+01 3.952814e-02
2.310130e+01 4.175218e-02
2.848036e+01 4.409550e-02
3.511192e+01 4.656288e-02
4.328761e+01 4.915887e-02
5.336699e+01 5.188769e-02
6.579332e+01 5.475311e-02
8.111308e+01 5.775824e-02
1.000000e+02 6.090544e-02
1.232847e+02 6.419610e-02
1.519911e+02 6.763048e-02
1.873817e+02 7.120757e-02
2.310130e+02 7.492496e-02
2.848036e+02 7.877877e-02
3.511192e+02 8.276364e-02
4.328761e+02 8.687285e-02
5.336699e+02 9.109846e-02
6.579332e+02 9.543161e-02
8.111308e+02 9.986286e-02
1.000000e+03 1.043825e-01
1.232847e+03 1.089806e-01
1.519911e+03 1.136470e-01
1.873817e+03 1.183705e-01
2.310130e+03 1.231367e-01
2.848036e+03 1.279247e-01
3.511192e+03 1.327011e-01
4.328761e+03 1.374110e-01
5.336699e+03 1.419643e-01
6.579332e+03 1.462180e-01
8.111308e+03 1.499525e-01
1.000000e+04 1.528446e-01
1.232847e+04 1.544420e-01
1.519911e+04 1.541494e-01
1.873817e+04 1.512469e-01
2.310130e+04 1.449673e-01
2.848036e+04 1.346625e-01
3.511192e+04 1.200646e-01
4.328761e+04 1.015900e-01
5.336699e+04 8.054301e-02
6.579332e+04 5.902635e-02
8.111308e+04 3.944341e-02
1.000000e+05 2.373452e-02
1.232847e+05 1.274016e-02
1.519911e+05 6.079592e-03
1.873817e+05 2.593887e-03
2.310130e+05 1.005263e-03
2.848036e+05 3.620660e-04
3.511192e+05 1.241216e-04
4.328761e+05 4.130774e-05
5.336699e+05 1.352834e-05
6.579332e+05 4.395452e-06
8.111308e+05 1.422904e-06
1.000000e+06 4.598988e-07
1.232847e+06 1.485486e-07
1.519911e+06 4.796944e-08
1.873817e+06 1.548885e-08
2.310130e+06 5.001019e-09
2.848036e+06 1.614701e-09
3.511192e+06 5.213437e-10
4.328761e+06 1.683276e-10
5.336699e+06 5.434835e-11
6.579332e+06 1.754758e-11
8.111308e+06 5.665630e-12
1.000000e+07 1.829276e-12
