1.000000e-02 1.475702e-02
1.232847e-02 1.553204e-02
1.519911e-02 1.634776e-02
1.873817e-02 1.720632e-02
2.310130e-02 1.810996e-02
2.848036e-02 1.906107e-02
3.511192e-02 2.006213e-02
4.328761e-02 2.111576e-02
5.336699e-02 2.222472e-02
6.579332e-02 2.339193e-02
8.111308e-02 2.462043e-02
1.000000e-01 2.591346e-02
1.232847e-01 2.727439e-02
1.519911e-01 2.870680e-02
1.873817e-01 3.021444e-02
2.310130e-01 3.180125e-02
2.848036e-01 3.347140e-02
3.511192e-01 3.522926e-02
4.328761e-01 3.707945e-02
5.336699e-01 3.902681e-02
6.579332e-01 4.107646e-02
8.111308e-01 4.323377e-02
1.000000e+00 4.550439e-02
1.232847e+00 4.789430e-02
1.519911e+00 5.040971e-02
1.873817e+00 5.305712e-02
2.310130e+00 5.584326e-02
2.848036e+00 5.877499e-02
3.511192e+00 6.185916e-02
4.328761e+00 6.510243e-02
5.336699e+00 6.851092e-02
6.579332e+00 7.208980e-02
8.111308e+00 7.584273e-02
1.000000e+01 7.977102e-02
1.232847e+01 8.387267e-02
1.519911e+01 8.814111e-02
1.873817e+01 9.256367e-02
2.310130e+01 9.711975e-02
2.848036e+01 1.017787e-01
3.511192e+01 1.064977e-01
4.328761e+01 1.112190e-01
5.336699e+01 1.158682e-01
6.579332e+01 1.203519e-01
8.111308e+01 1.245568e-01
1.000000e+02 1.283499e-01
1.232847e+02 1.315803e-01
1.519911e+02 1.340839e-01
1.873817e+02 1.356900e-01
2.310130e+02 1.362311e-01
2.848036e+02 1.355561e-01
3.511192e+02 1.335436e-01
4.328761e+02 1.301169e-01
5.336699e+02 1.252571e-01
6.579332e+02 1.190126e-01
8.111308e+02 1.115029e-01
1.000000e+03 1.029160e-01
1.232847e+03 9.349832e-02
1.519911e+03 8.353782e-02
1.873817e+03 7.334338e-02
2.310130e+03 6.322227e-02
2.848036e+03 5.345909e-02
3.511192e+03 4.429838e-02
4.328761e+03 3.593256e-02
5.336699e+03 2.849533e-02
6.579332e+03 2.206038e-02
8.111308e+03 1.664453e-02
1.000000e+04 1.221467e-02
1.232847e+04 8.697692e-03
1.519911e+04 5.992285e-03
1.873817e+04 3.980967e-03
2.310130e+04 2.540927e-03
2.848036e+04 1.552592e-03
3.511192e+04 9.058197e-04
4.328761e+04 5.042587e-04
5.336699e+04 2.684247e-04
6.579332e+04 1.373292e-04
8.111308e+04 6.801760e-05
1.000000e+05 3.287474e-05
1.232847e+05 1.562005e-05
1.519911e+05 7.339319e-06
1.873817e+05 3.424873e-06
2.310130e+05 1.591788e-06
2.848036e+05 7.381488e-07
3.511192e+05 3.418773e-07
4.328761e+05 1.582399e-07
5.336699e+05 7.321796e-08
6.579332e+05 3.387243e-08
8.111308e+05 1.566892e-08
1.000000e+06 7.247928e-09
1.232847e+06 3.352588e-09
1.519911e+06 1.550752e-09
1.873817e+06 7.173032e-10
2.310130e+06 3.317891e-10
2.848036e+06 1.534692e-10
3.511192e+06 7.098717e-11
4.328761e+06 3.283512e-11
5.336699e+06 1.518788e-11
6.579332e+06 7.025154e-12
8.111308e+06 3.249484e-12
1.000000e+07 1.503049e-12
