1.000000e-02 8.321613e-03
1.232847e-02 8.764944e-03
1.519911e-02 9.231894e-03
1.873817e-02 9.723720e-03
2.310130e-02 1.024175e-02
2.848036e-02 1.078737e-02
3.511192e-02 1.136207e-02
4.328761e-02 1.196738e-02
5.336699e-02 1.260494e-02
6.579332e-02 1.327646e-02
8.111308e-02 1.398376e-02
1.000000e-01 1.472874e-02
1.232847e-01 1.551341e-02
1.519911e-01 1.633988e-02
1.873817e-01 1.721039e-02
2.310130e-01 1.812727e-02
2.848036e-01 1.909299e-02
3.511192e-01 2.011016e-02
4.328761e-01 2.118153e-02
5.336699e-01 2.230998e-02
6.579332e-01 2.349855e-02
8.111308e-01 2.475048e-02
1.000000e+00 2.606915e-02
1.232847e+00 2.745817e-02
1.519911e+00 2.892136e-02
1.873817e+00 3.046279e-02
2.310130e+00 3.208680e-02
2.848036e+00 3.379805e-02
3.511192e+00 3.560153e-02
4.328761e+00 3.750263e-02
5.336699e+00 3.950716e-02
6.579332e+00 4.162141e-02
8.111308e+00 4.385219e-02
1.000000e+01 4.620681e-02
1.232847e+01 4.869316e-02
1.519911e+01 5.131964e-02
1.873817e+01 5.409516e-02
2.310130e+01 5.702900e-02
2.848036e+01 6.013064e-02
3.511192e+01 6.340958e-02
4.328761e+01 6.687489e-02
5.336699e+01 7.053481e-02
6.579332e+01 7.439606e-02
8.111308e+01 7.846301e-02
1.000000e+02 8.273666e-02
1.232847e+02 8.721336e-02
1.519911e+02 9.188333e-02
1.873817e+02 9.672885e-02
2.310130e+02 1.017224e-01
2.848036e+02 1.068246e-01
3.511192e+02 1.119818e-01
4.328761e+02 1.171247e-01
5.336699e+02 1.221660e-01
6.579332e+02 1.269995e-01
8.111308e+02 1.315002e-01
1.000000e+03 1.355243e-01
1.232847e+03 1.389119e-01
1.519911e+03 1.414902e-01
1.873817e+03 1.430786e-01
2.310130e+03 1.434951e-01
2.848036e+03 1.425648e-01
3.511192e+03 1.401299e-01
4.328761e+03 1.360620e-01
5.336699e+03 1.302777e-01
6.579332e+03 1.227575e-01
8.111308e+03 1.135665e-01
1.000000e+04 1.028762e-01
1.232847e+04 9.098039e-02
1.519911e+04 7.829844e-02
1.873817e+04 6.535572e-02
2.310130e+04 5.273578e-02
2.848036e+04 4.100714e-02
3.511192e+04 3.064078e-02
4.328761e+04 2.194264e-02
5.336699e+04 1.502269e-02
6.579332e+04 9.808092e-03
8.111308e+04 6.090713e-03
1.000000e+05 3.588670e-03
1.232847e+05 2.003083e-03
1.519911e+05 1.059641e-03
1.873817e+05 5.331228e-04
2.310130e+05 2.568100e-04
2.848036e+05 1.194998e-04
3.511192e+05 5.421844e-05
4.328761e+05 2.418425e-05
5.336699e+05 1.067293e-05
6.579332e+05 4.680651e-06
8.111308e+05 2.045526e-06
1.000000e+06 8.922570e-07
1.232847e+06 3.888270e-07
1.519911e+06 1.693614e-07
1.873817e+06 7.375152e-08
2.310130e+06 3.211291e-08
2.848036e+06 1.398190e-08
3.511192e+06 6.087551e-09
4.328761e+06 2.650420e-09
5.336699e+06 1.153945e-09
6.579332e+06 5.024059e-10
8.111308e+06 2.187380e-10
1.000000e+07 9.523436e-11
