1.000000e-02 1.049607e-02
1.232847e-02 1.104704e-02
1.519911e-02 1.162694e-02
1.873817e-02 1.223727e-02
2.310130e-02 1.287964e-02
2.848036e-02 1.355573e-02
3.511192e-02 1.426732e-02
4.328761e-02 1.501625e-02
5.336699e-02 1.580450e-02
6.579332e-02 1.663413e-02
8.111308e-02 1.750730e-02
1.000000e-01 1.842632e-02
1.232847e-01 1.939357e-02
1.519911e-01 2.041160e-02
1.873817e-01 2.148306e-02
2.310130e-01 2.261078e-02
2.848036e-01 2.379769e-02
3.511192e-01 2.504690e-02
4.328761e-01 2.636170e-02
5.336699e-01 2.774552e-02
6.579332e-01 2.920200e-02
8.111308e-01 3.073499e-02
1.000000e+00 3.234854e-02
1.232847e+00 3.404698e-02
1.519911e+00 3.583487e-02
1.873817e+00 3.771712e-02
2.310130e+00 3.969897e-02
2.848036e+00 4.178604e-02
3.511192e+00 4.398439e-02
4.328761e+00 4.630054e-02
5.336699e+00 4.874151e-02
6.579332e+00 5.131483e-02
8.111308e+00 5.402852e-02
1.000000e+01 5.689106e-02
1.232847e+01 5.991127e-02
1.519911e+01 6.309814e-02
1.873817e+01 6.646055e-02
2.310130e+01 7.000687e-02
2.848036e+01 7.374444e-02
3.511192e+01 7.767875e-02
4.328761e+01 8.181253e-02
5.336699e+01 8.614449e-02
6.579332e+01 9.066773e-02
8.111308e+01 9.536795e-02
1.000000e+02 1.002212e-01
1.232847e+02 1.051916e-01
1.519911e+02 1.102284e-01
1.873817e+02 1.152639e-01
2.310130e+02 1.202105e-01
2.848036e+02 1.249595e-01
3.511192e+02 1.293800e-01
4.328761e+02 1.333200e-01
5.336699e+02 1.366096e-01
6.579332e+02 1.390661e-01
8.111308e+02 1.405027e-01
1.000000e+03 1.407392e-01
1.232847e+03 1.396158e-01
1.519911e+03 1.370077e-01
1.873817e+03 1.328400e-01
2.310130e+03 1.271006e-01
2.848036e+03 1.198499e-01
3.511192e+03 1.112247e-01
4.328761e+03 1.014364e-01
5.336699e+03 9.076245e-02
6.579332e+03 7.953273e-02
8.111308e+03 6.811075e-02
1.000000e+04 5.687173e-02
1.232847e+04 4.617765e-02
1.519911e+04 3.635072e-02
1.873817e+04 2.764763e-02
2.310130e+04 2.023873e-02
2.848036e+04 1.419638e-02
3.511192e+04 9.495301e-03
4.328761e+04 6.024541e-03
5.336699e+04 3.608514e-03
6.579332e+04 2.033698e-03
8.111308e+04 1.078123e-03
1.000000e+05 5.396962e-04
1.232847e+05 2.571502e-04
1.519911e+05 1.178594e-04
1.873817e+05 5.253205e-05
2.310130e+05 2.298629e-05
2.848036e+05 9.944580e-06
3.511192e+05 4.274259e-06
4.328761e+05 1.830542e-06
5.336699e+05 7.825001e-07
6.579332e+05 3.341785e-07
8.111308e+05 1.426500e-07
1.000000e+06 6.087926e-08
1.232847e+06 2.597899e-08
1.519911e+06 1.108548e-08
1.873817e+06 4.730178e-09
2.310130e+06 2.018349e-09
2.848036e+06 8.612186e-10
3.511192e+06 3.674766e-10
4.328761e+06 1.567998e-10
5.336699e+06 6.690543e-11
6.579332e+06 2.854810e-11
8.111308e+06 1.218128e-11
1.000000e+07 5.197669e-12
