1.000000e-02 1.607058e-02
1.232847e-02 1.709620e-02
1.519911e-02 1.818727e-02
1.873817e-02 1.934797e-02
2.310130e-02 2.058275e-02
2.848036e-02 2.189633e-02
3.511192e-02 2.329374e-02
4.328761e-02 2.478034e-02
5.336699e-02 2.636181e-02
6.579332e-02 2.804421e-02
8.111308e-02 2.983398e-02
1.000000e-01 3.173797e-02
1.232847e-01 3.376347e-02
1.519911e-01 3.591824e-02
1.873817e-01 3.821052e-02
2.310130e-01 4.064910e-02
2.848036e-01 4.324329e-02
3.511192e-01 4.600301e-02
4.328761e-01 4.893873e-02
5.336699e-01 5.206150e-02
6.579332e-01 5.538275e-02
8.111308e-01 5.891415e-02
1.000000e+00 6.266713e-02
1.232847e+00 6.665219e-02
1.519911e+00 7.087790e-02
1.873817e+00 7.534932e-02
2.310130e+00 8.006598e-02
2.848036e+00 8.501908e-02
3.511192e+00 9.018806e-02
4.328761e+00 9.553646e-02
5.336699e+00 1.010073e-01
6.579332e+00 1.065183e-01
8.111308e+00 1.119576e-01
1.000000e+01 1.171810e-01
1.232847e+01 1.220116e-01
1.519911e+01 1.262442e-01
1.873817e+01 1.296545e-01
2.310130e+01 1.320147e-01
2.848036e+01 1.331149e-01
3.511192e+01 1.327886e-01
4.328761e+01 1.309378e-01
5.336699e+01 1.275535e-01
6.579332e+01 1.227264e-01
8.111308e+01 1.166436e-01
1.000000e+02 1.095713e-01
1.232847e+02 1.018261e-01
1.519911e+02 9.373989e-02
1.873817e+02 8.562667e-02
2.310130e+02 7.775537e-02
2.848036e+02 7.033366e-02
3.511192e+02 6.350238e-02
4.328761e+02 5.733905e-02
5.336699e+02 5.186731e-02
6.579332e+02 4.706901e-02
8.111308e+02 4.289637e-02
1.000000e+03 3.928249e-02
1.232847e+03 3.614974e-02
1.519911e+03 3.341572e-02
1.873817e+03 3.099764e-02
2.310130e+03 2.881539e-02
2.848036e+03 2.679432e-02
3.511192e+03 2.486795e-02
4.328761e+03 2.298098e-02
5.336699e+03 2.109239e-02
6.579332e+03 1.917820e-02
8.111308e+03 1.723298e-02
1.000000e+04 1.526954e-02
1.232847e+04 1.331610e-02
1.519911e+04 1.141131e-02
1.873817e+04 9.597729e-03
2.310130e+04 7.915174e-03
2.848036e+04 6.395317e-03
3.511192e+04 5.058480e-03
4.328761e+04 3.912915e-03
5.336699e+04 2.956109e-03
6.579332e+04 2.177270e-03
8.111308e+04 1.560058e-03
1.000000e+05 1.084927e-03
1.232847e+05 7.307981e-04
1.519911e+05 4.762136e-04
1.873817e+05 3.002584e-04
2.310130e+05 1.835324e-04
2.848036e+05 1.091431e-04
3.511192e+05 6.343939e-05
4.328761e+05 3.622141e-05
5.336699e+05 2.040984e-05
6.579332e+05 1.139425e-05
8.111308e+05 6.321520e-06
1.000000e+06 3.493023e-06
1.232847e+06 1.925219e-06
1.519911e+06 1.059467e-06
1.873817e+06 5.825007e-07
2.310130e+06 3.200919e-07
2.848036e+06 1.758423e-07
3.511192e+06 9.658313e-08
4.328761e+06 5.304477e-08
5.336699e+06 2.913172e-08
6.579332e+06 1.599861e-08
8.111308e+06 8.786088e-09
1.000000e+07 4.825124e-09
