1.000000e-02 9.108833e-03
1.232847e-02 9.586106e-03
1.519911e-02 1.008839e-02
1.873817e-02 1.061699e-02
2.310130e-02 1.117328e-02
2.848036e-02 1.175872e-02
3.511192e-02 1.237484e-02
4.328761e-02 1.302325e-02
5.336699e-02 1.370562e-02
6.579332e-02 1.442375e-02
8.111308e-02 1.517951e-02
1.000000e-01 1.597487e-02
1.232847e-01 1.681190e-02
1.519911e-01 1.769279e-02
1.873817e-01 1.861983e-02
2.310130e-01 1.959545e-02
2.848036e-01 2.062219e-02
3.511192e-01 2.170272e-02
4.328761e-01 2.283988e-02
5.336699e-01 2.403662e-02
6.579332e-01 2.529607e-02
8.111308e-01 2.662152e-02
1.000000e+00 2.801646e-02
1.232847e+00 2.948453e-02
1.519911e+00 3.102962e-02
1.873817e+00 3.265582e-02
2.310130e+00 3.436749e-02
2.848036e+00 3.616923e-02
3.511192e+00 3.806596e-02
4.328761e+00 4.006293e-02
5.336699e+00 4.216571e-02
6.579332e+00 4.438030e-02
8.111308e+00 4.671305e-02
1.000000e+01 4.917074e-02
1.232847e+01 5.176059e-02
1.519911e+01 5.449015e-02
1.873817e+01 5.736734e-02
2.310130e+01 6.040028e-02
2.848036e+01 6.359716e-02
3.511192e+01 6.696597e-02
4.328761e+01 7.051419e-02
5.336699e+01 7.424823e-02
6.579332e+01 7.817286e-02
8.111308e+01 8.229030e-02
1.000000e+02 8.659913e-02
1.232847e+02 9.109291e-02
1.519911e+02 9.575845e-02
1.873817e+02 1.005738e-01
2.310130e+02 1.055058e-01
2.848036e+02 1.105076e-01
3.511192e+02 1.155155e-01
4.328761e+02 1.204461e-01
5.336699e+02 1.251939e-01
6.579332e+02 1.296292e-01
8.111308e+02 1.335971e-01
1.000000e+03 1.369192e-01
1.232847e+03 1.393976e-01
1.519911e+03 1.408225e-01
1.873817e+03 1.409847e-01
2.310130e+03 1.396927e-01
2.848036e+03 1.367938e-01
3.511192e+03 1.321976e-01
4.328761e+03 1.258981e-01
5.336699e+03 1.179917e-01
6.579332e+03 1.086836e-01
8.111308e+03 9.828154e-02
1.000000e+04 8.717283e-02
1.232847e+04 7.578845e-02
1.519911e+04 6.455888e-02
1.873817e+04 5.387063e-02
2.310130e+04 4.403154e-02
2.848036e+04 3.525104e-02
3.511192e+04 2.763700e-02
4.328761e+04 2.120719e-02
5.336699e+04 1.590991e-02
6.579332e+04 1.164784e-02
8.111308e+04 8.299760e-03
1.000000e+05 5.736721e-03
1.232847e+05 3.831852e-03
1.519911e+05 2.464741e-03
1.873817e+05 1.522995e-03
2.310130e+05 9.036494e-04
2.848036e+05 5.159265e-04
3.511192e+05 2.847252e-04
4.328761e+05 1.528197e-04
5.336699e+05 8.030054e-05
6.579332e+05 4.156051e-05
8.111308e+05 2.129201e-05
1.000000e+06 1.083729e-05
1.232847e+06 5.494030e-06
1.519911e+06 2.778683e-06
1.873817e+06 1.403472e-06
2.310130e+06 7.083465e-07
2.848036e+06 3.573674e-07
3.511192e+06 1.802580e-07
4.328761e+06 9.091379e-08
5.336699e+06 4.585055e-08
6.579332e+06 2.312336e-08
8.111308e+06 1.166150e-08
1.000000e+07 5.881089e-09
