1.000000e-02 1.865578e-02
1.232847e-02 1.965595e-02
1.519911e-02 2.070973e-02
1.873817e-02 2.182001e-02
2.310130e-02 2.298982e-02
2.848036e-02 2.422233e-02
3.511192e-02 2.552093e-02
4.328761e-02 2.688914e-02
5.336699e-02 2.833071e-02
6.579332e-02 2.984956e-02
8.111308e-02 3.144984e-02
1.000000e-01 3.313592e-02
1.232847e-01 3.491238e-02
1.519911e-01 3.678409e-02
1.873817e-01 3.875614e-02
2.310130e-01 4.083391e-02
2.848036e-01 4.302307e-02
3.511192e-01 4.532957e-02
4.328761e-01 4.775965e-02
5.336699e-01 5.031981e-02
6.579332e-01 5.301673e-02
8.111308e-01 5.585716e-02
1.000000e+00 5.884767e-02
1.232847e+00 6.199432e-02
1.519911e+00 6.530216e-02
1.873817e+00 6.877451e-02
2.310130e+00 7.241205e-02
2.848036e+00 7.621158e-02
3.511192e+00 8.016460e-02
4.328761e+00 8.425551e-02
5.336699e+00 8.845959e-02
6.579332e+00 9.274082e-02
8.111308e+00 9.704966e-02
1.000000e+01 1.013210e-01
1.232847e+01 1.054726e-01
1.519911e+01 1.094044e-01
1.873817e+01 1.129993e-01
2.310130e+01 1.161258e-01
2.848036e+01 1.186427e-01
3.511192e+01 1.204067e-01
4.328761e+01 1.212822e-01
5.336699e+01 1.211529e-01
6.579332e+01 1.199348e-01
8.111308e+01 1.175875e-01
1.000000e+02 1.141236e-01
1.232847e+02 1.096128e-01
1.519911e+02 1.041809e-01
1.873817e+02 9.800170e-02
2.310130e+02 9.128387e-02
2.848036e+02 8.425394e-02
3.511192e+02 7.713791e-02
4.328761e+02 7.014447e-02
5.336699e+02 6.345187e-02
6.579332e+02 5.719979e-02
8.111308e+02 5.148659e-02
1.000000e+03 4.637112e-02
1.232847e+03 4.187800e-02
1.519911e+03 3.800471e-02
1.873817e+03 3.472925e-02
2.310130e+03 3.201724e-02
2.848036e+03 2.982776e-02
3.511192e+03 2.811749e-02
4.328761e+03 2.684310e-02
5.336699e+03 2.596156e-02
6.579332e+03 2.542846e-02
8.111308e+03 2.519398e-02
1.000000e+04 2.519630e-02
1.232847e+04 2.535254e-02
1.519911e+04 2.554802e-02
1.873817e+04 2.562683e-02
2.310130e+04 2.538959e-02
2.848036e+04 2.460806e-02
3.511192e+04 2.306766e-02
4.328761e+04 2.064133e-02
5.336699e+04 1.737799e-02
6.579332e+04 1.355862e-02
8.111308e+04 9.660585e-03
1.000000e+05 6.207577e-03
1.232847e+05 3.569038e-03
1.519911e+05 1.835513e-03
1.873817e+05 8.522059e-04
2.310130e+05 3.636036e-04
2.848036e+05 1.457388e-04
3.511192e+05 5.604198e-05
4.328761e+05 2.101926e-05
5.336699e+05 7.775644e-06
6.579332e+05 2.856146e-06
8.111308e+05 1.045533e-06
1.000000e+06 3.821302e-07
1.232847e+06 1.395674e-07
1.519911e+06 5.095985e-08
1.873817e+06 1.860456e-08
2.310130e+06 6.791866e-09
2.848036e+06 2.479422e-09
3.511192e+06 9.051249e-10
4.328761e+06 3.304193e-10
5.336699e+06 1.206207e-10
6.579332e+06 4.403298e-11
8.111308e+06 1.607438e-11
1.000000e+07 5.868006e-12
