1.000000e-02 7.403387e-02
1.232847e-02 7.519222e-02
1.519911e-02 7.636870e-02
1.873817e-02 7.756358e-02
2.310130e-02 7.877716e-02
2.848036e-02 8.000973e-02
3.511192e-02 8.126158e-02
4.328761e-02 8.253302e-02
5.336699e-02 8.382435e-02
6.579332e-02 8.513589e-02
8.111308e-02 8.646795e-02
1.000000e-01 8.782085e-02
1.232847e-01 8.919491e-02
1.519911e-01 9.059048e-02
1.873817e-01 9.200788e-02
2.310130e-01 9.344742e-02
2.848036e-01 9.490939e-02
3.511192e-01 9.639385e-02
4.328761e-01 9.790048e-02
5.336699e-01 9.942801e-02
6.579332e-01 1.009735e-01
8.111308e-01 1.025312e-01
1.000000e+00 1.040911e-01
1.232847e+00 1.056370e-01
1.519911e+00 1.071449e-01
1.873817e+00 1.085808e-01
2.310130e+00 1.098991e-01
2.848036e+00 1.110423e-01
3.511192e+00 1.119409e-01
4.328761e+00 1.125150e-01
5.336699e+00 1.126787e-01
6.579332e+00 1.123453e-01
8.111308e+00 1.114346e-01
1.000000e+01 1.098819e-01
1.232847e+01 1.076466e-01
1.519911e+01 1.047195e-01
1.873817e+01 1.011278e-01
2.310130e+01 9.693557e-02
2.848036e+01 9.223990e-02
3.511192e+01 8.716248e-02
4.328761e+01 8.183783e-02
5.336699e+01 7.640017e-02
6.579332e+01 7.097082e-02
8.111308e+01 6.564816e-02
1.000000e+02 6.050124e-02
1.232847e+02 5.556768e-02
1.519911e+02 5.085565e-02
1.873817e+02 4.634956e-02
2.310130e+02 4.201871e-02
2.848036e+02 3.782819e-02
3.511192e+02 3.375068e-02
4.328761e+02 2.977725e-02
5.336699e+02 2.592473e-02
6.579332e+02 2.223690e-02
8.111308e+02 1.877795e-02
1.000000e+03 1.561940e-02
1.232847e+03 1.282394e-02
1.519911e+03 1.043188e-02
1.873817e+03 8.454270e-03
2.310130e+03 6.874327e-03
2.848036e+03 5.655057e-03
3.511192e+03 4.749700e-03
4.328761e+03 4.111608e-03
5.336699e+03 3.701834e-03
6.579332e+03 3.494202e-03
8.111308e+03 3.478494e-03
1.000000e+04 3.662071e-03
1.232847e+04 4.068215e-03
1.519911e+04 4.723947e-03
1.873817e+04 5.619082e-03
2.310130e+04 6.608473e-03
2.848036e+04 7.270329e-03
3.511192e+04 6.933753e-03
4.328761e+04 5.271568e-03
5.336699e+04 3.019583e-03
6.579332e+04 1.313718e-03
8.111308e+04 4.641467e-04
1.000000e+05 1.444239e-04
1.232847e+05 4.208918e-05
1.519911e+05 1.190655e-05
1.873817e+05 3.327232e-06
2.310130e+05 9.254465e-07
2.848036e+05 2.569750e-07
3.511192e+05 7.131505e-08
4.328761e+05 1.978744e-08
5.336699e+05 5.489993e-09
6.579332e+05 1.523161e-09
8.111308e+05 4.225885e-10
1.000000e+06 1.172434e-10
1.232847e+06 3.252815e-11
1.519911e+06 9.024642e-12
1.873817e+06 2.503806e-12
2.310130e+06 6.946584e-13
2.848036e+06 1.927267e-13
3.511192e+06 5.347029e-14
4.328761e+06 1.483485e-14
5.336699e+06 4.115796e-15
6.579332e+06 1.141891e-15
8.111308e+06 3.168073e-16
1.000000e+07 8.789532e-17
