1.000000e-02 5.462680e-02
1.232847e-02 5.578305e-02
1.519911e-02 5.696378e-02
1.873817e-02 5.816950e-02
2.310130e-02 5.940074e-02
2.848036e-02 6.065804e-02
3.511192e-02 6.194195e-02
4.328761e-02 6.325304e-02
5.336699e-02 6.459188e-02
6.579332e-02 6.595906e-02
8.111308e-02 6.735518e-02
1.000000e-01 6.878084e-02
1.232847e-01 7.023669e-02
1.519911e-01 7.172335e-02
1.873817e-01 7.324147e-02
2.310130e-01 7.479172e-02
2.848036e-01 7.637475e-02
3.511192e-01 7.799116e-02
4.328761e-01 7.964141e-02
5.336699e-01 8.132569e-02
6.579332e-01 8.304355e-02
8.111308e-01 8.479361e-02
1.000000e+00 8.657289e-02
1.232847e+00 8.837618e-02
1.519911e+00 9.019520e-02
1.873817e+00 9.201770e-02
2.310130e+00 9.382659e-02
2.848036e+00 9.559909e-02
3.511192e+00 9.730612e-02
4.328761e+00 9.891194e-02
5.336699e+00 1.003742e-01
6.579332e+00 1.016447e-01
8.111308e+00 1.026704e-01
1.000000e+01 1.033954e-01
1.232847e+01 1.037637e-01
1.519911e+01 1.037223e-01
1.873817e+01 1.032245e-01
2.310130e+01 1.022341e-01
2.848036e+01 1.007283e-01
3.511192e+01 9.870045e-02
4.328761e+01 9.616214e-02
5.336699e+01 9.314323e-02
6.579332e+01 8.969102e-02
8.111308e+01 8.586777e-02
1.000000e+02 8.174724e-02
1.232847e+02 7.741039e-02
1.519911e+02 7.294077e-02
1.873817e+02 6.842009e-02
2.310130e+02 6.392437e-02
2.848036e+02 5.952085e-02
3.511192e+02 5.526597e-02
4.328761e+02 5.120436e-02
5.336699e+02 4.736862e-02
6.579332e+02 4.377999e-02
8.111308e+02 4.044939e-02
1.000000e+03 3.737889e-02
1.232847e+03 3.456324e-02
1.519911e+03 3.199139e-02
1.873817e+03 2.964791e-02
2.310130e+03 2.751421e-02
2.848036e+03 2.556949e-02
3.511192e+03 2.379163e-02
4.328761e+03 2.215776e-02
5.336699e+03 2.064483e-02
6.579332e+03 1.923012e-02
8.111308e+03 1.789172e-02
1.000000e+04 1.660919e-02
1.232847e+04 1.536424e-02
1.519911e+04 1.414156e-02
1.873817e+04 1.292975e-02
2.310130e+04 1.172221e-02
2.848036e+04 1.051788e-02
3.511192e+04 9.321610e-03
4.328761e+04 8.144003e-03
5.336699e+04 7.000502e-03
6.579332e+04 5.909704e-03
8.111308e+04 4.891049e-03
1.000000e+05 3.962281e-03
1.232847e+05 3.137167e-03
1.519911e+05 2.423951e-03
1.873817e+05 1.824796e-03
2.310130e+05 1.336154e-03
2.848036e+05 9.498260e-04
3.511192e+05 6.543071e-04
4.328761e+05 4.361436e-04
5.336699e+05 2.811315e-04
6.579332e+05 1.753545e-04
8.111308e+05 1.060823e-04
1.000000e+06 6.247787e-05
1.232847e+06 3.599419e-05
1.519911e+06 2.038674e-05
1.873817e+06 1.140514e-05
2.310130e+06 6.326822e-06
2.848036e+06 3.490624e-06
3.511192e+06 1.919469e-06
4.328761e+06 1.053518e-06
5.336699e+06 5.776678e-07
6.579332e+06 3.166077e-07
8.111308e+06 1.734986e-07
1.000000e+07 9.507313e-08
