1.000000e-02 3.966357e-02
1.232847e-02 4.129214e-02
1.519911e-02 4.298759e-02
1.873817e-02 4.475265e-02
2.310130e-02 4.659018e-02
2.848036e-02 4.850316e-02
3.511192e-02 5.049469e-02
4.328761e-02 5.256799e-02
5.336699e-02 5.472642e-02
6.579332e-02 5.697348e-02
8.111308e-02 5.931280e-02
1.000000e-01 6.174817e-02
1.232847e-01 6.428353e-02
1.519911e-01 6.692300e-02
1.873817e-01 6.967084e-02
2.310130e-01 7.253150e-02
2.848036e-01 7.550958e-02
3.511192e-01 7.860980e-02
4.328761e-01 8.183691e-02
5.336699e-01 8.519542e-02
6.579332e-01 8.868921e-02
8.111308e-01 9.232077e-02
1.000000e+00 9.609010e-02
1.232847e+00 9.999309e-02
1.519911e+00 1.040192e-01
1.873817e+00 1.081488e-01
2.310130e+00 1.123493e-01
2.848036e+00 1.165712e-01
3.511192e+00 1.207440e-01
4.328761e+00 1.247711e-01
5.336699e+00 1.285269e-01
6.579332e+00 1.318539e-01
8.111308e+00 1.345642e-01
1.000000e+01 1.364439e-01
1.232847e+01 1.372633e-01
1.519911e+01 1.367933e-01
1.873817e+01 1.348283e-01
2.310130e+01 1.312136e-01
2.848036e+01 1.258739e-01
3.511192e+01 1.188383e-01
4.328761e+01 1.102555e-01
5.336699e+01 1.003933e-01
6.579332e+01 8.962157e-02
8.111308e+01 7.837667e-02
1.000000e+02 6.711617e-02
1.232847e+02 5.626999e-02
1.519911e+02 4.619818e-02
1.873817e+02 3.716231e-02
2.310130e+02 2.931416e-02
2.848036e+02 2.270094e-02
3.511192e+02 1.728294e-02
4.328761e+02 1.295785e-02
5.336699e+02 9.586155e-03
6.579332e+02 7.013454e-03
8.111308e+02 5.087497e-03
1.000000e+03 3.669426e-03
1.232847e+03 2.639784e-03
1.519911e+03 1.900470e-03
1.873817e+03 1.373959e-03
2.310130e+03 1.000927e-03
2.848036e+03 7.371848e-04
3.511192e+03 5.505442e-04
4.328761e+03 4.179709e-04
5.336699e+03 3.231993e-04
6.579332e+03 2.548457e-04
8.111308e+03 2.049795e-04
1.000000e+04 1.680768e-04
1.232847e+04 1.402732e-04
1.519911e+04 1.188433e-04
1.873817e+04 1.018443e-04
2.310130e+04 8.787939e-05
2.848036e+04 7.594665e-05
3.511192e+04 6.534891e-05
4.328761e+04 5.564216e-05
5.336699e+04 4.660201e-05
6.579332e+04 3.818796e-05
8.111308e+04 3.049088e-05
1.000000e+05 2.366151e-05
1.232847e+05 1.783460e-05
1.519911e+05 1.307189e-05
1.873817e+05 9.341303e-06
2.310130e+05 6.531476e-06
2.848036e+05 4.485842e-06
3.511192e+05 3.037734e-06
4.328761e+05 2.035122e-06
5.336699e+05 1.352647e-06
6.579332e+05 8.939131e-07
8.111308e+05 5.883788e-07
1.000000e+06 3.861982e-07
1.232847e+06 2.530136e-07
1.519911e+06 1.655507e-07
1.873817e+06 1.082334e-07
2.310130e+06 7.072332e-08
2.848036e+06 4.619784e-08
3.511192e+06 3.017137e-08
4.328761e+06 1.970241e-08
5.336699e+06 1.286523e-08
6.579332e+06 8.400472e-09
8.111308e+06 5.485109e-09
1.000000e+07 3.581508e-09
