1.000000e-02 5.892715e-03
1.232847e-02 6.222645e-03
1.519911e-02 6.571047e-03
1.873817e-02 6.938957e-03
2.310130e-02 7.327465e-03
2.848036e-02 7.737726e-03
3.511192e-02 8.170957e-03
4.328761e-02 8.628445e-03
5.336699e-02 9.111547e-03
6.579332e-02 9.621697e-03
8.111308e-02 1.016041e-02
1.000000e-01 1.072929e-02
1.232847e-01 1.133001e-02
1.519911e-01 1.196438e-02
1.873817e-01 1.263425e-02
2.310130e-01 1.334164e-02
2.848036e-01 1.408863e-02
3.511192e-01 1.487745e-02
4.328761e-01 1.571043e-02
5.336699e-01 1.659004e-02
6.579332e-01 1.751891e-02
8.111308e-01 1.849977e-02
1.000000e+00 1.953554e-02
1.232847e+00 2.062927e-02
1.519911e+00 2.178421e-02
1.873817e+00 2.300374e-02
2.310130e+00 2.429145e-02
2.848036e+00 2.565109e-02
3.511192e+00 2.708661e-02
4.328761e+00 2.860214e-02
5.336699e+00 3.020204e-02
6.579332e+00 3.189082e-02
8.111308e+00 3.367320e-02
1.000000e+01 3.555412e-02
1.232847e+01 3.753866e-02
1.519911e+01 3.963209e-02
1.873817e+01 4.183983e-02
2.310130e+01 4.416740e-02
2.848036e+01 4.662039e-02
3.511192e+01 4.920439e-02
4.328761e+01 5.192491e-02
5.336699e+01 5.478724e-02
6.579332e+01 5.779635e-02
8.111308e+01 6.095668e-02
1.000000e+02 6.427190e-02
1.232847e+02 6.774469e-02
1.519911e+02 7.137634e-02
1.873817e+02 7.516640e-02
2.310130e+02 7.911221e-02
2.848036e+02 8.320833e-02
3.511192e+02 8.744595e-02
4.328761e+02 9.181215e-02
5.336699e+02 9.628910e-02
6.579332e+02 1.008531e-01
8.111308e+02 1.054737e-01
1.000000e+03 1.101122e-01
1.232847e+03 1.147205e-01
1.519911e+03 1.192395e-01
1.873817e+03 1.235971e-01
2.310130e+03 1.277065e-01
2.848036e+03 1.314636e-01
3.511192e+03 1.347448e-01
4.328761e+03 1.374055e-01
5.336699e+03 1.392785e-01
6.579332e+03 1.401762e-01
8.111308e+03 1.398952e-01
1.000000e+04 1.382269e-01
1.232847e+04 1.349756e-01
1.519911e+04 1.299842e-01
1.873817e+04 1.231671e-01
2.310130e+04 1.145470e-01
2.848036e+04 1.042878e-01
3.511192e+04 9.271171e-02
4.328761e+04 8.029178e-02
5.336699e+04 6.760916e-02
6.579332e+04 5.527959e-02
8.111308e+04 4.386365e-02
1.000000e+05 3.378595e-02
1.232847e+05 2.528696e-02
1.519911e+05 1.841901e-02
1.873817e+05 1.308084e-02
2.310130e+05 9.072988e-03
2.848036e+05 6.154140e-03
3.511192e+05 4.084706e-03
4.328761e+05 2.652876e-03
5.336699e+05 1.685141e-03
6.579332e+05 1.046484e-03
8.111308e+05 6.354299e-04
1.000000e+06 3.776908e-04
1.232847e+06 2.202484e-04
1.519911e+06 1.263985e-04
1.873817e+06 7.163627e-05
2.310130e+06 4.022947e-05
2.848036e+06 2.245077e-05
3.511192e+06 1.247893e-05
4.328761e+06 6.919781e-06
5.336699e+06 3.832242e-06
6.579332e+06 2.121066e-06
8.111308e+06 1.173710e-06
1.000000e+07 6.494556e-07
