1.000000e-02 4.088670e-03
1.232847e-02 4.354208e-03
1.519911e-02 4.636991e-03
1.873817e-02 4.938140e-03
2.310130e-02 5.258846e-03
2.848036e-02 5.600381e-03
3.511192e-02 5.964097e-03
4.328761e-02 6.351434e-03
5.336699e-02 6.763927e-03
6.579332e-02 7.203209e-03
8.111308e-02 7.671020e-03
1.000000e-01 8.169212e-03
1.232847e-01 8.699760e-03
1.519911e-01 9.264765e-03
1.873817e-01 9.866463e-03
2.310130e-01 1.050724e-02
2.848036e-01 1.118963e-02
3.511192e-01 1.191634e-02
4.328761e-01 1.269024e-02
5.336699e-01 1.351440e-02
6.579332e-01 1.439209e-02
8.111308e-01 1.532677e-02
1.000000e+00 1.632213e-02
1.232847e+00 1.738210e-02
1.519911e+00 1.851084e-02
1.873817e+00 1.971277e-02
2.310130e+00 2.099254e-02
2.848036e+00 2.235507e-02
3.511192e+00 2.380552e-02
4.328761e+00 2.534926e-02
5.336699e+00 2.699185e-02
6.579332e+00 2.873900e-02
8.111308e+00 3.059646e-02
1.000000e+01 3.256996e-02
1.232847e+01 3.466504e-02
1.519911e+01 3.688688e-02
1.873817e+01 3.924005e-02
2.310130e+01 4.172825e-02
2.848036e+01 4.435390e-02
3.511192e+01 4.711776e-02
4.328761e+01 5.001844e-02
5.336699e+01 5.305180e-02
6.579332e+01 5.621043e-02
8.111308e+01 5.948306e-02
1.000000e+02 6.285398e-02
1.232847e+02 6.630270e-02
1.519911e+02 6.980370e-02
1.873817e+02 7.332658e-02
2.310130e+02 7.683658e-02
2.848036e+02 8.029574e-02
3.511192e+02 8.366454e-02
4.328761e+02 8.690441e-02
5.336699e+02 8.998069e-02
6.579332e+02 9.286626e-02
8.111308e+02 9.554544e-02
1.000000e+03 9.801786e-02
1.232847e+03 1.003020e-01
1.519911e+03 1.024381e-01
1.873817e+03 1.044898e-01
2.310130e+03 1.065446e-01
2.848036e+03 1.087131e-01
3.511192e+03 1.111255e-01
4.328761e+03 1.139269e-01
5.336699e+03 1.172688e-01
6.579332e+03 1.212942e-01
8.111308e+03 1.261142e-01
1.000000e+04 1.317670e-01
1.232847e+04 1.381512e-01
1.519911e+04 1.449246e-01
1.873817e+04 1.513643e-01
2.310130e+04 1.562166e-01
2.848036e+04 1.576250e-01
3.511192e+04 1.533190e-01
4.328761e+04 1.412935e-01
5.336699e+04 1.210051e-01
6.579332e+04 9.450602e-02
8.111308e+04 6.634199e-02
1.000000e+05 4.161045e-02
1.232847e+05 2.344609e-02
1.519911e+05 1.206881e-02
1.873817e+05 5.816792e-03
2.310130e+05 2.697523e-03
2.848036e+05 1.233884e-03
3.511192e+05 5.673087e-04
4.328761e+05 2.652752e-04
5.336699e+05 1.268022e-04
6.579332e+05 6.196861e-05
8.111308e+05 3.087431e-05
1.000000e+06 1.561817e-05
1.232847e+06 7.988797e-06
1.519911e+06 4.117457e-06
1.873817e+06 2.132610e-06
2.310130e+06 1.107924e-06
2.848036e+06 5.766107e-07
3.511192e+06 3.003926e-07
4.328761e+06 1.565760e-07
5.336699e+06 8.163433e-08
6.579332e+06 4.256659e-08
8.111308e+06 2.219633e-08
1.000000e+07 1.157434e-08
