1.000000e-02 1.227240e-02
1.232847e-02 1.290921e-02
1.519911e-02 1.357907e-02
1.873817e-02 1.428369e-02
2.310130e-02 1.502487e-02
2.848036e-02 1.580451e-02
3.511192e-02 1.662460e-02
4.328761e-02 1.748725e-02
5.336699e-02 1.839466e-02
6.579332e-02 1.934916e-02
8.111308e-02 2.035319e-02
1.000000e-01 2.140931e-02
1.232847e-01 2.252024e-02
1.519911e-01 2.368881e-02
1.873817e-01 2.491803e-02
2.310130e-01 2.621102e-02
2.848036e-01 2.757111e-02
3.511192e-01 2.900178e-02
4.328761e-01 3.050670e-02
5.336699e-01 3.208976e-02
6.579332e-01 3.375506e-02
8.111308e-01 3.550700e-02
1.000000e+00 3.735027e-02
1.232847e+00 3.928999e-02
1.519911e+00 4.133176e-02
1.873817e+00 4.348177e-02
2.310130e+00 4.574697e-02
2.848036e+00 4.813520e-02
3.511192e+00 5.065533e-02
4.328761e+00 5.331748e-02
5.336699e+00 5.613309e-02
6.579332e+00 5.911505e-02
8.111308e+00 6.227770e-02
1.000000e+01 6.563671e-02
1.232847e+01 6.920881e-02
1.519911e+01 7.301122e-02
1.873817e+01 7.706075e-02
2.310130e+01 8.137250e-02
2.848036e+01 8.595786e-02
3.511192e+01 9.082190e-02
4.328761e+01 9.595983e-02
5.336699e+01 1.013525e-01
6.579332e+01 1.069609e-01
8.111308e+01 1.127199e-01
1.000000e+02 1.185312e-01
1.232847e+02 1.242576e-01
1.519911e+02 1.297173e-01
1.873817e+02 1.346838e-01
2.310130e+02 1.388902e-01
2.848036e+02 1.420425e-01
3.511192e+02 1.438434e-01
4.328761e+02 1.440250e-01
5.336699e+02 1.423899e-01
6.579332e+02 1.388508e-01
8.111308e+02 1.334627e-01
1.000000e+03 1.264336e-01
1.232847e+03 1.181100e-01
1.519911e+03 1.089340e-01
1.873817e+03 9.938042e-02
2.310130e+03 8.988754e-02
2.848036e+03 8.079481e-02
3.511192e+03 7.229803e-02
4.328761e+03 6.442425e-02
5.336699e+03 5.702548e-02
6.579332e+03 4.979568e-02
8.111308e+03 4.233460e-02
1.000000e+04 3.430528e-02
1.232847e+04 2.571363e-02
1.519911e+04 1.718715e-02
1.873817e+04 9.882797e-03
2.310130e+04 4.780388e-03
2.848036e+04 1.951933e-03
3.511192e+04 6.933059e-04
4.328761e+04 2.235858e-04
5.336699e+04 6.808572e-05
6.579332e+04 2.012250e-05
8.111308e+04 5.864441e-06
1.000000e+05 1.698883e-06
1.232847e+05 4.909754e-07
1.519911e+05 1.417636e-07
1.873817e+05 4.091944e-08
2.310130e+05 1.180990e-08
2.848036e+05 3.408371e-09
3.511192e+05 9.836538e-10
4.328761e+05 2.838808e-10
5.336699e+05 8.192740e-11
6.579332e+05 2.364407e-11
8.111308e+05 6.823626e-12
1.000000e+06 1.969283e-12
1.232847e+06 5.683308e-13
1.519911e+06 1.640190e-13
1.873817e+06 4.733552e-14
2.310130e+06 1.366092e-14
2.848036e+06 3.942512e-15
3.511192e+06 1.137800e-15
4.328761e+06 3.283666e-16
5.336699e+06 9.476588e-17
6.579332e+06 2.734922e-17
8.111308e+06 7.892924e-18
1.000000e+07 2.277880e-18
