1.000000e-02 8.293572e-03
1.232847e-02 8.734666e-03
1.519911e-02 9.199220e-03
1.873817e-02 9.688480e-03
2.310130e-02 1.020376e-02
2.848036e-02 1.074645e-02
3.511192e-02 1.131800e-02
4.328761e-02 1.191995e-02
5.336699e-02 1.255391e-02
6.579332e-02 1.322159e-02
8.111308e-02 1.392478e-02
1.000000e-01 1.466537e-02
1.232847e-01 1.544535e-02
1.519911e-01 1.626681e-02
1.873817e-01 1.713196e-02
2.310130e-01 1.804313e-02
2.848036e-01 1.900275e-02
3.511192e-01 2.001341e-02
4.328761e-01 2.107782e-02
5.336699e-01 2.219883e-02
6.579332e-01 2.337944e-02
8.111308e-01 2.462281e-02
1.000000e+00 2.593221e-02
1.232847e+00 2.731109e-02
1.519911e+00 2.876303e-02
1.873817e+00 3.029170e-02
2.310130e+00 3.190090e-02
2.848036e+00 3.359447e-02
3.511192e+00 3.537628e-02
4.328761e+00 3.725019e-02
5.336699e+00 3.921995e-02
6.579332e+00 4.128917e-02
8.111308e+00 4.346122e-02
1.000000e+01 4.573914e-02
1.232847e+01 4.812555e-02
1.519911e+01 5.062255e-02
1.873817e+01 5.323162e-02
2.310130e+01 5.595356e-02
2.848036e+01 5.878838e-02
3.511192e+01 6.173532e-02
4.328761e+01 6.479283e-02
5.336699e+01 6.795867e-02
6.579332e+01 7.123004e-02
8.111308e+01 7.460383e-02
1.000000e+02 7.807700e-02
1.232847e+02 8.164697e-02
1.519911e+02 8.531228e-02
1.873817e+02 8.907315e-02
2.310130e+02 9.293226e-02
2.848036e+02 9.689535e-02
3.511192e+02 1.009718e-01
4.328761e+02 1.051748e-01
5.336699e+02 1.095209e-01
6.579332e+02 1.140289e-01
8.111308e+02 1.187169e-01
1.000000e+03 1.235975e-01
1.232847e+03 1.286691e-01
1.519911e+03 1.339037e-01
1.873817e+03 1.392280e-01
2.310130e+03 1.444960e-01
2.848036e+03 1.494545e-01
3.511192e+03 1.537000e-01
4.328761e+03 1.566372e-01
5.336699e+03 1.574562e-01
6.579332e+03 1.551645e-01
8.111308e+03 1.487245e-01
1.000000e+04 1.373416e-01
1.232847e+04 1.208865e-01
1.519911e+04 1.002975e-01
1.873817e+04 7.766674e-02
2.310130e+04 5.575395e-02
2.848036e+04 3.704066e-02
3.511192e+04 2.287843e-02
4.328761e+04 1.327835e-02
5.336699e+04 7.351993e-03
6.579332e+04 3.950232e-03
8.111308e+04 2.093580e-03
1.000000e+05 1.109353e-03
1.232847e+05 5.933369e-04
1.519911e+05 3.220504e-04
1.873817e+05 1.777167e-04
2.310130e+05 9.962997e-05
2.848036e+05 5.661623e-05
3.511192e+05 3.252126e-05
4.328761e+05 1.883146e-05
5.336699e+05 1.096681e-05
6.579332e+05 6.411638e-06
8.111308e+05 3.758159e-06
1.000000e+06 2.206478e-06
1.232847e+06 1.296806e-06
1.519911e+06 7.626557e-07
1.873817e+06 4.486933e-07
2.310130e+06 2.640401e-07
2.848036e+06 1.553987e-07
3.511192e+06 9.146543e-08
4.328761e+06 5.383736e-08
5.336699e+06 3.168977e-08
6.579332e+06 1.865341e-08
8.111308e+06 1.097991e-08
1.000000e+07 6.463077e-09
