1.000000e-02 6.556077e-03
1.232847e-02 6.921847e-03
1.519911e-02 7.308024e-03
1.873817e-02 7.715745e-03
2.310130e-02 8.146215e-03
2.848036e-02 8.600700e-03
3.511192e-02 9.080542e-03
4.328761e-02 9.587154e-03
5.336699e-02 1.012203e-02
6.579332e-02 1.068675e-02
8.111308e-02 1.128297e-02
1.000000e-01 1.191246e-02
1.232847e-01 1.257707e-02
1.519911e-01 1.327876e-02
1.873817e-01 1.401959e-02
2.310130e-01 1.480176e-02
2.848036e-01 1.562756e-02
3.511192e-01 1.649944e-02
4.328761e-01 1.741996e-02
5.336699e-01 1.839184e-02
6.579332e-01 1.941794e-02
8.111308e-01 2.050130e-02
1.000000e+00 2.164510e-02
1.232847e+00 2.285273e-02
1.519911e+00 2.412777e-02
1.873817e+00 2.547398e-02
2.310130e+00 2.689538e-02
2.848036e+00 2.839619e-02
3.511192e+00 2.998091e-02
4.328761e+00 3.165428e-02
5.336699e+00 3.342133e-02
6.579332e+00 3.528741e-02
8.111308e+00 3.725815e-02
1.000000e+01 3.933948e-02
1.232847e+01 4.153767e-02
1.519911e+01 4.385923e-02
1.873817e+01 4.631093e-02
2.310130e+01 4.889973e-02
2.848036e+01 5.163262e-02
3.511192e+01 5.451655e-02
4.328761e+01 5.755818e-02
5.336699e+01 6.076362e-02
6.579332e+01 6.413810e-02
8.111308e+01 6.768548e-02
1.000000e+02 7.140776e-02
1.232847e+02 7.530435e-02
1.519911e+02 7.937129e-02
1.873817e+02 8.360033e-02
2.310130e+02 8.797787e-02
2.848036e+02 9.248379e-02
3.511192e+02 9.709024e-02
4.328761e+02 1.017604e-01
5.336699e+02 1.064472e-01
6.579332e+02 1.110926e-01
8.111308e+02 1.156264e-01
1.000000e+03 1.199663e-01
1.232847e+03 1.240177e-01
1.519911e+03 1.276747e-01
1.873817e+03 1.308219e-01
2.310130e+03 1.333363e-01
2.848036e+03 1.350905e-01
3.511192e+03 1.359574e-01
4.328761e+03 1.358144e-01
5.336699e+03 1.345503e-01
6.579332e+03 1.320721e-01
8.111308e+03 1.283135e-01
1.000000e+04 1.232442e-01
1.232847e+04 1.168790e-01
1.519911e+04 1.092874e-01
1.873817e+04 1.006006e-01
2.310130e+04 9.101472e-02
2.848036e+04 8.078890e-02
3.511192e+04 7.023473e-02
4.328761e+04 5.969693e-02
5.336699e+04 4.952527e-02
6.579332e+04 4.004129e-02
8.111308e+04 3.150568e-02
1.000000e+05 2.409394e-02
1.232847e+05 1.788590e-02
1.519911e+05 1.287066e-02
1.873817e+05 8.964005e-03
2.310130e+05 6.032190e-03
2.848036e+05 3.915738e-03
3.511192e+05 2.449324e-03
4.328761e+05 1.476395e-03
5.336699e+05 8.591074e-04
6.579332e+05 4.843370e-04
8.111308e+05 2.658899e-04
1.000000e+06 1.429540e-04
1.232847e+06 7.568925e-05
1.519911e+06 3.965253e-05
1.873817e+06 2.062999e-05
2.310130e+06 1.068707e-05
2.848036e+06 5.522215e-06
3.511192e+06 2.849359e-06
4.328761e+06 1.469105e-06
5.336699e+06 7.571779e-07
6.579332e+06 3.901882e-07
8.111308e+06 2.010606e-07
1.000000e+07 1.036038e-07
