1.000000e-02 7.014772e-03
1.232847e-02 7.396112e-03
1.519911e-02 7.798182e-03
1.873817e-02 8.222110e-03
2.310130e-02 8.669084e-03
2.848036e-02 9.140356e-03
3.511192e-02 9.637248e-03
4.328761e-02 1.016115e-02
5.336699e-02 1.071354e-02
6.579332e-02 1.129595e-02
8.111308e-02 1.191003e-02
1.000000e-01 1.255748e-02
1.232847e-01 1.324014e-02
1.519911e-01 1.395990e-02
1.873817e-01 1.471880e-02
2.310130e-01 1.551895e-02
2.848036e-01 1.636260e-02
3.511192e-01 1.725211e-02
4.328761e-01 1.818997e-02
5.336699e-01 1.917883e-02
6.579332e-01 2.022145e-02
8.111308e-01 2.132077e-02
1.000000e+00 2.247988e-02
1.232847e+00 2.370207e-02
1.519911e+00 2.499082e-02
1.873817e+00 2.634983e-02
2.310130e+00 2.778305e-02
2.848036e+00 2.929468e-02
3.511192e+00 3.088927e-02
4.328761e+00 3.257167e-02
5.336699e+00 3.434715e-02
6.579332e+00 3.622137e-02
8.111308e+00 3.820052e-02
1.000000e+01 4.029126e-02
1.232847e+01 4.250083e-02
1.519911e+01 4.483706e-02
1.873817e+01 4.730837e-02
2.310130e+01 4.992378e-02
2.848036e+01 5.269283e-02
3.511192e+01 5.562550e-02
4.328761e+01 5.873203e-02
5.336699e+01 6.202268e-02
6.579332e+01 6.550733e-02
8.111308e+01 6.919501e-02
1.000000e+02 7.309316e-02
1.232847e+02 7.720678e-02
1.519911e+02 8.153729e-02
1.873817e+02 8.608109e-02
2.310130e+02 9.082795e-02
2.848036e+02 9.575895e-02
3.511192e+02 1.008443e-01
4.328761e+02 1.060409e-01
5.336699e+02 1.112900e-01
6.579332e+02 1.165144e-01
8.111308e+02 1.216169e-01
1.000000e+03 1.264791e-01
1.232847e+03 1.309607e-01
1.519911e+03 1.349018e-01
1.873817e+03 1.381261e-01
2.310130e+03 1.404470e-01
2.848036e+03 1.416772e-01
3.511192e+03 1.416401e-01
4.328761e+03 1.401846e-01
5.336699e+03 1.372009e-01
6.579332e+03 1.326365e-01
8.111308e+03 1.265095e-01
1.000000e+04 1.189187e-01
1.232847e+04 1.100453e-01
1.519911e+04 1.001479e-01
1.873817e+04 8.954746e-02
2.310130e+04 7.860407e-02
2.848036e+04 6.768844e-02
3.511192e+04 5.715074e-02
4.328761e+04 4.729225e-02
5.336699e+04 3.834395e-02
6.579332e+04 3.045485e-02
8.111308e+04 2.369112e-02
1.000000e+05 1.804495e-02
1.232847e+05 1.345018e-02
1.519911e+05 9.801263e-03
1.873817e+05 6.971877e-03
2.310130e+05 4.830381e-03
2.848036e+05 3.250659e-03
3.511192e+05 2.118262e-03
4.328761e+05 1.332800e-03
5.336699e+05 8.081943e-04
6.579332e+05 4.722726e-04
8.111308e+05 2.665244e-04
1.000000e+06 1.458868e-04
1.232847e+06 7.789420e-05
1.519911e+06 4.081682e-05
1.873817e+06 2.110691e-05
2.310130e+06 1.081964e-05
2.848036e+06 5.516238e-06
3.511192e+06 2.803479e-06
4.328761e+06 1.422336e-06
5.336699e+06 7.209973e-07
6.579332e+06 3.653438e-07
8.111308e+06 1.851032e-07
1.000000e+07 9.378126e-08
