1.000000e-02 1.305050e-02
1.232847e-02 1.373041e-02
1.519911e-02 1.444575e-02
1.873817e-02 1.519835e-02
2.310130e-02 1.599016e-02
2.848036e-02 1.682322e-02
3.511192e-02 1.769969e-02
4.328761e-02 1.862181e-02
5.336699e-02 1.959198e-02
6.579332e-02 2.061270e-02
8.111308e-02 2.168659e-02
1.000000e-01 2.281643e-02
1.232847e-01 2.400513e-02
1.519911e-01 2.525576e-02
1.873817e-01 2.657154e-02
2.310130e-01 2.795588e-02
2.848036e-01 2.941234e-02
3.511192e-01 3.094468e-02
4.328761e-01 3.255684e-02
5.336699e-01 3.425297e-02
6.579332e-01 3.603743e-02
8.111308e-01 3.791475e-02
1.000000e+00 3.988967e-02
1.232847e+00 4.196707e-02
1.519911e+00 4.415198e-02
1.873817e+00 4.644947e-02
2.310130e+00 4.886455e-02
2.848036e+00 5.140211e-02
3.511192e+00 5.406668e-02
4.328761e+00 5.686223e-02
5.336699e+00 5.979190e-02
6.579332e+00 6.285761e-02
8.111308e+00 6.605963e-02
1.000000e+01 6.939605e-02
1.232847e+01 7.286212e-02
1.519911e+01 7.644957e-02
1.873817e+01 8.014571e-02
2.310130e+01 8.393260e-02
2.848036e+01 8.778609e-02
3.511192e+01 9.167487e-02
4.328761e+01 9.555969e-02
5.336699e+01 9.939271e-02
6.579332e+01 1.031172e-01
8.111308e+01 1.066676e-01
1.000000e+02 1.099705e-01
1.232847e+02 1.129462e-01
1.519911e+02 1.155112e-01
1.873817e+02 1.175816e-01
2.310130e+02 1.190781e-01
2.848036e+02 1.199303e-01
3.511192e+02 1.200829e-01
4.328761e+02 1.195008e-01
5.336699e+02 1.181731e-01
6.579332e+02 1.161159e-01
8.111308e+02 1.133727e-01
1.000000e+03 1.100114e-01
1.232847e+03 1.061192e-01
1.519911e+03 1.017944e-01
1.873817e+03 9.713635e-02
2.310130e+03 9.223448e-02
2.848036e+03 8.715697e-02
3.511192e+03 8.194048e-02
4.328761e+03 7.658191e-02
5.336699e+03 7.103453e-02
6.579332e+03 6.521134e-02
8.111308e+03 5.900064e-02
1.000000e+04 5.229905e-02
1.232847e+04 4.506486e-02
1.519911e+04 3.738470e-02
1.873817e+04 2.952849e-02
2.310130e+04 2.194904e-02
2.848036e+04 1.518841e-02
3.511192e+04 9.704131e-03
4.328761e+04 5.702702e-03
5.336699e+04 3.087937e-03
6.579332e+04 1.552464e-03
8.111308e+04 7.335317e-04
1.000000e+05 3.304410e-04
1.232847e+05 1.439165e-04
1.519911e+05 6.131139e-05
1.873817e+05 2.577122e-05
2.310130e+05 1.074958e-05
2.848036e+05 4.465198e-06
3.511192e+05 1.850785e-06
4.328761e+05 7.663139e-07
5.336699e+05 3.171276e-07
6.579332e+05 1.312069e-07
8.111308e+05 5.427897e-08
1.000000e+06 2.245355e-08
1.232847e+06 9.288141e-09
1.519911e+06 3.842098e-09
1.873817e+06 1.589302e-09
2.310130e+06 6.574208e-10
2.848036e+06 2.719445e-10
3.511192e+06 1.124908e-10
4.328761e+06 4.653218e-11
5.336699e+06 1.924820e-11
6.579332e+06 7.962081e-12
8.111308e+06 3.293541e-12
1.000000e+07 1.362385e-12
