1.000000e-02 8.550270e-03
1.232847e-02 9.013625e-03
1.519911e-02 9.502089e-03
1.873817e-02 1.001702e-02
2.310130e-02 1.055987e-02
2.848036e-02 1.113212e-02
3.511192e-02 1.173539e-02
4.328761e-02 1.237136e-02
5.336699e-02 1.304178e-02
6.579332e-02 1.374854e-02
8.111308e-02 1.449360e-02
1.000000e-01 1.527903e-02
1.232847e-01 1.610703e-02
1.519911e-01 1.697990e-02
1.873817e-01 1.790007e-02
2.310130e-01 1.887011e-02
2.848036e-01 1.989271e-02
3.511192e-01 2.097073e-02
4.328761e-01 2.210717e-02
5.336699e-01 2.330519e-02
6.579332e-01 2.456811e-02
8.111308e-01 2.589943e-02
1.000000e+00 2.730283e-02
1.232847e+00 2.878215e-02
1.519911e+00 3.034137e-02
1.873817e+00 3.198467e-02
2.310130e+00 3.371631e-02
2.848036e+00 3.554069e-02
3.511192e+00 3.746225e-02
4.328761e+00 3.948545e-02
5.336699e+00 4.161466e-02
6.579332e+00 4.385412e-02
8.111308e+00 4.620782e-02
1.000000e+01 4.867934e-02
1.232847e+01 5.127172e-02
1.519911e+01 5.398726e-02
1.873817e+01 5.682730e-02
2.310130e+01 5.979197e-02
2.848036e+01 6.287988e-02
3.511192e+01 6.608780e-02
4.328761e+01 6.941029e-02
5.336699e+01 7.283931e-02
6.579332e+01 7.636376e-02
8.111308e+01 7.996908e-02
1.000000e+02 8.363680e-02
1.232847e+02 8.734413e-02
1.519911e+02 9.106361e-02
1.873817e+02 9.476285e-02
2.310130e+02 9.840437e-02
2.848036e+02 1.019456e-01
3.511192e+02 1.053393e-01
4.328761e+02 1.085337e-01
5.336699e+02 1.114734e-01
6.579332e+02 1.141004e-01
8.111308e+02 1.163552e-01
1.000000e+03 1.181782e-01
1.232847e+03 1.195114e-01
1.519911e+03 1.202995e-01
1.873817e+03 1.204922e-01
2.310130e+03 1.200444e-01
2.848036e+03 1.189186e-01
3.511192e+03 1.170847e-01
4.328761e+03 1.145216e-01
5.336699e+03 1.112180e-01
6.579332e+03 1.071740e-01
8.111308e+03 1.024020e-01
1.000000e+04 9.693015e-02
1.232847e+04 9.080414e-02
1.519911e+04 8.409096e-02
1.873817e+04 7.688162e-02
2.310130e+04 6.929342e-02
2.848036e+04 6.147008e-02
3.511192e+04 5.357903e-02
4.328761e+04 4.580464e-02
5.336699e+04 3.833711e-02
6.579332e+04 3.135764e-02
8.111308e+04 2.502176e-02
1.000000e+05 1.944433e-02
1.232847e+05 1.468951e-02
1.519911e+05 1.076832e-02
1.873817e+05 7.643865e-03
2.310130e+05 5.242119e-03
2.848036e+05 3.465020e-03
3.511192e+05 2.203069e-03
4.328761e+05 1.345883e-03
5.336699e+05 7.904870e-04
6.579332e+05 4.475689e-04
8.111308e+05 2.454392e-04
1.000000e+06 1.311462e-04
1.232847e+06 6.871289e-05
1.519911e+06 3.550451e-05
1.873817e+06 1.817652e-05
2.310130e+06 9.251472e-06
2.848036e+06 4.692510e-06
3.511192e+06 2.375474e-06
4.328761e+06 1.201283e-06
5.336699e+06 6.071854e-07
6.579332e+06 3.068337e-07
8.111308e+06 1.550433e-07
1.000000e+07 7.834248e-08
