1.000000e-02 4.858191e-03
1.232847e-02 5.163527e-03
1.519911e-02 5.488054e-03
1.873817e-02 5.832978e-03
2.310130e-02 6.199580e-03
2.848036e-02 6.589223e-03
3.511192e-02 7.003354e-03
4.328761e-02 7.443514e-03
5.336699e-02 7.911338e-03
6.579332e-02 8.408565e-03
8.111308e-02 8.937042e-03
1.000000e-01 9.498734e-03
1.232847e-01 1.009573e-02
1.519911e-01 1.073024e-02
1.873817e-01 1.140464e-02
2.310130e-01 1.212142e-02
2.848036e-01 1.288325e-02
3.511192e-01 1.369296e-02
4.328761e-01 1.455356e-02
5.336699e-01 1.546825e-02
6.579332e-01 1.644044e-02
8.111308e-01 1.747373e-02
1.000000e+00 1.857198e-02
1.232847e+00 1.973927e-02
1.519911e+00 2.097997e-02
1.873817e+00 2.229868e-02
2.310130e+00 2.370034e-02
2.848036e+00 2.519014e-02
3.511192e+00 2.677359e-02
4.328761e+00 2.845647e-02
5.336699e+00 3.024484e-02
6.579332e+00 3.214494e-02
8.111308e+00 3.416315e-02
1.000000e+01 3.630585e-02
1.232847e+01 3.857926e-02
1.519911e+01 4.098916e-02
1.873817e+01 4.354063e-02
2.310130e+01 4.623760e-02
2.848036e+01 4.908240e-02
3.511192e+01 5.207512e-02
4.328761e+01 5.521300e-02
5.336699e+01 5.848966e-02
6.579332e+01 6.189440e-02
8.111308e+01 6.541149e-02
1.000000e+02 6.901975e-02
1.232847e+02 7.269231e-02
1.519911e+02 7.639699e-02
1.873817e+02 8.009730e-02
2.310130e+02 8.375427e-02
2.848036e+02 8.732939e-02
3.511192e+02 9.078851e-02
4.328761e+02 9.410683e-02
5.336699e+02 9.727466e-02
6.579332e+02 1.003037e-01
8.111308e+02 1.032331e-01
1.000000e+03 1.061356e-01
1.232847e+03 1.091220e-01
1.519911e+03 1.123450e-01
1.873817e+03 1.160010e-01
2.310130e+03 1.203299e-01
2.848036e+03 1.256100e-01
3.511192e+03 1.321439e-01
4.328761e+03 1.402234e-01
5.336699e+03 1.500532e-01
6.579332e+03 1.615944e-01
8.111308e+03 1.742730e-01
1.000000e+04 1.865073e-01
1.232847e+04 1.951203e-01
1.519911e+04 1.950673e-01
1.873817e+04 1.805498e-01
2.310130e+04 1.486915e-01
2.848036e+04 1.044143e-01
3.511192e+04 6.040603e-02
4.328761e+04 2.843736e-02
5.336699e+04 1.108652e-02
6.579332e+04 3.730275e-03
8.111308e+04 1.137313e-03
1.000000e+05 3.274421e-04
1.232847e+05 9.153810e-05
1.519911e+05 2.524395e-05
1.873817e+05 6.921718e-06
2.310130e+05 1.893614e-06
2.848036e+05 5.176173e-07
3.511192e+05 1.414493e-07
4.328761e+05 3.865010e-08
5.336699e+05 1.056056e-08
6.579332e+05 2.885489e-09
8.111308e+05 7.884069e-10
1.000000e+06 2.154175e-10
1.232847e+06 5.885881e-11
1.519911e+06 1.608207e-11
1.873817e+06 4.394125e-12
2.310130e+06 1.200613e-12
2.848036e+06 3.280449e-13
3.511192e+06 8.963214e-14
4.328761e+06 2.449031e-14
5.336699e+06 6.691518e-15
6.579332e+06 1.828332e-15
8.111308e+06 4.995576e-16
1.000000e+07 1.364948e-16
