1.000000e-02 1.016252e-02
1.232847e-02 1.068489e-02
1.519911e-02 1.123410e-02
1.873817e-02 1.181155e-02
2.310130e-02 1.241867e-02
2.848036e-02 1.305701e-02
3.511192e-02 1.372815e-02
4.328761e-02 1.443379e-02
5.336699e-02 1.517571e-02
6.579332e-02 1.595575e-02
8.111308e-02 1.677590e-02
1.000000e-01 1.763820e-02
1.232847e-01 1.854482e-02
1.519911e-01 1.949804e-02
1.873817e-01 2.050026e-02
2.310130e-01 2.155400e-02
2.848036e-01 2.266190e-02
3.511192e-01 2.382675e-02
4.328761e-01 2.505148e-02
5.336699e-01 2.633918e-02
6.579332e-01 2.769311e-02
8.111308e-01 2.911674e-02
1.000000e+00 3.061373e-02
1.232847e+00 3.218801e-02
1.519911e+00 3.384383e-02
1.873817e+00 3.558579e-02
2.310130e+00 3.741892e-02
2.848036e+00 3.934878e-02
3.511192e+00 4.138151e-02
4.328761e+00 4.352398e-02
5.336699e+00 4.578385e-02
6.579332e+00 4.816969e-02
8.111308e+00 5.069101e-02
1.000000e+01 5.335837e-02
1.232847e+01 5.618329e-02
1.519911e+01 5.917826e-02
1.873817e+01 6.235648e-02
2.310130e+01 6.573159e-02
2.848036e+01 6.931718e-02
3.511192e+01 7.312604e-02
4.328761e+01 7.716924e-02
5.336699e+01 8.145481e-02
6.579332e+01 8.598609e-02
8.111308e+01 9.075973e-02
1.000000e+02 9.576328e-02
1.232847e+02 1.009725e-01
1.519911e+02 1.063487e-01
1.873817e+02 1.118358e-01
2.310130e+02 1.173583e-01
2.848036e+02 1.228201e-01
3.511192e+02 1.281046e-01
4.328761e+02 1.330777e-01
5.336699e+02 1.375918e-01
6.579332e+02 1.414935e-01
8.111308e+02 1.446315e-01
1.000000e+03 1.468645e-01
1.232847e+03 1.480666e-01
1.519911e+03 1.481250e-01
1.873817e+03 1.469287e-01
2.310130e+03 1.443449e-01
2.848036e+03 1.401839e-01
3.511192e+03 1.341613e-01
4.328761e+03 1.258794e-01
5.336699e+03 1.148691e-01
6.579332e+03 1.007521e-01
8.111308e+03 8.356879e-02
1.000000e+04 6.420560e-02
1.232847e+04 4.462024e-02
1.519911e+04 2.740819e-02
1.873817e+04 1.463520e-02
2.310130e+04 6.768975e-03
2.848036e+04 2.747114e-03
3.511192e+04 1.004585e-03
4.328761e+04 3.416501e-04
5.336699e+04 1.111307e-04
6.579332e+04 3.527597e-05
8.111308e+04 1.106227e-05
1.000000e+05 3.449759e-06
1.232847e+05 1.073240e-06
1.519911e+05 3.335690e-07
1.873817e+05 1.036366e-07
2.310130e+05 3.219444e-08
2.848036e+05 1.000062e-08
3.511192e+05 3.106460e-09
4.328761e+05 9.649436e-10
5.336699e+05 2.997348e-10
6.579332e+05 9.310482e-11
8.111308e+05 2.892058e-11
1.000000e+06 8.983424e-12
1.232847e+06 2.790466e-12
1.519911e+06 8.667855e-13
1.873817e+06 2.692443e-13
2.310130e+06 8.363370e-14
2.848036e+06 2.597862e-14
3.511192e+06 8.069581e-15
4.328761e+06 2.506605e-15
5.336699e+06 7.786113e-16
6.579332e+06 2.418553e-16
8.111308e+06 7.512602e-17
1.000000e+07 2.333594e-17
