1.000000e-02 1.083810e-02
1.232847e-02 1.142641e-02
1.519911e-02 1.204666e-02
1.873817e-02 1.270057e-02
2.310130e-02 1.338998e-02
2.848036e-02 1.411682e-02
3.511192e-02 1.488310e-02
4.328761e-02 1.569098e-02
5.336699e-02 1.654272e-02
6.579332e-02 1.744068e-02
8.111308e-02 1.838740e-02
1.000000e-01 1.938550e-02
1.232847e-01 2.043778e-02
1.519911e-01 2.154717e-02
1.873817e-01 2.271679e-02
2.310130e-01 2.394990e-02
2.848036e-01 2.524994e-02
3.511192e-01 2.662056e-02
4.328761e-01 2.806557e-02
5.336699e-01 2.958904e-02
6.579332e-01 3.119523e-02
8.111308e-01 3.288866e-02
1.000000e+00 3.467412e-02
1.232847e+00 3.655669e-02
1.519911e+00 3.854178e-02
1.873817e+00 4.063514e-02
2.310130e+00 4.284291e-02
2.848036e+00 4.517164e-02
3.511192e+00 4.762830e-02
4.328761e+00 5.022028e-02
5.336699e+00 5.295534e-02
6.579332e+00 5.584158e-02
8.111308e+00 5.888726e-02
1.000000e+01 6.210062e-02
1.232847e+01 6.548954e-02
1.519911e+01 6.906114e-02
1.873817e+01 7.282110e-02
2.310130e+01 7.677289e-02
2.848036e+01 8.091675e-02
3.511192e+01 8.524834e-02
4.328761e+01 8.975719e-02
5.336699e+01 9.442479e-02
6.579332e+01 9.922254e-02
8.111308e+01 1.041094e-01
1.000000e+02 1.090294e-01
1.232847e+02 1.139098e-01
1.519911e+02 1.186589e-01
1.873817e+02 1.231656e-01
2.310130e+02 1.272995e-01
2.848036e+02 1.309130e-01
3.511192e+02 1.338460e-01
4.328761e+02 1.359326e-01
5.336699e+02 1.370103e-01
6.579332e+02 1.369316e-01
8.111308e+02 1.355765e-01
1.000000e+03 1.328648e-01
1.232847e+03 1.287666e-01
1.519911e+03 1.233100e-01
1.873817e+03 1.165835e-01
2.310130e+03 1.087349e-01
2.848036e+03 9.996416e-02
3.511192e+03 9.051330e-02
4.328761e+03 8.065265e-02
5.336699e+03 7.066528e-02
6.579332e+03 6.083034e-02
8.111308e+03 5.140643e-02
1.000000e+04 4.261630e-02
1.232847e+04 3.463433e-02
1.519911e+04 2.757815e-02
1.873817e+04 2.150542e-02
2.310130e+04 1.641641e-02
2.848036e+04 1.226204e-02
3.511192e+04 8.956185e-03
4.328761e+04 6.390091e-03
5.336699e+04 4.446282e-03
6.579332e+04 3.009914e-03
8.111308e+04 1.976265e-03
1.000000e+05 1.254302e-03
1.232847e+05 7.672487e-04
1.519911e+05 4.516053e-04
1.873817e+05 2.559511e-04
2.310130e+05 1.401286e-04
2.848036e+05 7.450186e-05
3.511192e+05 3.870978e-05
4.328761e+05 1.977792e-05
5.336699e+05 9.989519e-06
6.579332e+05 5.008081e-06
8.111308e+05 2.499182e-06
1.000000e+06 1.243762e-06
1.232847e+06 6.180095e-07
1.519911e+06 3.068128e-07
1.873817e+06 1.522459e-07
2.310130e+06 7.552805e-08
2.848036e+06 3.746402e-08
3.511192e+06 1.858199e-08
4.328761e+06 9.216293e-09
5.336699e+06 4.571031e-09
6.579332e+06 2.267095e-09
8.111308e+06 1.124409e-09
1.000000e+07 5.576720e-10
