1.000000e-02 1.087499e-02
1.232847e-02 1.142046e-02
1.519911e-02 1.199329e-02
1.873817e-02 1.259484e-02
2.310130e-02 1.322658e-02
2.848036e-02 1.388999e-02
3.511192e-02 1.458669e-02
4.328761e-02 1.531832e-02
5.336699e-02 1.608666e-02
6.579332e-02 1.689353e-02
8.111308e-02 1.774088e-02
1.000000e-01 1.863072e-02
1.232847e-01 1.956520e-02
1.519911e-01 2.054655e-02
1.873817e-01 2.157712e-02
2.310130e-01 2.265938e-02
2.848036e-01 2.379593e-02
3.511192e-01 2.498949e-02
4.328761e-01 2.624292e-02
5.336699e-01 2.755923e-02
6.579332e-01 2.894161e-02
8.111308e-01 3.039340e-02
1.000000e+00 3.191819e-02
1.232847e+00 3.351977e-02
1.519911e+00 3.520224e-02
1.873817e+00 3.697003e-02
2.310130e+00 3.882798e-02
2.848036e+00 4.078143e-02
3.511192e+00 4.283629e-02
4.328761e+00 4.499917e-02
5.336699e+00 4.727746e-02
6.579332e+00 4.967950e-02
8.111308e+00 5.221463e-02
1.000000e+01 5.489328e-02
1.232847e+01 5.772710e-02
1.519911e+01 6.072886e-02
1.873817e+01 6.391245e-02
2.310130e+01 6.729269e-02
2.848036e+01 7.088494e-02
3.511192e+01 7.470460e-02
4.328761e+01 7.876626e-02
5.336699e+01 8.308258e-02
6.579332e+01 8.766269e-02
8.111308e+01 9.251011e-02
1.000000e+02 9.762005e-02
1.232847e+02 1.029761e-01
1.519911e+02 1.085462e-01
1.873817e+02 1.142781e-01
2.310130e+02 1.200943e-01
2.848036e+02 1.258871e-01
3.511192e+02 1.315141e-01
4.328761e+02 1.367957e-01
5.336699e+02 1.415145e-01
6.579332e+02 1.454192e-01
8.111308e+02 1.482340e-01
1.000000e+03 1.496740e-01
1.232847e+03 1.494665e-01
1.519911e+03 1.473783e-01
1.873817e+03 1.432444e-01
2.310130e+03 1.369975e-01
2.848036e+03 1.286903e-01
3.511192e+03 1.185096e-01
4.328761e+03 1.067761e-01
5.336699e+03 9.392787e-02
6.579332e+03 8.048831e-02
8.111308e+03 6.701975e-02
1.000000e+04 5.407093e-02
1.232847e+04 4.212612e-02
1.519911e+04 3.156408e-02
1.873817e+04 2.263220e-02
2.310130e+04 1.543710e-02
2.848036e+04 9.949114e-03
3.511192e+04 6.017689e-03
4.328761e+04 3.397296e-03
5.336699e+04 1.786346e-03
6.579332e+04 8.774110e-04
8.111308e+04 4.059741e-04
1.000000e+05 1.791346e-04
1.232847e+05 7.638538e-05
1.519911e+05 3.184760e-05
1.873817e+05 1.309853e-05
2.310130e+05 5.345894e-06
2.848036e+05 2.172865e-06
3.511192e+05 8.813312e-07
4.328761e+05 3.571116e-07
5.336699e+05 1.446308e-07
6.579332e+05 5.856286e-08
8.111308e+05 2.371052e-08
1.000000e+06 9.599337e-09
1.232847e+06 3.886272e-09
1.519911e+06 1.573337e-09
1.873817e+06 6.369551e-10
2.310130e+06 2.578667e-10
2.848036e+06 1.043954e-10
3.511192e+06 4.226370e-11
4.328761e+06 1.711014e-11
5.336699e+06 6.926911e-12
6.579332e+06 2.804307e-12
8.111308e+06 1.135303e-12
1.000000e+07 4.596187e-13
