1.000000e-02 1.006108e-02
1.232847e-02 1.060324e-02
1.519911e-02 1.117462e-02
1.873817e-02 1.177678e-02
2.310130e-02 1.241140e-02
2.848036e-02 1.308021e-02
3.511192e-02 1.378506e-02
4.328761e-02 1.452790e-02
5.336699e-02 1.531076e-02
6.579332e-02 1.613581e-02
8.111308e-02 1.700532e-02
1.000000e-01 1.792169e-02
1.232847e-01 1.888743e-02
1.519911e-01 1.990522e-02
1.873817e-01 2.097785e-02
2.310130e-01 2.210828e-02
2.848036e-01 2.329963e-02
3.511192e-01 2.455517e-02
4.328761e-01 2.587838e-02
5.336699e-01 2.727289e-02
6.579332e-01 2.874256e-02
8.111308e-01 3.029144e-02
1.000000e+00 3.192382e-02
1.232847e+00 3.364424e-02
1.519911e+00 3.545747e-02
1.873817e+00 3.736857e-02
2.310130e+00 3.938290e-02
2.848036e+00 4.150609e-02
3.511192e+00 4.374410e-02
4.328761e+00 4.610315e-02
5.336699e+00 4.858976e-02
6.579332e+00 5.121063e-02
8.111308e+00 5.397259e-02
1.000000e+01 5.688245e-02
1.232847e+01 5.994681e-02
1.519911e+01 6.317177e-02
1.873817e+01 6.656260e-02
2.310130e+01 7.012319e-02
2.848036e+01 7.385551e-02
3.511192e+01 7.775876e-02
4.328761e+01 8.182847e-02
5.336699e+01 8.605538e-02
6.579332e+01 9.042409e-02
8.111308e+01 9.491162e-02
1.000000e+02 9.948582e-02
1.232847e+02 1.041037e-01
1.519911e+02 1.087100e-01
1.873817e+02 1.132358e-01
2.310130e+02 1.175976e-01
2.848036e+02 1.216973e-01
3.511192e+02 1.254228e-01
4.328761e+02 1.286506e-01
5.336699e+02 1.312483e-01
6.579332e+02 1.330805e-01
8.111308e+02 1.340145e-01
1.000000e+03 1.339281e-01
1.232847e+03 1.327182e-01
1.519911e+03 1.303094e-01
1.873817e+03 1.266616e-01
2.310130e+03 1.217773e-01
2.848036e+03 1.157060e-01
3.511192e+03 1.085463e-01
4.328761e+03 1.004442e-01
5.336699e+03 9.158869e-02
6.579332e+03 8.220441e-02
8.111308e+03 7.254066e-02
1.000000e+04 6.285879e-02
1.232847e+04 5.341755e-02
1.519911e+04 4.445746e-02
1.873817e+04 3.618546e-02
2.310130e+04 2.876137e-02
2.848036e+04 2.228852e-02
3.511192e+04 1.681042e-02
4.328761e+04 1.231428e-02
5.336699e+04 8.740350e-03
6.579332e+04 5.994628e-03
8.111308e+04 3.961961e-03
1.000000e+05 2.517548e-03
1.232847e+05 1.536378e-03
1.519911e+05 9.012635e-04
1.873817e+05 5.098204e-04
2.310130e+05 2.795352e-04
2.848036e+05 1.494975e-04
3.511192e+05 7.847970e-05
4.328761e+05 4.066497e-05
5.336699e+05 2.088946e-05
6.579332e+05 1.067224e-05
8.111308e+05 5.434225e-06
1.000000e+06 2.761650e-06
1.232847e+06 1.401888e-06
1.519911e+06 7.111918e-07
1.873817e+06 3.606719e-07
2.310130e+06 1.828769e-07
2.848036e+06 9.271805e-08
3.511192e+06 4.700552e-08
4.328761e+06 2.382996e-08
5.336699e+06 1.208073e-08
6.579332e+06 6.124363e-09
8.111308e+06 3.104761e-09
1.000000e+07 1.573966e-09
