1.000000e-02 1.946320e-02
1.232847e-02 2.034822e-02
1.519911e-02 2.127348e-02
1.873817e-02 2.224082e-02
2.310130e-02 2.325214e-02
2.848036e-02 2.430945e-02
3.511192e-02 2.541484e-02
4.328761e-02 2.657049e-02
5.336699e-02 2.777870e-02
6.579332e-02 2.904184e-02
8.111308e-02 3.036241e-02
1.000000e-01 3.174304e-02
1.232847e-01 3.318644e-02
1.519911e-01 3.469548e-02
1.873817e-01 3.627314e-02
2.310130e-01 3.792253e-02
2.848036e-01 3.964692e-02
3.511192e-01 4.144971e-02
4.328761e-01 4.333443e-02
5.336699e-01 4.530472e-02
6.579332e-01 4.736433e-02
8.111308e-01 4.951697e-02
1.000000e+00 5.176628e-02
1.232847e+00 5.411561e-02
1.519911e+00 5.656781e-02
1.873817e+00 5.912498e-02
2.310130e+00 6.178800e-02
2.848036e+00 6.455619e-02
3.511192e+00 6.742670e-02
4.328761e+00 7.039394e-02
5.336699e+00 7.344894e-02
6.579332e+00 7.657863e-02
8.111308e+00 7.976518e-02
1.000000e+01 8.298534e-02
1.232847e+01 8.620992e-02
1.519911e+01 8.940344e-02
1.873817e+01 9.252404e-02
2.310130e+01 9.552370e-02
2.848036e+01 9.834897e-02
3.511192e+01 1.009421e-01
4.328761e+01 1.032426e-01
5.336699e+01 1.051898e-01
6.579332e+01 1.067249e-01
8.111308e+01 1.077944e-01
1.000000e+02 1.083532e-01
1.232847e+02 1.083672e-01
1.519911e+02 1.078163e-01
1.873817e+02 1.066966e-01
2.310130e+02 1.050209e-01
2.848036e+02 1.028193e-01
3.511192e+02 1.001382e-01
4.328761e+02 9.703768e-02
5.336699e+02 9.358901e-02
6.579332e+02 8.987056e-02
8.111308e+02 8.596381e-02
1.000000e+03 8.194910e-02
1.232847e+03 7.790156e-02
1.519911e+03 7.388742e-02
1.873817e+03 6.996086e-02
2.310130e+03 6.616128e-02
2.848036e+03 6.251122e-02
3.511192e+03 5.901466e-02
4.328761e+03 5.565558e-02
5.336699e+03 5.239701e-02
6.579332e+03 4.918058e-02
8.111308e+03 4.592769e-02
1.000000e+04 4.254349e-02
1.232847e+04 3.892615e-02
1.519911e+04 3.498377e-02
1.873817e+04 3.066077e-02
2.310130e+04 2.597197e-02
2.848036e+04 2.103613e-02
3.511192e+04 1.609165e-02
4.328761e+04 1.147130e-02
5.336699e+04 7.522239e-03
6.579332e+04 4.490125e-03
8.111308e+04 2.427758e-03
1.000000e+05 1.192927e-03
1.232847e+05 5.391502e-04
1.519911e+05 2.282160e-04
1.873817e+05 9.225005e-05
2.310130e+05 3.621170e-05
2.848036e+05 1.397354e-05
3.511192e+05 5.342560e-06
4.328761e+05 2.033078e-06
5.336699e+05 7.719274e-07
6.579332e+05 2.927831e-07
8.111308e+05 1.109977e-07
1.000000e+06 4.207215e-08
1.232847e+06 1.594553e-08
1.519911e+06 6.043211e-09
1.873817e+06 2.290290e-09
2.310130e+06 8.679822e-10
2.848036e+06 3.289502e-10
3.511192e+06 1.246663e-10
4.328761e+06 4.724631e-11
5.336699e+06 1.790551e-11
6.579332e+06 6.785867e-12
8.111308e+06 2.571722e-12
1.000000e+07 9.746368e-13
