1.000000e-02 1.257455e-02
1.232847e-02 1.324574e-02
1.519911e-02 1.395275e-02
1.873817e-02 1.469749e-02
2.310130e-02 1.548199e-02
2.848036e-02 1.630836e-02
3.511192e-02 1.717884e-02
4.328761e-02 1.809578e-02
5.336699e-02 1.906167e-02
6.579332e-02 2.007911e-02
8.111308e-02 2.115086e-02
1.000000e-01 2.227981e-02
1.232847e-01 2.346903e-02
1.519911e-01 2.472172e-02
1.873817e-01 2.604127e-02
2.310130e-01 2.743126e-02
2.848036e-01 2.889544e-02
3.511192e-01 3.043777e-02
4.328761e-01 3.206242e-02
5.336699e-01 3.377380e-02
6.579332e-01 3.557652e-02
8.111308e-01 3.747546e-02
1.000000e+00 3.947575e-02
1.232847e+00 4.158276e-02
1.519911e+00 4.380216e-02
1.873817e+00 4.613982e-02
2.310130e+00 4.860187e-02
2.848036e+00 5.119458e-02
3.511192e+00 5.392435e-02
4.328761e+00 5.679752e-02
5.336699e+00 5.982024e-02
6.579332e+00 6.299820e-02
8.111308e+00 6.633627e-02
1.000000e+01 6.983811e-02
1.232847e+01 7.350551e-02
1.519911e+01 7.733772e-02
1.873817e+01 8.133046e-02
2.310130e+01 8.547492e-02
2.848036e+01 8.975637e-02
3.511192e+01 9.415274e-02
4.328761e+01 9.863299e-02
5.336699e+01 1.031554e-01
6.579332e+01 1.076660e-01
8.111308e+01 1.120970e-01
1.000000e+02 1.163658e-01
1.232847e+02 1.203748e-01
1.519911e+02 1.240121e-01
1.873817e+02 1.271534e-01
2.310130e+02 1.296659e-01
2.848036e+02 1.314134e-01
3.511192e+02 1.322641e-01
4.328761e+02 1.320986e-01
5.336699e+02 1.308197e-01
6.579332e+02 1.283616e-01
8.111308e+02 1.246986e-01
1.000000e+03 1.198505e-01
1.232847e+03 1.138859e-01
1.519911e+03 1.069211e-01
1.873817e+03 9.911427e-02
2.310130e+03 9.065786e-02
2.848036e+03 8.176698e-02
3.511192e+03 7.266760e-02
4.328761e+03 6.358469e-02
5.336699e+03 5.473129e-02
6.579332e+03 4.629917e-02
8.111308e+03 3.845118e-02
1.000000e+04 3.131533e-02
1.232847e+04 2.498070e-02
1.519911e+04 1.949529e-02
1.873817e+04 1.486633e-02
2.310130e+04 1.106330e-02
2.848036e+04 8.024081e-03
3.511192e+04 5.663575e-03
4.328761e+04 3.883540e-03
5.336699e+04 2.582090e-03
6.579332e+04 1.661371e-03
8.111308e+04 1.032779e-03
1.000000e+05 6.198461e-04
1.232847e+05 3.594533e-04
1.519911e+05 2.019413e-04
1.873817e+05 1.103806e-04
2.310130e+05 5.901183e-05
2.848036e+05 3.102560e-05
3.511192e+05 1.611922e-05
4.328761e+05 8.308129e-06
5.336699e+05 4.260329e-06
6.579332e+05 2.177800e-06
8.111308e+05 1.111173e-06
1.000000e+06 5.663398e-07
1.232847e+06 2.884752e-07
1.519911e+06 1.468907e-07
1.873817e+06 7.478277e-08
2.310130e+06 3.806860e-08
2.848036e+06 1.937808e-08
3.511192e+06 9.863781e-09
4.328761e+06 5.020777e-09
5.336699e+06 2.555618e-09
6.579332e+06 1.300828e-09
8.111308e+06 6.621306e-10
1.000000e+07 3.370291e-10
