1.000000e-02 5.189472e-03
1.232847e-02 5.478502e-03
1.519911e-02 5.783629e-03
1.873817e-02 6.105751e-03
2.310130e-02 6.445814e-03
2.848036e-02 6.804816e-03
3.511192e-02 7.183814e-03
4.328761e-02 7.583919e-03
5.336699e-02 8.006309e-03
6.579332e-02 8.452224e-03
8.111308e-02 8.922975e-03
1.000000e-01 9.419944e-03
1.232847e-01 9.944592e-03
1.519911e-01 1.049846e-02
1.873817e-01 1.108318e-02
2.310130e-01 1.170046e-02
2.848036e-01 1.235212e-02
3.511192e-01 1.304008e-02
4.328761e-01 1.376635e-02
5.336699e-01 1.453307e-02
6.579332e-01 1.534250e-02
8.111308e-01 1.619699e-02
1.000000e+00 1.709908e-02
1.232847e+00 1.805138e-02
1.519911e+00 1.905670e-02
1.873817e+00 2.011797e-02
2.310130e+00 2.123827e-02
2.848036e+00 2.242089e-02
3.511192e+00 2.366924e-02
4.328761e+00 2.498696e-02
5.336699e+00 2.637786e-02
6.579332e+00 2.784599e-02
8.111308e+00 2.939560e-02
1.000000e+01 3.103122e-02
1.232847e+01 3.275761e-02
1.519911e+01 3.457987e-02
1.873817e+01 3.650336e-02
2.310130e+01 3.853382e-02
2.848036e+01 4.067730e-02
3.511192e+01 4.294027e-02
4.328761e+01 4.532952e-02
5.336699e+01 4.785226e-02
6.579332e+01 5.051599e-02
8.111308e+01 5.332855e-02
1.000000e+02 5.629795e-02
1.232847e+02 5.943233e-02
1.519911e+02 6.273969e-02
1.873817e+02 6.622776e-02
2.310130e+02 6.990356e-02
2.848036e+02 7.377308e-02
3.511192e+02 7.784072e-02
4.328761e+02 8.210862e-02
5.336699e+02 8.657589e-02
6.579332e+02 9.123762e-02
8.111308e+02 9.608369e-02
1.000000e+03 1.010974e-01
1.232847e+03 1.062538e-01
1.519911e+03 1.115177e-01
1.873817e+03 1.168414e-01
2.310130e+03 1.221619e-01
2.848036e+03 1.273978e-01
3.511192e+03 1.324459e-01
4.328761e+03 1.371772e-01
5.336699e+03 1.414329e-01
6.579332e+03 1.450216e-01
8.111308e+03 1.477173e-01
1.000000e+04 1.492615e-01
1.232847e+04 1.493707e-01
1.519911e+04 1.477523e-01
1.873817e+04 1.441318e-01
2.310130e+04 1.382918e-01
2.848036e+04 1.301225e-01
3.511192e+04 1.196753e-01
4.328761e+04 1.072088e-01
5.336699e+04 9.320911e-02
6.579332e+04 7.836715e-02
8.111308e+04 6.350279e-02
1.000000e+05 4.944489e-02
1.232847e+05 3.689649e-02
1.519911e+05 2.632689e-02
1.873817e+05 1.792459e-02
2.310130e+05 1.161935e-02
2.848036e+05 7.154061e-03
3.511192e+05 4.173628e-03
4.328761e+05 2.303151e-03
5.336699e+05 1.202380e-03
6.579332e+05 5.957082e-04
8.111308e+05 2.819144e-04
1.000000e+06 1.285860e-04
1.232847e+06 5.708094e-05
1.519911e+06 2.487883e-05
1.873817e+06 1.072001e-05
2.310130e+06 4.588429e-06
2.848036e+06 1.956817e-06
3.511192e+06 8.329576e-07
4.328761e+06 3.542453e-07
5.336699e+06 1.505953e-07
6.579332e+06 6.401039e-08
8.111308e+06 2.720624e-08
1.000000e+07 1.156334e-08
