1.000000e-02 1.252384e-02
1.232847e-02 1.316867e-02
1.519911e-02 1.384669e-02
1.873817e-02 1.455963e-02
2.310130e-02 1.530928e-02
2.848036e-02 1.609752e-02
3.511192e-02 1.692635e-02
4.328761e-02 1.779785e-02
5.336699e-02 1.871422e-02
6.579332e-02 1.967778e-02
8.111308e-02 2.069095e-02
1.000000e-01 2.175628e-02
1.232847e-01 2.287647e-02
1.519911e-01 2.405433e-02
1.873817e-01 2.529283e-02
2.310130e-01 2.659511e-02
2.848036e-01 2.796444e-02
3.511192e-01 2.940427e-02
4.328761e-01 3.091825e-02
5.336699e-01 3.251021e-02
6.579332e-01 3.418420e-02
8.111308e-01 3.594453e-02
1.000000e+00 3.779577e-02
1.232847e+00 3.974284e-02
1.519911e+00 4.179107e-02
1.873817e+00 4.394624e-02
2.310130e+00 4.621470e-02
2.848036e+00 4.860345e-02
3.511192e+00 5.112027e-02
4.328761e+00 5.377375e-02
5.336699e+00 5.657344e-02
6.579332e+00 5.952978e-02
8.111308e+00 6.265417e-02
1.000000e+01 6.595875e-02
1.232847e+01 6.945618e-02
1.519911e+01 7.315912e-02
1.873817e+01 7.707958e-02
2.310130e+01 8.122777e-02
2.848036e+01 8.561072e-02
3.511192e+01 9.023021e-02
4.328761e+01 9.508020e-02
5.336699e+01 1.001435e-01
6.579332e+01 1.053879e-01
8.111308e+01 1.107612e-01
1.000000e+02 1.161862e-01
1.232847e+02 1.215558e-01
1.519911e+02 1.267281e-01
1.873817e+02 1.315243e-01
2.310130e+02 1.357295e-01
2.848036e+02 1.390988e-01
3.511192e+02 1.413702e-01
4.328761e+02 1.422860e-01
5.336699e+02 1.416207e-01
6.579332e+02 1.392148e-01
8.111308e+02 1.350077e-01
1.000000e+03 1.290619e-01
1.232847e+03 1.215725e-01
1.519911e+03 1.128529e-01
1.873817e+03 1.032999e-01
2.310130e+03 9.334088e-02
2.848036e+03 8.337541e-02
3.511192e+03 7.372354e-02
4.328761e+03 6.459022e-02
5.336699e+03 5.605129e-02
6.579332e+03 4.806228e-02
8.111308e+03 4.049139e-02
1.000000e+04 3.318152e-02
1.232847e+04 2.604619e-02
1.519911e+04 1.918321e-02
1.873817e+04 1.293755e-02
2.310130e+04 7.802961e-03
2.848036e+04 4.141623e-03
3.511192e+04 1.931641e-03
4.328761e+04 8.037597e-04
5.336699e+04 3.064362e-04
6.579332e+04 1.101726e-04
8.111308e+04 3.824942e-05
1.000000e+05 1.303163e-05
1.232847e+05 4.398706e-06
1.519911e+05 1.478371e-06
1.873817e+05 4.959390e-07
2.310130e+05 1.662399e-07
2.848036e+05 5.570672e-08
3.511192e+05 1.866499e-08
4.328761e+05 6.253573e-09
5.336699e+05 2.095181e-09
6.579332e+05 7.019596e-10
8.111308e+05 2.351808e-10
1.000000e+06 7.879364e-11
1.232847e+06 2.639857e-11
1.519911e+06 8.844426e-12
1.873817e+06 2.963186e-12
2.310130e+06 9.927686e-13
2.848036e+06 3.326115e-13
3.511192e+06 1.114362e-13
4.328761e+06 3.733496e-14
5.336699e+06 1.250849e-14
6.579332e+06 4.190772e-15
8.111308e+06 1.404052e-15
1.000000e+07 4.704055e-16
