1.000000e-02 6.741966e-03
1.232847e-02 7.070104e-03
1.519911e-02 7.414212e-03
1.873817e-02 7.775068e-03
2.310130e-02 8.153488e-03
2.848036e-02 8.550326e-03
3.511192e-02 8.966478e-03
4.328761e-02 9.402884e-03
5.336699e-02 9.860531e-03
6.579332e-02 1.034045e-02
8.111308e-02 1.084373e-02
1.000000e-01 1.137150e-02
1.232847e-01 1.192497e-02
1.519911e-01 1.250537e-02
1.873817e-01 1.311401e-02
2.310130e-01 1.375228e-02
2.848036e-01 1.442162e-02
3.511192e-01 1.512353e-02
4.328761e-01 1.585960e-02
5.336699e-01 1.663150e-02
6.579332e-01 1.744094e-02
8.111308e-01 1.828976e-02
1.000000e+00 1.917983e-02
1.232847e+00 2.011312e-02
1.519911e+00 2.109166e-02
1.873817e+00 2.211755e-02
2.310130e+00 2.319293e-02
2.848036e+00 2.431999e-02
3.511192e+00 2.550097e-02
4.328761e+00 2.673810e-02
5.336699e+00 2.803366e-02
6.579332e+00 2.938989e-02
8.111308e+00 3.080907e-02
1.000000e+01 3.229343e-02
1.232847e+01 3.384520e-02
1.519911e+01 3.546662e-02
1.873817e+01 3.715991e-02
2.310130e+01 3.892732e-02
2.848036e+01 4.077115e-02
3.511192e+01 4.269380e-02
4.328761e+01 4.469780e-02
5.336699e+01 4.678587e-02
6.579332e+01 4.896103e-02
8.111308e+01 5.122669e-02
1.000000e+02 5.358674e-02
1.232847e+02 5.604573e-02
1.519911e+02 5.860902e-02
1.873817e+02 6.128303e-02
2.310130e+02 6.407540e-02
2.848036e+02 6.699536e-02
3.511192e+02 7.005400e-02
4.328761e+02 7.326464e-02
5.336699e+02 7.664324e-02
6.579332e+02 8.020877e-02
8.111308e+02 8.398361e-02
1.000000e+03 8.799382e-02
1.232847e+03 9.226925e-02
1.519911e+03 9.684324e-02
1.873817e+03 1.017518e-01
2.310130e+03 1.070317e-01
2.848036e+03 1.127171e-01
3.511192e+03 1.188337e-01
4.328761e+03 1.253893e-01
5.336699e+03 1.323594e-01
6.579332e+03 1.396659e-01
8.111308e+03 1.471471e-01
1.000000e+04 1.545178e-01
1.232847e+04 1.613223e-01
1.519911e+04 1.668870e-01
1.873817e+04 1.702913e-01
2.310130e+04 1.703910e-01
2.848036e+04 1.659439e-01
3.511192e+04 1.558845e-01
4.328761e+04 1.397484e-01
5.336699e+04 1.181369e-01
6.579332e+04 9.296717e-02
8.111308e+04 6.721999e-02
1.000000e+05 4.410654e-02
1.232847e+05 2.598898e-02
1.519911e+05 1.366112e-02
1.873817e+05 6.406146e-03
2.310130e+05 2.704324e-03
2.848036e+05 1.046354e-03
3.511192e+05 3.796707e-04
4.328761e+05 1.320889e-04
5.336699e+05 4.483308e-05
6.579332e+05 1.501795e-05
8.111308e+05 4.998198e-06
1.000000e+06 1.658553e-06
1.232847e+06 5.496536e-07
1.519911e+06 1.820621e-07
1.873817e+06 6.029197e-08
2.310130e+06 1.996479e-08
2.848036e+06 6.610845e-09
3.511192e+06 2.188994e-09
4.328761e+06 7.248209e-10
5.336699e+06 2.400027e-10
6.579332e+06 7.946968e-11
8.111308e+06 2.631399e-11
1.000000e+07 8.713086e-12
