1.000000e-02 1.363432e-02
1.232847e-02 1.431687e-02
1.519911e-02 1.503360e-02
1.873817e-02 1.578620e-02
2.310130e-02 1.657648e-02
2.848036e-02 1.740633e-02
3.511192e-02 1.827771e-02
4.328761e-02 1.919272e-02
5.336699e-02 2.015354e-02
6.579332e-02 2.116246e-02
8.111308e-02 2.222188e-02
1.000000e-01 2.333434e-02
1.232847e-01 2.450249e-02
1.519911e-01 2.572912e-02
1.873817e-01 2.701716e-02
2.310130e-01 2.836968e-02
2.848036e-01 2.978991e-02
3.511192e-01 3.128123e-02
4.328761e-01 3.284720e-02
5.336699e-01 3.449155e-02
6.579332e-01 3.621816e-02
8.111308e-01 3.803110e-02
1.000000e+00 3.993456e-02
1.232847e+00 4.193289e-02
1.519911e+00 4.403049e-02
1.873817e+00 4.623181e-02
2.310130e+00 4.854126e-02
2.848036e+00 5.096307e-02
3.511192e+00 5.350121e-02
4.328761e+00 5.615922e-02
5.336699e+00 5.893995e-02
6.579332e+00 6.184540e-02
8.111308e+00 6.487632e-02
1.000000e+01 6.803191e-02
1.232847e+01 7.130934e-02
1.519911e+01 7.470323e-02
1.873817e+01 7.820500e-02
2.310130e+01 8.180216e-02
2.848036e+01 8.547739e-02
3.511192e+01 8.920764e-02
4.328761e+01 9.296298e-02
5.336699e+01 9.670549e-02
6.579332e+01 1.003881e-01
8.111308e+01 1.039534e-01
1.000000e+02 1.073332e-01
1.232847e+02 1.104479e-01
1.519911e+02 1.132069e-01
1.873817e+02 1.155108e-01
2.310130e+02 1.172539e-01
2.848036e+02 1.183294e-01
3.511192e+02 1.186366e-01
4.328761e+02 1.180893e-01
5.336699e+02 1.166264e-01
6.579332e+02 1.142220e-01
8.111308e+02 1.108945e-01
1.000000e+03 1.067124e-01
1.232847e+03 1.017950e-01
1.519911e+03 9.630715e-02
1.873817e+03 9.044759e-02
2.310130e+03 8.443261e-02
2.848036e+03 7.847694e-02
3.511192e+03 7.277533e-02
4.328761e+03 6.748702e-02
5.336699e+03 6.272453e-02
6.579332e+03 5.854632e-02
8.111308e+03 5.495110e-02
1.000000e+04 5.187082e-02
1.232847e+04 4.915939e-02
1.519911e+04 4.657751e-02
1.873817e+04 4.378224e-02
2.310130e+04 4.034495e-02
2.848036e+04 3.583977e-02
3.511192e+04 3.003914e-02
4.328761e+04 2.317397e-02
5.336699e+04 1.605602e-02
6.579332e+04 9.803747e-03
8.111308e+04 5.237079e-03
1.000000e+05 2.466360e-03
1.232847e+05 1.045513e-03
1.519911e+05 4.100188e-04
1.873817e+05 1.527469e-04
2.310130e+05 5.518899e-05
2.848036e+05 1.961053e-05
3.511192e+05 6.909819e-06
4.328761e+05 2.424987e-06
5.336699e+05 8.495187e-07
6.579332e+05 2.973731e-07
8.111308e+05 1.040619e-07
1.000000e+06 3.641048e-08
1.232847e+06 1.273911e-08
1.519911e+06 4.457009e-09
1.873817e+06 1.559354e-09
2.310130e+06 5.455629e-10
2.848036e+06 1.908730e-10
3.511192e+06 6.677963e-11
4.328761e+06 2.336380e-11
5.336699e+06 8.174154e-12
6.579332e+06 2.859843e-12
8.111308e+06 1.000557e-12
1.000000e+07 3.500589e-13
