1.000000e-02 1.141124e-02
1.232847e-02 1.190395e-02
1.519911e-02 1.241794e-02
1.873817e-02 1.295412e-02
2.310130e-02 1.351345e-02
2.848036e-02 1.409694e-02
3.511192e-02 1.470561e-02
4.328761e-02 1.534057e-02
5.336699e-02 1.600294e-02
6.579332e-02 1.669392e-02
8.111308e-02 1.741473e-02
1.000000e-01 1.816666e-02
1.232847e-01 1.895106e-02
1.519911e-01 1.976932e-02
1.873817e-01 2.062292e-02
2.310130e-01 2.151338e-02
2.848036e-01 2.244228e-02
3.511192e-01 2.341129e-02
4.328761e-01 2.442216e-02
5.336699e-01 2.547671e-02
6.579332e-01 2.657687e-02
8.111308e-01 2.772470e-02
1.000000e+00 2.892244e-02
1.232847e+00 3.017253e-02
1.519911e+00 3.147773e-02
1.873817e+00 3.284121e-02
2.310130e+00 3.426667e-02
2.848036e+00 3.575850e-02
3.511192e+00 3.732202e-02
4.328761e+00 3.896367e-02
5.336699e+00 4.069132e-02
6.579332e+00 4.251458e-02
8.111308e+00 4.444512e-02
1.000000e+01 4.649705e-02
1.232847e+01 4.868735e-02
1.519911e+01 5.103620e-02
1.873817e+01 5.356737e-02
2.310130e+01 5.630859e-02
2.848036e+01 5.929168e-02
3.511192e+01 6.255270e-02
4.328761e+01 6.613169e-02
5.336699e+01 7.007205e-02
6.579332e+01 7.441933e-02
8.111308e+01 7.921904e-02
1.000000e+02 8.451333e-02
1.232847e+02 9.033585e-02
1.519911e+02 9.670452e-02
1.873817e+02 1.036117e-01
2.310130e+02 1.110114e-01
2.848036e+02 1.188046e-01
3.511192e+02 1.268226e-01
4.328761e+02 1.348130e-01
5.336699e+02 1.424320e-01
6.579332e+02 1.492494e-01
8.111308e+02 1.547740e-01
1.000000e+03 1.585032e-01
1.232847e+03 1.599967e-01
1.519911e+03 1.589620e-01
1.873817e+03 1.553295e-01
2.310130e+03 1.492924e-01
2.848036e+03 1.412879e-01
3.511192e+03 1.319180e-01
4.328761e+03 1.218265e-01
5.336699e+03 1.115655e-01
6.579332e+03 1.014810e-01
8.111308e+03 9.163955e-02
1.000000e+04 8.180780e-02
1.232847e+04 7.150913e-02
1.519911e+04 6.020963e-02
1.873817e+04 4.768441e-02
2.310130e+04 3.447673e-02
2.848036e+04 2.205415e-02
3.511192e+04 1.217870e-02
4.328761e+04 5.760034e-03
5.336699e+04 2.366151e-03
6.579332e+04 8.708372e-04
8.111308e+04 2.976665e-04
1.000000e+05 9.740655e-05
1.232847e+05 3.115000e-05
1.519911e+05 9.852054e-06
1.873817e+05 3.100692e-06
2.310130e+05 9.738624e-07
2.848036e+05 3.056205e-07
3.511192e+05 9.588110e-08
4.328761e+05 3.007698e-08
5.336699e+05 9.434475e-09
6.579332e+05 2.959342e-09
8.111308e+05 9.282620e-10
1.000000e+06 2.911691e-10
1.232847e+06 9.133132e-11
1.519911e+06 2.864799e-11
1.873817e+06 8.986042e-12
2.310130e+06 2.818661e-12
2.848036e+06 8.841320e-13
3.511192e+06 2.773265e-13
4.328761e+06 8.698929e-14
5.336699e+06 2.728601e-14
6.579332e+06 8.558831e-15
8.111308e+06 2.684657e-15
1.000000e+07 8.420989e-16
