1.000000e-02 7.070471e-03
1.232847e-02 7.462665e-03
1.519911e-02 7.876614e-03
1.873817e-02 8.313524e-03
2.310130e-02 8.774670e-03
2.848036e-02 9.261394e-03
3.511192e-02 9.775118e-03
4.328761e-02 1.031734e-02
5.336699e-02 1.088963e-02
6.579332e-02 1.149367e-02
8.111308e-02 1.213122e-02
1.000000e-01 1.280413e-02
1.232847e-01 1.351437e-02
1.519911e-01 1.426400e-02
1.873817e-01 1.505521e-02
2.310130e-01 1.589031e-02
2.848036e-01 1.677174e-02
3.511192e-01 1.770206e-02
4.328761e-01 1.868398e-02
5.336699e-01 1.972037e-02
6.579332e-01 2.081426e-02
8.111308e-01 2.196884e-02
1.000000e+00 2.318749e-02
1.232847e+00 2.447380e-02
1.519911e+00 2.583157e-02
1.873817e+00 2.726482e-02
2.310130e+00 2.877784e-02
2.848036e+00 3.037522e-02
3.511192e+00 3.206182e-02
4.328761e+00 3.384289e-02
5.336699e+00 3.572399e-02
6.579332e+00 3.771111e-02
8.111308e+00 3.981066e-02
1.000000e+01 4.202943e-02
1.232847e+01 4.437469e-02
1.519911e+01 4.685406e-02
1.873817e+01 4.947554e-02
2.310130e+01 5.224736e-02
2.848036e+01 5.517786e-02
3.511192e+01 5.827527e-02
4.328761e+01 6.154739e-02
5.336699e+01 6.500119e-02
6.579332e+01 6.864229e-02
8.111308e+01 7.247422e-02
1.000000e+02 7.649762e-02
1.232847e+02 8.070918e-02
1.519911e+02 8.510040e-02
1.873817e+02 8.965619e-02
2.310130e+02 9.435329e-02
2.848036e+02 9.915866e-02
3.511192e+02 1.040277e-01
4.328761e+02 1.089029e-01
5.336699e+02 1.137122e-01
6.579332e+02 1.183686e-01
8.111308e+02 1.227701e-01
1.000000e+03 1.268004e-01
1.232847e+03 1.303316e-01
1.519911e+03 1.332273e-01
1.873817e+03 1.353477e-01
2.310130e+03 1.365563e-01
2.848036e+03 1.367268e-01
3.511192e+03 1.357513e-01
4.328761e+03 1.335484e-01
5.336699e+03 1.300711e-01
6.579332e+03 1.253129e-01
8.111308e+03 1.193125e-01
1.000000e+04 1.121568e-01
1.232847e+04 1.039816e-01
1.519911e+04 9.496899e-02
1.873817e+04 8.534286e-02
2.310130e+04 7.536021e-02
2.848036e+04 6.529883e-02
3.511192e+04 5.544125e-02
4.328761e+04 4.605598e-02
5.336699e+04 3.737799e-02
6.579332e+04 2.959117e-02
8.111308e+04 2.281576e-02
1.000000e+05 1.710342e-02
1.232847e+05 1.244087e-02
1.519911e+05 8.760802e-03
1.873817e+05 5.957094e-03
2.310130e+05 3.900777e-03
2.848036e+05 2.454043e-03
3.511192e+05 1.481456e-03
4.328761e+05 8.586976e-04
5.336699e+05 4.793069e-04
6.579332e+05 2.589478e-04
8.111308e+05 1.362723e-04
1.000000e+06 7.031738e-05
1.232847e+06 3.578774e-05
1.519911e+06 1.804919e-05
1.873817e+06 9.051329e-06
2.310130e+06 4.523732e-06
2.848036e+06 2.256553e-06
3.511192e+06 1.124453e-06
4.328761e+06 5.600220e-07
5.336699e+06 2.788426e-07
6.579332e+06 1.388248e-07
8.111308e+06 6.911298e-08
1.000000e+07 3.440722e-08
