1.000000e-02 5.596017e-03
1.232847e-02 5.918333e-03
1.519911e-02 6.259213e-03
1.873817e-02 6.619727e-03
2.310130e-02 7.001006e-03
2.848036e-02 7.404246e-03
3.511192e-02 7.830711e-03
4.328761e-02 8.281739e-03
5.336699e-02 8.758745e-03
6.579332e-02 9.263226e-03
8.111308e-02 9.796764e-03
1.000000e-01 1.036103e-02
1.232847e-01 1.095780e-02
1.519911e-01 1.158894e-02
1.873817e-01 1.225643e-02
2.310130e-01 1.296237e-02
2.848036e-01 1.370897e-02
3.511192e-01 1.449857e-02
4.328761e-01 1.533365e-02
5.336699e-01 1.621683e-02
6.579332e-01 1.715087e-02
8.111308e-01 1.813871e-02
1.000000e+00 1.918343e-02
1.232847e+00 2.028832e-02
1.519911e+00 2.145681e-02
1.873817e+00 2.269255e-02
2.310130e+00 2.399939e-02
2.848036e+00 2.538137e-02
3.511192e+00 2.684274e-02
4.328761e+00 2.838797e-02
5.336699e+00 3.002174e-02
6.579332e+00 3.174894e-02
8.111308e+00 3.357466e-02
1.000000e+01 3.550415e-02
1.232847e+01 3.754283e-02
1.519911e+01 3.969621e-02
1.873817e+01 4.196988e-02
2.310130e+01 4.436937e-02
2.848036e+01 4.690008e-02
3.511192e+01 4.956713e-02
4.328761e+01 5.237521e-02
5.336699e+01 5.532831e-02
6.579332e+01 5.842952e-02
8.111308e+01 6.168070e-02
1.000000e+02 6.508209e-02
1.232847e+02 6.863196e-02
1.519911e+02 7.232612e-02
1.873817e+02 7.615751e-02
2.310130e+02 8.011566e-02
2.848036e+02 8.418629e-02
3.511192e+02 8.835088e-02
4.328761e+02 9.258631e-02
5.336699e+02 9.686471e-02
6.579332e+02 1.011533e-01
8.111308e+02 1.054145e-01
1.000000e+03 1.096061e-01
1.232847e+03 1.136816e-01
1.519911e+03 1.175903e-01
1.873817e+03 1.212778e-01
2.310130e+03 1.246851e-01
2.848036e+03 1.277485e-01
3.511192e+03 1.303972e-01
4.328761e+03 1.325514e-01
5.336699e+03 1.341181e-01
6.579332e+03 1.349870e-01
8.111308e+03 1.350259e-01
1.000000e+04 1.340779e-01
1.232847e+04 1.319622e-01
1.519911e+04 1.284829e-01
1.873817e+04 1.234484e-01
2.310130e+04 1.167063e-01
2.848036e+04 1.081916e-01
3.511192e+04 9.798178e-02
4.328761e+04 8.634387e-02
5.336699e+04 7.375003e-02
6.579332e+04 6.084297e-02
8.111308e+04 4.834502e-02
1.000000e+05 3.693032e-02
1.232847e+05 2.710136e-02
1.519911e+05 1.911381e-02
1.873817e+05 1.297257e-02
2.310130e+05 8.489237e-03
2.848036e+05 5.368345e-03
3.511192e+05 3.288014e-03
4.328761e+05 1.955052e-03
5.336699e+05 1.131400e-03
6.579332e+05 6.391441e-04
8.111308e+05 3.536931e-04
1.000000e+06 1.924782e-04
1.232847e+06 1.034084e-04
1.519911e+06 5.504130e-05
1.873817e+06 2.911090e-05
2.310130e+06 1.533308e-05
2.848036e+06 8.055655e-06
3.511192e+06 4.226020e-06
4.328761e+06 2.215200e-06
5.336699e+06 1.160698e-06
6.579332e+06 6.080630e-07
8.111308e+06 3.185308e-07
1.000000e+07 1.668589e-07
