1.000000e-02 1.528913e-02
1.232847e-02 1.620136e-02
1.519911e-02 1.716802e-02
1.873817e-02 1.819235e-02
2.310130e-02 1.927780e-02
2.848036e-02 2.042802e-02
3.511192e-02 2.164686e-02
4.328761e-02 2.293842e-02
5.336699e-02 2.430705e-02
6.579332e-02 2.575734e-02
8.111308e-02 2.729415e-02
1.000000e-01 2.892267e-02
1.232847e-01 3.064834e-02
1.519911e-01 3.247699e-02
1.873817e-01 3.441473e-02
2.310130e-01 3.646809e-02
2.848036e-01 3.864396e-02
3.511192e-01 4.094961e-02
4.328761e-01 4.339271e-02
5.336699e-01 4.598125e-02
6.579332e-01 4.872345e-02
8.111308e-01 5.162752e-02
1.000000e+00 5.470129e-02
1.232847e+00 5.795163e-02
1.519911e+00 6.138366e-02
1.873817e+00 6.499955e-02
2.310130e+00 6.879710e-02
2.848036e+00 7.276784e-02
3.511192e+00 7.689487e-02
4.328761e+00 8.115046e-02
5.336699e+00 8.549348e-02
6.579332e+00 8.986713e-02
8.111308e+00 9.419720e-02
1.000000e+01 9.839146e-02
1.232847e+01 1.023407e-01
1.519911e+01 1.059222e-01
1.873817e+01 1.090053e-01
2.310130e+01 1.114602e-01
2.848036e+01 1.131689e-01
3.511192e+01 1.140367e-01
4.328761e+01 1.140037e-01
5.336699e+01 1.130539e-01
6.579332e+01 1.112194e-01
8.111308e+01 1.085801e-01
1.000000e+02 1.052573e-01
1.232847e+02 1.014024e-01
1.519911e+02 9.718342e-02
1.873817e+02 9.277010e-02
2.310130e+02 8.832128e-02
2.848036e+02 8.397466e-02
3.511192e+02 7.984056e-02
4.328761e+02 7.599909e-02
5.336699e+02 7.250029e-02
6.579332e+02 6.936608e-02
8.111308e+02 6.659324e-02
1.000000e+03 6.415658e-02
1.232847e+03 6.201196e-02
1.519911e+03 6.009902e-02
1.873817e+03 5.834386e-02
2.310130e+03 5.666207e-02
2.848036e+03 5.496271e-02
3.511192e+03 5.315356e-02
4.328761e+03 5.114798e-02
5.336699e+03 4.887286e-02
6.579332e+03 4.627701e-02
8.111308e+03 4.333844e-02
1.000000e+04 4.006905e-02
1.232847e+04 3.651524e-02
1.519911e+04 3.275389e-02
1.873817e+04 2.888416e-02
2.310130e+04 2.501641e-02
2.848036e+04 2.126047e-02
3.511192e+04 1.771502e-02
4.328761e+04 1.445975e-02
5.336699e+04 1.155077e-02
6.579332e+04 9.019586e-03
8.111308e+04 6.874747e-03
1.000000e+05 5.105550e-03
1.232847e+05 3.686589e-03
1.519911e+05 2.582298e-03
1.873817e+05 1.750863e-03
2.310130e+05 1.147373e-03
2.848036e+05 7.265008e-04
3.511192e+05 4.450867e-04
4.328761e+05 2.646600e-04
5.336699e+05 1.534321e-04
6.579332e+05 8.716844e-05
8.111308e+05 4.877575e-05
1.000000e+06 2.699952e-05
1.232847e+06 1.483643e-05
1.519911e+06 8.114105e-06
1.873817e+06 4.424505e-06
2.310130e+06 2.408321e-06
2.848036e+06 1.309529e-06
3.511192e+06 7.116487e-07
4.328761e+06 3.866200e-07
5.336699e+06 2.100092e-07
6.579332e+06 1.140681e-07
8.111308e+06 6.195561e-08
1.000000e+07 3.365079e-08
