1.000000e-02 5.052674e-03
1.232847e-02 5.392260e-03
1.519911e-02 5.754670e-03
1.873817e-02 6.141436e-03
2.310130e-02 6.554198e-03
2.848036e-02 6.994700e-03
3.511192e-02 7.464808e-03
4.328761e-02 7.966512e-03
5.336699e-02 8.501935e-03
6.579332e-02 9.073344e-03
8.111308e-02 9.683156e-03
1.000000e-01 1.033395e-02
1.232847e-01 1.102849e-02
1.519911e-01 1.176971e-02
1.873817e-01 1.256074e-02
2.310130e-01 1.340494e-02
2.848036e-01 1.430587e-02
3.511192e-01 1.526736e-02
4.328761e-01 1.629348e-02
5.336699e-01 1.738858e-02
6.579332e-01 1.855733e-02
8.111308e-01 1.980472e-02
1.000000e+00 2.113615e-02
1.232847e+00 2.255743e-02
1.519911e+00 2.407487e-02
1.873817e+00 2.569533e-02
2.310130e+00 2.742631e-02
2.848036e+00 2.927604e-02
3.511192e+00 3.125350e-02
4.328761e+00 3.336846e-02
5.336699e+00 3.563151e-02
6.579332e+00 3.805390e-02
8.111308e+00 4.064736e-02
1.000000e+01 4.342371e-02
1.232847e+01 4.639421e-02
1.519911e+01 4.956864e-02
1.873817e+01 5.295401e-02
2.310130e+01 5.655277e-02
2.848036e+01 6.036053e-02
3.511192e+01 6.436324e-02
4.328761e+01 6.853396e-02
5.336699e+01 7.282930e-02
6.579332e+01 7.718609e-02
8.111308e+01 8.151869e-02
1.000000e+02 8.571816e-02
1.232847e+02 8.965396e-02
1.519911e+02 9.317978e-02
1.873817e+02 9.614396e-02
2.310130e+02 9.840486e-02
2.848036e+02 9.985016e-02
3.511192e+02 1.004176e-01
4.328761e+02 1.001138e-01
5.336699e+02 9.902673e-02
6.579332e+02 9.733023e-02
8.111308e+02 9.527803e-02
1.000000e+03 9.319176e-02
1.232847e+03 9.144746e-02
1.519911e+03 9.046845e-02
1.873817e+03 9.073219e-02
2.310130e+03 9.279781e-02
2.848036e+03 9.735828e-02
3.511192e+03 1.053139e-01
4.328761e+03 1.178411e-01
5.336699e+03 1.363582e-01
6.579332e+03 1.620950e-01
8.111308e+03 1.945414e-01
1.000000e+04 2.275940e-01
1.232847e+04 2.438372e-01
1.519911e+04 2.168142e-01
1.873817e+04 1.408645e-01
2.310130e+04 6.013685e-02
2.848036e+04 1.686950e-02
3.511192e+04 3.498423e-03
4.328761e+04 6.174215e-04
5.336699e+04 1.017984e-04
6.579332e+04 1.638784e-05
8.111308e+04 2.619087e-06
1.000000e+05 4.177602e-07
1.232847e+05 6.660327e-08
1.519911e+05 1.061737e-08
1.873817e+05 1.692498e-09
2.310130e+05 2.697971e-10
2.848036e+05 4.300770e-11
3.511192e+05 6.855750e-12
4.328761e+05 1.092858e-12
5.336699e+05 1.742097e-13
6.579332e+05 2.777034e-14
8.111308e+05 4.426801e-15
1.000000e+06 7.056652e-16
1.232847e+06 1.124883e-16
1.519911e+06 1.793148e-17
1.873817e+06 2.858413e-18
2.310130e+06 4.556525e-19
2.848036e+06 7.263442e-20
3.511192e+06 1.157847e-20
4.328761e+06 1.845695e-21
5.336699e+06 2.942177e-22
6.579332e+06 4.690050e-23
8.111308e+06 7.476292e-24
1.000000e+07 1.191777e-24
