1.000000e-02 8.065528e-03
1.232847e-02 8.512294e-03
1.519911e-02 8.983807e-03
1.873817e-02 9.481438e-03
2.310130e-02 1.000663e-02
2.848036e-02 1.056092e-02
3.511192e-02 1.114591e-02
4.328761e-02 1.176331e-02
5.336699e-02 1.241490e-02
6.579332e-02 1.310259e-02
8.111308e-02 1.382837e-02
1.000000e-01 1.459435e-02
1.232847e-01 1.540276e-02
1.519911e-01 1.625595e-02
1.873817e-01 1.715640e-02
2.310130e-01 1.810673e-02
2.848036e-01 1.910970e-02
3.511192e-01 2.016822e-02
4.328761e-01 2.128538e-02
5.336699e-01 2.246442e-02
6.579332e-01 2.370877e-02
8.111308e-01 2.502204e-02
1.000000e+00 2.640804e-02
1.232847e+00 2.787081e-02
1.519911e+00 2.941456e-02
1.873817e+00 3.104377e-02
2.310130e+00 3.276310e-02
2.848036e+00 3.457747e-02
3.511192e+00 3.649201e-02
4.328761e+00 3.851205e-02
5.336699e+00 4.064310e-02
6.579332e+00 4.289082e-02
8.111308e+00 4.526095e-02
1.000000e+01 4.775923e-02
1.232847e+01 5.039129e-02
1.519911e+01 5.316247e-02
1.873817e+01 5.607765e-02
2.310130e+01 5.914096e-02
2.848036e+01 6.235550e-02
3.511192e+01 6.572288e-02
4.328761e+01 6.924276e-02
5.336699e+01 7.291230e-02
6.579332e+01 7.672542e-02
8.111308e+01 8.067211e-02
1.000000e+02 8.473756e-02
1.232847e+02 8.890127e-02
1.519911e+02 9.313619e-02
1.873817e+02 9.740785e-02
2.310130e+02 1.016736e-01
2.848036e+02 1.058823e-01
3.511192e+02 1.099737e-01
4.328761e+02 1.138792e-01
5.336699e+02 1.175221e-01
6.579332e+02 1.208193e-01
8.111308e+02 1.236827e-01
1.000000e+03 1.260224e-01
1.232847e+03 1.277490e-01
1.519911e+03 1.287768e-01
1.873817e+03 1.290275e-01
2.310130e+03 1.284328e-01
2.848036e+03 1.269370e-01
3.511192e+03 1.244994e-01
4.328761e+03 1.210959e-01
5.336699e+03 1.167200e-01
6.579332e+03 1.113849e-01
8.111308e+03 1.051251e-01
1.000000e+04 9.800048e-02
1.232847e+04 9.010078e-02
1.519911e+04 8.155162e-02
1.873817e+04 7.251964e-02
2.310130e+04 6.321455e-02
2.848036e+04 5.388505e-02
3.511192e+04 4.480595e-02
4.328761e+04 3.625550e-02
5.336699e+04 2.848550e-02
6.579332e+04 2.169009e-02
8.111308e+04 1.598172e-02
1.000000e+05 1.138182e-02
1.232847e+05 7.828361e-03
1.519911e+05 5.197254e-03
1.873817e+05 3.329919e-03
2.310130e+05 2.059551e-03
2.848036e+05 1.230976e-03
3.511192e+05 7.125217e-04
4.328761e+05 4.007630e-04
5.336699e+05 2.200090e-04
6.579332e+05 1.184701e-04
8.111308e+05 6.287810e-05
1.000000e+06 3.303350e-05
1.232847e+06 1.723602e-05
1.519911e+06 8.954044e-06
1.873817e+06 4.639143e-06
2.310130e+06 2.399780e-06
2.848036e+06 1.240273e-06
3.511192e+06 6.406972e-07
4.328761e+06 3.308873e-07
5.336699e+06 1.708660e-07
6.579332e+06 8.822859e-08
8.111308e+06 4.555706e-08
1.000000e+07 2.352344e-08
