1.000000e-02 1.077770e-01
1.232847e-02 1.078649e-01
1.519911e-02 1.079529e-01
1.873817e-02 1.080409e-01
2.310130e-02 1.081290e-01
2.848036e-02 1.082172e-01
3.511192e-02 1.083054e-01
4.328761e-02 1.083937e-01
5.336699e-02 1.084821e-01
6.579332e-02 1.085706e-01
8.111308e-02 1.086591e-01
1.000000e-01 1.087477e-01
1.232847e-01 1.088364e-01
1.519911e-01 1.089251e-01
1.873817e-01 1.090139e-01
2.310130e-01 1.091028e-01
2.848036e-01 1.091915e-01
3.511192e-01 1.092799e-01
4.328761e-01 1.093670e-01
5.336699e-01 1.094509e-01
6.579332e-01 1.095279e-01
8.111308e-01 1.095915e-01
1.000000e+00 1.096310e-01
1.232847e+00 1.096305e-01
1.519911e+00 1.095674e-01
1.873817e+00 1.094121e-01
2.310130e+00 1.091270e-01
2.848036e+00 1.086675e-01
3.511192e+00 1.079834e-01
4.328761e+00 1.070212e-01
5.336699e+00 1.057277e-01
6.579332e+00 1.040547e-01
8.111308e+00 1.019636e-01
1.000000e+01 9.943055e-02
1.232847e+01 9.645038e-02
1.519911e+01 9.303953e-02
1.873817e+01 8.923676e-02
2.310130e+01 8.510172e-02
2.848036e+01 8.071123e-02
3.511192e+01 7.615385e-02
4.328761e+01 7.152334e-02
5.336699e+01 6.691210e-02
6.579332e+01 6.240510e-02
8.111308e+01 5.807531e-02
1.000000e+02 5.398069e-02
1.232847e+02 5.016292e-02
1.519911e+02 4.664758e-02
1.873817e+02 4.344545e-02
2.310130e+02 4.055449e-02
2.848036e+02 3.796206e-02
3.511192e+02 3.564714e-02
4.328761e+02 3.358227e-02
5.336699e+02 3.173519e-02
6.579332e+02 3.007019e-02
8.111308e+02 2.854920e-02
1.000000e+03 2.713287e-02
1.232847e+03 2.578161e-02
1.519911e+03 2.445700e-02
1.873817e+03 2.312338e-02
2.310130e+03 2.174984e-02
2.848036e+03 2.031246e-02
3.511192e+03 1.879655e-02
4.328761e+03 1.719847e-02
5.336699e+03 1.552675e-02
6.579332e+03 1.380193e-02
8.111308e+03 1.205497e-02
1.000000e+04 1.032428e-02
1.232847e+04 8.651711e-03
1.519911e+04 7.078204e-03
1.873817e+04 5.639698e-03
2.310130e+04 4.364001e-03
2.848036e+04 3.268898e-03
3.511192e+04 2.361510e-03
4.328761e+04 1.638647e-03
5.336699e+04 1.087791e-03
6.579332e+04 6.886017e-04
8.111308e+04 4.150684e-04
1.000000e+05 2.385248e-04
1.232847e+05 1.312390e-04
1.519911e+05 6.960565e-05
1.873817e+05 3.587155e-05
2.310130e+05 1.810421e-05
2.848036e+05 9.007942e-06
3.511192e+05 4.441127e-06
4.328761e+05 2.177325e-06
5.336699e+05 1.063947e-06
6.579332e+05 5.189222e-07
8.111308e+05 2.528336e-07
1.000000e+06 1.231189e-07
1.232847e+06 5.993584e-08
1.519911e+06 2.917305e-08
1.873817e+06 1.419852e-08
2.310130e+06 6.910143e-09
2.848036e+06 3.362967e-09
3.511192e+06 1.636643e-09
4.328761e+06 7.964960e-10
5.336699e+06 3.876255e-10
6.579332e+06 1.886430e-10
8.111308e+06 9.180555e-11
1.000000e+07 4.467836e-11
