1.000000e-02 4.886583e-03
1.232847e-02 5.162809e-03
1.519911e-02 5.454649e-03
1.873817e-02 5.762986e-03
2.310130e-02 6.088753e-03
2.848036e-02 6.432934e-03
3.511192e-02 6.796571e-03
4.328761e-02 7.180763e-03
5.336699e-02 7.586673e-03
6.579332e-02 8.015527e-03
8.111308e-02 8.468624e-03
1.000000e-01 8.947333e-03
1.232847e-01 9.453102e-03
1.519911e-01 9.987461e-03
1.873817e-01 1.055203e-02
2.310130e-01 1.114850e-02
2.848036e-01 1.177870e-02
3.511192e-01 1.244452e-02
4.328761e-01 1.314797e-02
5.336699e-01 1.389119e-02
6.579332e-01 1.467641e-02
8.111308e-01 1.550601e-02
1.000000e+00 1.638249e-02
1.232847e+00 1.730846e-02
1.519911e+00 1.828671e-02
1.873817e+00 1.932014e-02
2.310130e+00 2.041179e-02
2.848036e+00 2.156487e-02
3.511192e+00 2.278271e-02
4.328761e+00 2.406879e-02
5.336699e+00 2.542674e-02
6.579332e+00 2.686031e-02
8.111308e+00 2.837342e-02
1.000000e+01 2.997010e-02
1.232847e+01 3.165452e-02
1.519911e+01 3.343099e-02
1.873817e+01 3.530394e-02
2.310130e+01 3.727791e-02
2.848036e+01 3.935758e-02
3.511192e+01 4.154771e-02
4.328761e+01 4.385318e-02
5.336699e+01 4.627895e-02
6.579332e+01 4.883005e-02
8.111308e+01 5.151156e-02
1.000000e+02 5.432857e-02
1.232847e+02 5.728620e-02
1.519911e+02 6.038947e-02
1.873817e+02 6.364335e-02
2.310130e+02 6.705266e-02
2.848036e+02 7.062199e-02
3.511192e+02 7.435569e-02
4.328761e+02 7.825772e-02
5.336699e+02 8.233157e-02
6.579332e+02 8.658007e-02
8.111308e+02 9.100514e-02
1.000000e+03 9.560738e-02
1.232847e+03 1.003854e-01
1.519911e+03 1.053351e-01
1.873817e+03 1.104476e-01
2.310130e+03 1.157076e-01
2.848036e+03 1.210898e-01
3.511192e+03 1.265540e-01
4.328761e+03 1.320387e-01
5.336699e+03 1.374516e-01
6.579332e+03 1.426590e-01
8.111308e+03 1.474709e-01
1.000000e+04 1.516260e-01
1.232847e+04 1.547782e-01
1.519911e+04 1.564894e-01
1.873817e+04 1.562387e-01
2.310130e+04 1.534605e-01
2.848036e+04 1.476227e-01
3.511192e+04 1.383502e-01
4.328761e+04 1.255807e-01
5.336699e+04 1.097089e-01
6.579332e+04 9.165090e-02
8.111308e+04 7.276227e-02
1.000000e+05 5.458938e-02
1.232847e+05 3.852080e-02
1.519911e+05 2.547477e-02
1.873817e+05 1.575283e-02
2.310130e+05 9.101653e-03
2.848036e+05 4.919972e-03
3.511192e+05 2.498166e-03
4.328761e+05 1.199961e-03
5.336699e+05 5.505740e-04
6.579332e+05 2.439619e-04
8.111308e+05 1.054922e-04
1.000000e+06 4.490033e-05
1.232847e+06 1.892944e-05
1.519911e+06 7.937468e-06
1.873817e+06 3.318715e-06
2.310130e+06 1.385532e-06
2.848036e+06 5.780287e-07
3.511192e+06 2.410657e-07
4.328761e+06 1.005208e-07
5.336699e+06 4.191307e-08
6.579332e+06 1.747563e-08
8.111308e+06 7.286399e-09
1.000000e+07 3.038034e-09
