1.000000e-02 1.455413e-02
1.232847e-02 1.527929e-02
1.519911e-02 1.604058e-02
1.873817e-02 1.683979e-02
2.310130e-02 1.767883e-02
2.848036e-02 1.855968e-02
3.511192e-02 1.948441e-02
4.328761e-02 2.045522e-02
5.336699e-02 2.147439e-02
6.579332e-02 2.254435e-02
8.111308e-02 2.366762e-02
1.000000e-01 2.484686e-02
1.232847e-01 2.608485e-02
1.519911e-01 2.738452e-02
1.873817e-01 2.874895e-02
2.310130e-01 3.018136e-02
2.848036e-01 3.168514e-02
3.511192e-01 3.326384e-02
4.328761e-01 3.492118e-02
5.336699e-01 3.666107e-02
6.579332e-01 3.848756e-02
8.111308e-01 4.040488e-02
1.000000e+00 4.241736e-02
1.232847e+00 4.452943e-02
1.519911e+00 4.674550e-02
1.873817e+00 4.906992e-02
2.310130e+00 5.150680e-02
2.848036e+00 5.405987e-02
3.511192e+00 5.673225e-02
4.328761e+00 5.952618e-02
5.336699e+00 6.244274e-02
6.579332e+00 6.548142e-02
8.111308e+00 6.863974e-02
1.000000e+01 7.191273e-02
1.232847e+01 7.529242e-02
1.519911e+01 7.876721e-02
1.873817e+01 8.232132e-02
2.310130e+01 8.593414e-02
2.848036e+01 8.957965e-02
3.511192e+01 9.322596e-02
4.328761e+01 9.683484e-02
5.336699e+01 1.003616e-01
6.579332e+01 1.037551e-01
8.111308e+01 1.069582e-01
1.000000e+02 1.099084e-01
1.232847e+02 1.125391e-01
1.519911e+02 1.147814e-01
1.873817e+02 1.165660e-01
2.310130e+02 1.178260e-01
2.848036e+02 1.184997e-01
3.511192e+02 1.185336e-01
4.328761e+02 1.178850e-01
5.336699e+02 1.165253e-01
6.579332e+02 1.144412e-01
8.111308e+02 1.116368e-01
1.000000e+03 1.081336e-01
1.232847e+03 1.039702e-01
1.519911e+03 9.920079e-02
1.873817e+03 9.389365e-02
2.310130e+03 8.812805e-02
2.848036e+03 8.199168e-02
3.511192e+03 7.557771e-02
4.328761e+03 6.898219e-02
5.336699e+03 6.230200e-02
6.579332e+03 5.563330e-02
8.111308e+03 4.907047e-02
1.000000e+04 4.270517e-02
1.232847e+04 3.662503e-02
1.519911e+04 3.091165e-02
1.873817e+04 2.563765e-02
2.310130e+04 2.086302e-02
2.848036e+04 1.663118e-02
3.511192e+04 1.296568e-02
4.328761e+04 9.868175e-03
5.336699e+04 7.318622e-03
6.579332e+04 5.277818e-03
8.111308e+04 3.691981e-03
1.000000e+05 2.498361e-03
1.232847e+05 1.630733e-03
1.519911e+05 1.023974e-03
1.873817e+05 6.174633e-04
2.310130e+05 3.575343e-04
2.848036e+05 1.992326e-04
3.511192e+05 1.073192e-04
4.328761e+05 5.622145e-05
5.336699e+05 2.883325e-05
6.579332e+05 1.456467e-05
8.111308e+05 7.282677e-06
1.000000e+06 3.618042e-06
1.232847e+06 1.790406e-06
1.519911e+06 8.839646e-07
1.873817e+06 4.358711e-07
2.310130e+06 2.147710e-07
2.848036e+06 1.057868e-07
3.511192e+06 5.209609e-08
4.328761e+06 2.565302e-08
5.336699e+06 1.263146e-08
6.579332e+06 6.219581e-09
8.111308e+06 3.062431e-09
1.000000e+07 1.507895e-09
