1.000000e-02 2.744890e-02
1.232847e-02 2.857490e-02
1.519911e-02 2.974709e-02
1.873817e-02 3.096737e-02
2.310130e-02 3.223770e-02
2.848036e-02 3.356015e-02
3.511192e-02 3.493684e-02
4.328761e-02 3.637001e-02
5.336699e-02 3.786197e-02
6.579332e-02 3.941513e-02
8.111308e-02 4.103200e-02
1.000000e-01 4.271521e-02
1.232847e-01 4.446746e-02
1.519911e-01 4.629159e-02
1.873817e-01 4.819055e-02
2.310130e-01 5.016740e-02
2.848036e-01 5.222535e-02
3.511192e-01 5.436769e-02
4.328761e-01 5.659786e-02
5.336699e-01 5.891937e-02
6.579332e-01 6.133573e-02
8.111308e-01 6.385045e-02
1.000000e+00 6.646678e-02
1.232847e+00 6.918759e-02
1.519911e+00 7.201506e-02
1.873817e+00 7.495035e-02
2.310130e+00 7.799309e-02
2.848036e+00 8.114089e-02
3.511192e+00 8.438869e-02
4.328761e+00 8.772799e-02
5.336699e+00 9.114605e-02
6.579332e+00 9.462497e-02
8.111308e+00 9.814075e-02
1.000000e+01 1.016623e-01
1.232847e+01 1.051505e-01
1.519911e+01 1.085572e-01
1.873817e+01 1.118250e-01
2.310130e+01 1.148861e-01
2.848036e+01 1.176629e-01
3.511192e+01 1.200683e-01
4.328761e+01 1.220069e-01
5.336699e+01 1.233775e-01
6.579332e+01 1.240757e-01
8.111308e+01 1.239985e-01
1.000000e+02 1.230499e-01
1.232847e+02 1.211472e-01
1.519911e+02 1.182284e-01
1.873817e+02 1.142599e-01
2.310130e+02 1.092443e-01
2.848036e+02 1.032259e-01
3.511192e+02 9.629475e-02
4.328761e+02 8.858697e-02
5.336699e+02 8.028121e-02
6.579332e+02 7.159082e-02
8.111308e+02 6.275207e-02
1.000000e+03 5.400896e-02
1.232847e+03 4.559599e-02
1.519911e+03 3.772072e-02
1.873817e+03 3.054863e-02
2.310130e+03 2.419280e-02
2.848036e+03 1.871035e-02
3.511192e+03 1.410598e-02
4.328761e+03 1.034123e-02
5.336699e+03 7.346913e-03
6.579332e+03 5.035578e-03
8.111308e+03 3.311528e-03
1.000000e+04 2.077139e-03
1.232847e+04 1.236104e-03
1.519911e+04 6.957275e-04
1.873817e+04 3.705681e-04
2.310130e+04 1.877043e-04
2.848036e+04 9.118405e-05
3.511192e+04 4.290953e-05
4.328761e+04 1.974870e-05
5.336699e+04 8.959175e-06
6.579332e+04 4.029009e-06
8.111308e+04 1.802785e-06
1.000000e+05 8.044333e-07
1.232847e+05 3.584281e-07
1.519911e+05 1.595840e-07
1.873817e+05 7.102549e-08
2.310130e+05 3.160531e-08
2.848036e+05 1.406267e-08
3.511192e+05 6.256875e-09
4.328761e+05 2.783805e-09
5.336699e+05 1.238557e-09
6.579332e+05 5.510509e-10
8.111308e+05 2.451695e-10
1.000000e+06 1.090789e-10
1.232847e+06 4.853053e-11
1.519911e+06 2.159182e-11
1.873817e+06 9.606457e-12
2.310130e+06 4.274028e-12
2.848036e+06 1.901566e-12
3.511192e+06 8.460294e-13
4.328761e+06 3.764086e-13
5.336699e+06 1.674687e-13
6.579332e+06 7.450882e-14
8.111308e+06 3.314986e-14
1.000000e+07 1.474877e-14
