1.000000e-02 5.602692e-03
1.232847e-02 5.933042e-03
1.519911e-02 6.282870e-03
1.873817e-02 6.653325e-03
2.310130e-02 7.045624e-03
2.848036e-02 7.461053e-03
3.511192e-02 7.900977e-03
4.328761e-02 8.366841e-03
5.336699e-02 8.860173e-03
6.579332e-02 9.382593e-03
8.111308e-02 9.935816e-03
1.000000e-01 1.052166e-02
1.232847e-01 1.114205e-02
1.519911e-01 1.179901e-02
1.873817e-01 1.249471e-02
2.310130e-01 1.323144e-02
2.848036e-01 1.401160e-02
3.511192e-01 1.483776e-02
4.328761e-01 1.571263e-02
5.336699e-01 1.663909e-02
6.579332e-01 1.762016e-02
8.111308e-01 1.865907e-02
1.000000e+00 1.975920e-02
1.232847e+00 2.092413e-02
1.519911e+00 2.215763e-02
1.873817e+00 2.346366e-02
2.310130e+00 2.484635e-02
2.848036e+00 2.631000e-02
3.511192e+00 2.785907e-02
4.328761e+00 2.949812e-02
5.336699e+00 3.123179e-02
6.579332e+00 3.306471e-02
8.111308e+00 3.500144e-02
1.000000e+01 3.704634e-02
1.232847e+01 3.920344e-02
1.519911e+01 4.147629e-02
1.873817e+01 4.386771e-02
2.310130e+01 4.637963e-02
2.848036e+01 4.901274e-02
3.511192e+01 5.176630e-02
4.328761e+01 5.463779e-02
5.336699e+01 5.762268e-02
6.579332e+01 6.071420e-02
8.111308e+01 6.390323e-02
1.000000e+02 6.717831e-02
1.232847e+02 7.052589e-02
1.519911e+02 7.393084e-02
1.873817e+02 7.737726e-02
2.310130e+02 8.084982e-02
2.848036e+02 8.433535e-02
3.511192e+02 8.782506e-02
4.328761e+02 9.131710e-02
5.336699e+02 9.481939e-02
6.579332e+02 9.835282e-02
8.111308e+02 1.019542e-01
1.000000e+03 1.056794e-01
1.232847e+03 1.096052e-01
1.519911e+03 1.138306e-01
1.873817e+03 1.184765e-01
2.310130e+03 1.236809e-01
2.848036e+03 1.295899e-01
3.511192e+03 1.363373e-01
4.328761e+03 1.440069e-01
5.336699e+03 1.525655e-01
6.579332e+03 1.617497e-01
8.111308e+03 1.708935e-01
1.000000e+04 1.787003e-01
1.232847e+04 1.830281e-01
1.519911e+04 1.808927e-01
1.873817e+04 1.690708e-01
2.310130e+04 1.456691e-01
2.848036e+04 1.123220e-01
3.511192e+04 7.521221e-02
4.328761e+04 4.267890e-02
5.336699e+04 2.029423e-02
6.579332e+04 8.151222e-03
8.111308e+04 2.841147e-03
1.000000e+05 8.927895e-04
1.232847e+05 2.626477e-04
1.519911e+05 7.447442e-05
1.873817e+05 2.073404e-05
2.310130e+05 5.725038e-06
2.848036e+05 1.575402e-06
3.511192e+05 4.329466e-07
4.328761e+05 1.189243e-07
5.336699e+05 3.266147e-08
6.579332e+05 8.969685e-09
8.111308e+05 2.463265e-09
1.000000e+06 6.764610e-10
1.232847e+06 1.857692e-10
1.519911e+06 5.101576e-11
1.873817e+06 1.400990e-11
2.310130e+06 3.847384e-12
2.848036e+06 1.056565e-12
3.511192e+06 2.901528e-13
4.328761e+06 7.968148e-14
5.336699e+06 2.188205e-14
6.579332e+06 6.009227e-15
8.111308e+06 1.650248e-15
1.000000e+07 4.531895e-16
