1.000000e-02 6.785384e-03
1.232847e-02 7.150377e-03
1.519911e-02 7.535004e-03
1.873817e-02 7.940319e-03
2.310130e-02 8.367438e-03
2.848036e-02 8.817531e-03
3.511192e-02 9.291835e-03
4.328761e-02 9.791653e-03
5.336699e-02 1.031836e-02
6.579332e-02 1.087339e-02
8.111308e-02 1.145828e-02
1.000000e-01 1.207464e-02
1.232847e-01 1.272414e-02
1.519911e-01 1.340859e-02
1.873817e-01 1.412985e-02
2.310130e-01 1.488991e-02
2.848036e-01 1.569085e-02
3.511192e-01 1.653488e-02
4.328761e-01 1.742431e-02
5.336699e-01 1.836158e-02
6.579332e-01 1.934927e-02
8.111308e-01 2.039008e-02
1.000000e+00 2.148687e-02
1.232847e+00 2.264265e-02
1.519911e+00 2.386058e-02
1.873817e+00 2.514399e-02
2.310130e+00 2.649640e-02
2.848036e+00 2.792150e-02
3.511192e+00 2.942319e-02
4.328761e+00 3.100558e-02
5.336699e+00 3.267299e-02
6.579332e+00 3.442999e-02
8.111308e+00 3.628141e-02
1.000000e+01 3.823234e-02
1.232847e+01 4.028817e-02
1.519911e+01 4.245460e-02
1.873817e+01 4.473762e-02
2.310130e+01 4.714356e-02
2.848036e+01 4.967907e-02
3.511192e+01 5.235107e-02
4.328761e+01 5.516677e-02
5.336699e+01 5.813352e-02
6.579332e+01 6.125878e-02
8.111308e+01 6.454990e-02
1.000000e+02 6.801392e-02
1.232847e+02 7.165726e-02
1.519911e+02 7.548531e-02
1.873817e+02 7.950187e-02
2.310130e+02 8.370850e-02
2.848036e+02 8.810360e-02
3.511192e+02 9.268134e-02
4.328761e+02 9.743027e-02
5.336699e+02 1.023317e-01
6.579332e+02 1.073576e-01
8.111308e+02 1.124683e-01
1.000000e+03 1.176096e-01
1.232847e+03 1.227098e-01
1.519911e+03 1.276760e-01
1.873817e+03 1.323906e-01
2.310130e+03 1.367076e-01
2.848036e+03 1.404503e-01
3.511192e+03 1.434101e-01
4.328761e+03 1.453485e-01
5.336699e+03 1.460044e-01
6.579332e+03 1.451081e-01
8.111308e+03 1.424043e-01
1.000000e+04 1.376853e-01
1.232847e+04 1.308325e-01
1.519911e+04 1.218613e-01
1.873817e+04 1.109605e-01
2.310130e+04 9.851172e-02
2.848036e+04 8.507556e-02
3.511192e+04 7.133690e-02
4.328761e+04 5.801300e-02
5.336699e+04 4.574524e-02
6.579332e+04 3.500489e-02
8.111308e+04 2.604113e-02
1.000000e+05 1.888335e-02
1.232847e+05 1.338866e-02
1.519911e+05 9.311248e-03
1.873817e+05 6.369192e-03
2.310130e+05 4.293356e-03
2.848036e+05 2.854241e-03
3.511192e+05 1.870650e-03
4.328761e+05 1.206969e-03
5.336699e+05 7.651738e-04
6.579332e+05 4.757714e-04
8.111308e+05 2.898539e-04
1.000000e+06 1.730761e-04
1.232847e+06 1.014638e-04
1.519911e+06 5.856086e-05
1.873817e+06 3.338546e-05
2.310130e+06 1.886155e-05
2.848036e+06 1.059008e-05
3.511192e+06 5.922348e-06
4.328761e+06 3.304181e-06
5.336699e+06 1.841119e-06
6.579332e+06 1.025277e-06
8.111308e+06 5.708291e-07
1.000000e+07 3.177992e-07
