1.000000e-02 3.967960e-02
1.232847e-02 4.098100e-02
1.519911e-02 4.232509e-02
1.873817e-02 4.371326e-02
2.310130e-02 4.514695e-02
2.848036e-02 4.662768e-02
3.511192e-02 4.815696e-02
4.328761e-02 4.973640e-02
5.336699e-02 5.136765e-02
6.579332e-02 5.305239e-02
8.111308e-02 5.479239e-02
1.000000e-01 5.658946e-02
1.232847e-01 5.844547e-02
1.519911e-01 6.036236e-02
1.873817e-01 6.234211e-02
2.310130e-01 6.438679e-02
2.848036e-01 6.649851e-02
3.511192e-01 6.867941e-02
4.328761e-01 7.093164e-02
5.336699e-01 7.325719e-02
6.579332e-01 7.565774e-02
8.111308e-01 7.813439e-02
1.000000e+00 8.068719e-02
1.232847e+00 8.331462e-02
1.519911e+00 8.601288e-02
1.873817e+00 8.877508e-02
2.310130e+00 9.159039e-02
2.848036e+00 9.444307e-02
3.511192e+00 9.731162e-02
4.328761e+00 1.001681e-01
5.336699e+00 1.029775e-01
6.579332e+00 1.056977e-01
8.111308e+00 1.082799e-01
1.000000e+01 1.106690e-01
1.232847e+01 1.128055e-01
1.519911e+01 1.146272e-01
1.873817e+01 1.160712e-01
2.310130e+01 1.170774e-01
2.848036e+01 1.175903e-01
3.511192e+01 1.175616e-01
4.328761e+01 1.169521e-01
5.336699e+01 1.157322e-01
6.579332e+01 1.138816e-01
8.111308e+01 1.113883e-01
1.000000e+02 1.082459e-01
1.232847e+02 1.044514e-01
1.519911e+02 1.000019e-01
1.873817e+02 9.489383e-02
2.310130e+02 8.912322e-02
2.848036e+02 8.269049e-02
3.511192e+02 7.560949e-02
4.328761e+02 6.792188e-02
5.336699e+02 5.971550e-02
6.579332e+02 5.114366e-02
8.111308e+02 4.243902e-02
1.000000e+03 3.391300e-02
1.232847e+03 2.593073e-02
1.519911e+03 1.885621e-02
1.873817e+03 1.297589e-02
2.310130e+03 8.427167e-03
2.848036e+03 5.167581e-03
3.511192e+03 3.004241e-03
4.328761e+03 1.668166e-03
5.336699e+03 8.932000e-04
6.579332e+03 4.658426e-04
8.111308e+03 2.388081e-04
1.000000e+04 1.211881e-04
1.232847e+04 6.117697e-05
1.519911e+04 3.081144e-05
1.873817e+04 1.550629e-05
2.310130e+04 7.803315e-06
2.848036e+04 3.927626e-06
3.511192e+04 1.977313e-06
4.328761e+04 9.956294e-07
5.336699e+04 5.013878e-07
6.579332e+04 2.525132e-07
8.111308e+04 1.271790e-07
1.000000e+05 6.405582e-08
1.232847e+05 3.226329e-08
1.519911e+05 1.625034e-08
1.873817e+05 8.184992e-09
2.310130e+05 4.122638e-09
2.848036e+05 2.076503e-09
3.511192e+05 1.045901e-09
4.328761e+05 5.268030e-10
5.336699e+05 2.653422e-10
6.579332e+05 1.336486e-10
8.111308e+05 6.731662e-11
1.000000e+06 3.390630e-11
1.232847e+06 1.707806e-11
1.519911e+06 8.601942e-12
1.873817e+06 4.332659e-12
2.310130e+06 2.182291e-12
2.848036e+06 1.099185e-12
3.511192e+06 5.536416e-13
4.328761e+06 2.788604e-13
5.336699e+06 1.404575e-13
6.579332e+06 7.074617e-14
8.111308e+06 3.563371e-14
1.000000e+07 1.794812e-14
