1.000000e-02 1.017927e-02
1.232847e-02 1.073192e-02
1.519911e-02 1.131458e-02
1.873817e-02 1.192887e-02
2.310130e-02 1.257651e-02
2.848036e-02 1.325931e-02
3.511192e-02 1.397919e-02
4.328761e-02 1.473815e-02
5.336699e-02 1.553831e-02
6.579332e-02 1.638192e-02
8.111308e-02 1.727133e-02
1.000000e-01 1.820902e-02
1.232847e-01 1.919763e-02
1.519911e-01 2.023990e-02
1.873817e-01 2.133877e-02
2.310130e-01 2.249729e-02
2.848036e-01 2.371872e-02
3.511192e-01 2.500646e-02
4.328761e-01 2.636412e-02
5.336699e-01 2.779550e-02
6.579332e-01 2.930463e-02
8.111308e-01 3.089577e-02
1.000000e+00 3.257344e-02
1.232847e+00 3.434246e-02
1.519911e+00 3.620798e-02
1.873817e+00 3.817555e-02
2.310130e+00 4.025112e-02
2.848036e+00 4.244113e-02
3.511192e+00 4.475257e-02
4.328761e+00 4.719299e-02
5.336699e+00 4.977055e-02
6.579332e+00 5.249399e-02
8.111308e+00 5.537262e-02
1.000000e+01 5.841619e-02
1.232847e+01 6.163467e-02
1.519911e+01 6.503797e-02
1.873817e+01 6.863546e-02
2.310130e+01 7.243532e-02
2.848036e+01 7.644365e-02
3.511192e+01 8.066331e-02
4.328761e+01 8.509249e-02
5.336699e+01 8.972286e-02
6.579332e+01 9.453744e-02
8.111308e+01 9.950815e-02
1.000000e+02 1.045931e-01
1.232847e+02 1.097338e-01
1.519911e+02 1.148527e-01
1.873817e+02 1.198508e-01
2.310130e+02 1.246070e-01
2.848036e+02 1.289783e-01
3.511192e+02 1.328029e-01
4.328761e+02 1.359050e-01
5.336699e+02 1.381036e-01
6.579332e+02 1.392234e-01
8.111308e+02 1.391082e-01
1.000000e+03 1.376353e-01
1.232847e+03 1.347291e-01
1.519911e+03 1.303723e-01
1.873817e+03 1.246120e-01
2.310130e+03 1.175611e-01
2.848036e+03 1.093929e-01
3.511192e+03 1.003305e-01
4.328761e+03 9.063170e-02
5.336699e+03 8.057216e-02
6.579332e+03 7.042879e-02
8.111308e+03 6.046515e-02
1.000000e+04 5.091992e-02
1.232847e+04 4.199824e-02
1.519911e+04 3.386521e-02
1.873817e+04 2.664088e-02
2.310130e+04 2.039698e-02
2.848036e+04 1.515618e-02
3.511192e+04 1.089460e-02
4.328761e+04 7.547810e-03
5.336699e+04 5.019475e-03
6.579332e+04 3.191336e-03
8.111308e+04 1.933460e-03
1.000000e+05 1.114514e-03
1.232847e+05 6.120173e-04
1.519911e+05 3.215861e-04
1.873817e+05 1.628390e-04
2.310130e+05 8.012624e-05
2.848036e+05 3.862517e-05
3.511192e+05 1.836551e-05
4.328761e+05 8.657374e-06
5.336699e+05 4.060051e-06
6.579332e+05 1.898448e-06
8.111308e+05 8.862626e-07
1.000000e+06 4.133811e-07
1.232847e+06 1.927273e-07
1.519911e+06 8.983313e-08
1.873817e+06 4.186780e-08
2.310130e+06 1.951189e-08
2.848036e+06 9.092992e-09
3.511192e+06 4.237491e-09
4.328761e+06 1.974732e-09
5.336699e+06 9.202518e-10
6.579332e+06 4.288493e-10
8.111308e+06 1.998493e-10
1.000000e+07 9.313233e-11
