1.000000e-02 2.097751e-02
1.232847e-02 2.226222e-02
1.519911e-02 2.362561e-02
1.873817e-02 2.507250e-02
2.310130e-02 2.660799e-02
2.848036e-02 2.823753e-02
3.511192e-02 2.996686e-02
4.328761e-02 3.180210e-02
5.336699e-02 3.374973e-02
6.579332e-02 3.581664e-02
8.111308e-02 3.801014e-02
1.000000e-01 4.033797e-02
1.232847e-01 4.280836e-02
1.519911e-01 4.543004e-02
1.873817e-01 4.821228e-02
2.310130e-01 5.116490e-02
2.848036e-01 5.429834e-02
3.511192e-01 5.762362e-02
4.328761e-01 6.115235e-02
5.336699e-01 6.489665e-02
6.579332e-01 6.886892e-02
8.111308e-01 7.308141e-02
1.000000e+00 7.754545e-02
1.232847e+00 8.227025e-02
1.519911e+00 8.726101e-02
1.873817e+00 9.251620e-02
2.310130e+00 9.802385e-02
2.848036e+00 1.037565e-01
3.511192e+00 1.096651e-01
4.328761e+00 1.156715e-01
5.336699e+00 1.216604e-01
6.579332e+00 1.274716e-01
8.111308e+00 1.328937e-01
1.000000e+01 1.376626e-01
1.232847e+01 1.414668e-01
1.519911e+01 1.439635e-01
1.873817e+01 1.448073e-01
2.310130e+01 1.436921e-01
2.848036e+01 1.404016e-01
3.511192e+01 1.348601e-01
4.328761e+01 1.271709e-01
5.336699e+01 1.176280e-01
6.579332e+01 1.066937e-01
8.111308e+01 9.494248e-02
1.000000e+02 8.298260e-02
1.232847e+02 7.137543e-02
1.519911e+02 6.057129e-02
1.873817e+02 5.087473e-02
2.310130e+02 4.244116e-02
2.848036e+02 3.529790e-02
3.511192e+02 2.937830e-02
4.328761e+02 2.455818e-02
5.336699e+02 2.068705e-02
6.579332e+02 1.761091e-02
8.111308e+02 1.518628e-02
1.000000e+03 1.328723e-02
1.232847e+03 1.180735e-02
1.519911e+03 1.065872e-02
1.873817e+03 9.769272e-03
2.310130e+03 9.079600e-03
2.848036e+03 8.539733e-03
3.511192e+03 8.106335e-03
4.328761e+03 7.740575e-03
5.336699e+03 7.406888e-03
6.579332e+03 7.072846e-03
8.111308e+03 6.710192e-03
1.000000e+04 6.296881e-03
1.232847e+04 5.819580e-03
1.519911e+04 5.275774e-03
1.873817e+04 4.674487e-03
2.310130e+04 4.034973e-03
2.848036e+04 3.383415e-03
3.511192e+04 2.748466e-03
4.328761e+04 2.156842e-03
5.336699e+04 1.629972e-03
6.579332e+04 1.182123e-03
8.111308e+04 8.197834e-04
1.000000e+05 5.419249e-04
1.232847e+05 3.409252e-04
1.519911e+05 2.042626e-04
1.873817e+05 1.169866e-04
2.310130e+05 6.445267e-05
2.848036e+05 3.442657e-05
3.511192e+05 1.796962e-05
4.328761e+05 9.230052e-06
5.336699e+05 4.691042e-06
6.579332e+05 2.368353e-06
8.111308e+05 1.190921e-06
1.000000e+06 5.974567e-07
1.232847e+06 2.993345e-07
1.519911e+06 1.498618e-07
1.873817e+06 7.499888e-08
2.310130e+06 3.752568e-08
2.848036e+06 1.877396e-08
3.511192e+06 9.392043e-09
4.328761e+06 4.698432e-09
5.336699e+06 2.350395e-09
6.579332e+06 1.175781e-09
8.111308e+06 5.881820e-10
1.000000e+07 2.942366e-10
