1.000000e-02 6.943383e-03
1.232847e-02 7.330412e-03
1.519911e-02 7.739014e-03
1.873817e-02 8.170393e-03
2.310130e-02 8.625816e-03
2.848036e-02 9.106625e-03
3.511192e-02 9.614235e-03
4.328761e-02 1.015014e-02
5.336699e-02 1.071592e-02
6.579332e-02 1.131323e-02
8.111308e-02 1.194384e-02
1.000000e-01 1.260959e-02
1.232847e-01 1.331246e-02
1.519911e-01 1.405451e-02
1.873817e-01 1.483792e-02
2.310130e-01 1.566499e-02
2.848036e-01 1.653817e-02
3.511192e-01 1.746002e-02
4.328761e-01 1.843325e-02
5.336699e-01 1.946074e-02
6.579332e-01 2.054550e-02
8.111308e-01 2.169073e-02
1.000000e+00 2.289980e-02
1.232847e+00 2.417629e-02
1.519911e+00 2.552396e-02
1.873817e+00 2.694680e-02
2.310130e+00 2.844904e-02
2.848036e+00 3.003513e-02
3.511192e+00 3.170980e-02
4.328761e+00 3.347806e-02
5.336699e+00 3.534517e-02
6.579332e+00 3.731672e-02
8.111308e+00 3.939856e-02
1.000000e+01 4.159683e-02
1.232847e+01 4.391790e-02
1.519911e+01 4.636835e-02
1.873817e+01 4.895486e-02
2.310130e+01 5.168413e-02
2.848036e+01 5.456268e-02
3.511192e+01 5.759666e-02
4.328761e+01 6.079151e-02
5.336699e+01 6.415165e-02
6.579332e+01 6.767999e-02
8.111308e+01 7.137733e-02
1.000000e+02 7.524171e-02
1.232847e+02 7.926764e-02
1.519911e+02 8.344516e-02
1.873817e+02 8.775886e-02
2.310130e+02 9.218689e-02
2.848036e+02 9.669987e-02
3.511192e+02 1.012599e-01
4.328761e+02 1.058198e-01
5.336699e+02 1.103223e-01
6.579332e+02 1.147002e-01
8.111308e+02 1.188763e-01
1.000000e+03 1.227644e-01
1.232847e+03 1.262703e-01
1.519911e+03 1.292942e-01
1.873817e+03 1.317326e-01
2.310130e+03 1.334814e-01
2.848036e+03 1.344377e-01
3.511192e+03 1.345030e-01
4.328761e+03 1.335847e-01
5.336699e+03 1.315985e-01
6.579332e+03 1.284708e-01
8.111308e+03 1.241426e-01
1.000000e+04 1.185765e-01
1.232847e+04 1.117664e-01
1.519911e+04 1.037515e-01
1.873817e+04 9.463237e-02
2.310130e+04 8.458702e-02
2.848036e+04 7.387992e-02
3.511192e+04 6.285826e-02
4.328761e+04 5.192962e-02
5.336699e+04 4.152086e-02
6.579332e+04 3.202492e-02
8.111308e+04 2.374844e-02
1.000000e+05 1.687406e-02
1.232847e+05 1.144701e-02
1.519911e+05 7.387129e-03
1.873817e+05 4.519828e-03
2.310130e+05 2.615990e-03
2.848036e+05 1.432014e-03
3.511192e+05 7.436005e-04
4.328761e+05 3.686027e-04
5.336699e+05 1.759640e-04
6.579332e+05 8.167748e-05
8.111308e+05 3.718760e-05
1.000000e+06 1.672362e-05
1.232847e+06 7.465198e-06
1.519911e+06 3.318342e-06
1.873817e+06 1.471660e-06
2.310130e+06 6.518946e-07
2.848036e+06 2.885947e-07
3.511192e+06 1.277247e-07
4.328761e+06 5.652025e-08
5.336699e+06 2.500972e-08
6.579332e+06 1.106634e-08
8.111308e+06 4.896622e-09
1.000000e+07 2.166649e-09
