1.000000e-02 1.354945e-02
1.232847e-02 1.423938e-02
1.519911e-02 1.496443e-02
1.873817e-02 1.572641e-02
2.310130e-02 1.652718e-02
2.848036e-02 1.736873e-02
3.511192e-02 1.825313e-02
4.328761e-02 1.918256e-02
5.336699e-02 2.015931e-02
6.579332e-02 2.118580e-02
8.111308e-02 2.226456e-02
1.000000e-01 2.339825e-02
1.232847e-01 2.458967e-02
1.519911e-01 2.584175e-02
1.873817e-01 2.715758e-02
2.310130e-01 2.854042e-02
2.848036e-01 2.999367e-02
3.511192e-01 3.152091e-02
4.328761e-01 3.312592e-02
5.336699e-01 3.481263e-02
6.579332e-01 3.658518e-02
8.111308e-01 3.844790e-02
1.000000e+00 4.040528e-02
1.232847e+00 4.246195e-02
1.519911e+00 4.462270e-02
1.873817e+00 4.689233e-02
2.310130e+00 4.927566e-02
2.848036e+00 5.177737e-02
3.511192e+00 5.440189e-02
4.328761e+00 5.715320e-02
5.336699e+00 6.003458e-02
6.579332e+00 6.304837e-02
8.111308e+00 6.619557e-02
1.000000e+01 6.947544e-02
1.232847e+01 7.288497e-02
1.519911e+01 7.641834e-02
1.873817e+01 8.006621e-02
2.310130e+01 8.381500e-02
2.848036e+01 8.764609e-02
3.511192e+01 9.153497e-02
4.328761e+01 9.545041e-02
5.336699e+01 9.935367e-02
6.579332e+01 1.031979e-01
8.111308e+01 1.069276e-01
1.000000e+02 1.104788e-01
1.232847e+02 1.137793e-01
1.519911e+02 1.167494e-01
1.873817e+02 1.193041e-01
2.310130e+02 1.213552e-01
2.848036e+02 1.228145e-01
3.511192e+02 1.235979e-01
4.328761e+02 1.236294e-01
5.336699e+02 1.228461e-01
6.579332e+02 1.212024e-01
8.111308e+02 1.186740e-01
1.000000e+03 1.152607e-01
1.232847e+03 1.109878e-01
1.519911e+03 1.059061e-01
1.873817e+03 1.000904e-01
2.310130e+03 9.363678e-02
2.848036e+03 8.665982e-02
3.511192e+03 7.928839e-02
4.328761e+03 7.166214e-02
5.336699e+03 6.392748e-02
6.579332e+03 5.623343e-02
8.111308e+03 4.872681e-02
1.000000e+04 4.154679e-02
1.232847e+04 3.481855e-02
1.519911e+04 2.864662e-02
1.873817e+04 2.310900e-02
2.310130e+04 1.825318e-02
2.848036e+04 1.409504e-02
3.511192e+04 1.062094e-02
4.328761e+04 7.792356e-03
5.336699e+04 5.552133e-03
6.579332e+04 3.830867e-03
8.111308e+04 2.552504e-03
1.000000e+05 1.638787e-03
1.232847e+05 1.012967e-03
1.519911e+05 6.034757e-04
1.873817e+05 3.476306e-04
2.310130e+05 1.945930e-04
2.848036e+05 1.064702e-04
3.511192e+05 5.727148e-05
4.328761e+05 3.044030e-05
5.336699e+05 1.605034e-05
6.579332e+05 8.419704e-06
8.111308e+05 4.402908e-06
1.000000e+06 2.298077e-06
1.232847e+06 1.198158e-06
1.519911e+06 6.243002e-07
1.873817e+06 3.251793e-07
2.310130e+06 1.693444e-07
2.848036e+06 8.818101e-08
3.511192e+06 4.591525e-08
4.328761e+06 2.390715e-08
5.336699e+06 1.244782e-08
6.579332e+06 6.481222e-09
8.111308e+06 3.374579e-09
1.000000e+07 1.757043e-09
