1.000000e-02 1.088573e-02
1.232847e-02 1.142664e-02
1.519911e-02 1.199443e-02
1.873817e-02 1.259043e-02
2.310130e-02 1.321605e-02
2.848036e-02 1.387275e-02
3.511192e-02 1.456209e-02
4.328761e-02 1.528568e-02
5.336699e-02 1.604522e-02
6.579332e-02 1.684251e-02
8.111308e-02 1.767941e-02
1.000000e-01 1.855790e-02
1.232847e-01 1.948004e-02
1.519911e-01 2.044800e-02
1.873817e-01 2.146406e-02
2.310130e-01 2.253061e-02
2.848036e-01 2.365015e-02
3.511192e-01 2.482531e-02
4.328761e-01 2.605885e-02
5.336699e-01 2.735364e-02
6.579332e-01 2.871265e-02
8.111308e-01 3.013895e-02
1.000000e+00 3.163561e-02
1.232847e+00 3.320573e-02
1.519911e+00 3.485225e-02
1.873817e+00 3.657788e-02
2.310130e+00 3.838496e-02
2.848036e+00 4.027525e-02
3.511192e+00 4.224972e-02
4.328761e+00 4.430834e-02
5.336699e+00 4.644981e-02
6.579332e+00 4.867136e-02
8.111308e+00 5.096853e-02
1.000000e+01 5.333503e-02
1.232847e+01 5.576274e-02
1.519911e+01 5.824179e-02
1.873817e+01 6.076094e-02
2.310130e+01 6.330811e-02
2.848036e+01 6.587128e-02
3.511192e+01 6.843971e-02
4.328761e+01 7.100546e-02
5.336699e+01 7.356527e-02
6.579332e+01 7.612283e-02
8.111308e+01 7.869110e-02
1.000000e+02 8.129499e-02
1.232847e+02 8.397401e-02
1.519911e+02 8.678502e-02
1.873817e+02 8.980488e-02
2.310130e+02 9.313314e-02
2.848036e+02 9.689460e-02
3.511192e+02 1.012415e-01
4.328761e+02 1.063551e-01
5.336699e+02 1.124442e-01
6.579332e+02 1.197398e-01
8.111308e+02 1.284769e-01
1.000000e+03 1.388552e-01
1.232847e+03 1.509601e-01
1.519911e+03 1.646155e-01
1.873817e+03 1.791412e-01
2.310130e+03 1.930078e-01
2.848036e+03 2.034763e-01
3.511192e+03 2.065289e-01
4.328761e+03 1.976760e-01
5.336699e+03 1.741623e-01
6.579332e+03 1.379015e-01
8.111308e+03 9.640485e-02
1.000000e+04 5.924758e-02
1.232847e+04 3.244967e-02
1.519911e+04 1.632249e-02
1.873817e+04 7.842105e-03
2.310130e+04 3.742226e-03
2.848036e+04 1.830839e-03
3.511192e+04 9.374382e-04
4.328761e+04 5.068614e-04
5.336699e+04 2.890505e-04
6.579332e+04 1.723744e-04
8.111308e+04 1.061389e-04
1.000000e+05 6.656893e-05
1.232847e+05 4.202253e-05
1.519911e+05 2.646798e-05
1.873817e+05 1.654868e-05
2.310130e+05 1.025005e-05
2.848036e+05 6.289998e-06
3.511192e+05 3.828977e-06
4.328761e+05 2.316060e-06
5.336699e+05 1.394317e-06
6.579332e+05 8.365985e-07
8.111308e+05 5.008165e-07
1.000000e+06 2.993518e-07
1.232847e+06 1.787559e-07
1.519911e+06 1.066769e-07
1.873817e+06 6.363773e-08
2.310130e+06 3.795412e-08
2.848036e+06 2.263310e-08
3.511192e+06 1.349571e-08
4.328761e+06 8.046911e-09
5.336699e+06 4.797925e-09
6.579332e+06 2.860708e-09
8.111308e+06 1.705659e-09
1.000000e+07 1.016976e-09
