1.000000e-02 3.599669e-02
1.232847e-02 3.729392e-02
1.519911e-02 3.863789e-02
1.873817e-02 4.003030e-02
2.310130e-02 4.147288e-02
2.848036e-02 4.296745e-02
3.511192e-02 4.451588e-02
4.328761e-02 4.612012e-02
5.336699e-02 4.778216e-02
6.579332e-02 4.950410e-02
8.111308e-02 5.128810e-02
1.000000e-01 5.313638e-02
1.232847e-01 5.505128e-02
1.519911e-01 5.703518e-02
1.873817e-01 5.909057e-02
2.310130e-01 6.122003e-02
2.848036e-01 6.342621e-02
3.511192e-01 6.571183e-02
4.328761e-01 6.807962e-02
5.336699e-01 7.053221e-02
6.579332e-01 7.307198e-02
8.111308e-01 7.570070e-02
1.000000e+00 7.841918e-02
1.232847e+00 8.122657e-02
1.519911e+00 8.411966e-02
1.873817e+00 8.709189e-02
2.310130e+00 9.013225e-02
2.848036e+00 9.322401e-02
3.511192e+00 9.634348e-02
4.328761e+00 9.945874e-02
5.336699e+00 1.025285e-01
6.579332e+00 1.055014e-01
8.111308e+00 1.083157e-01
1.000000e+01 1.108996e-01
1.232847e+01 1.131730e-01
1.519911e+01 1.150494e-01
1.873817e+01 1.164395e-01
2.310130e+01 1.172560e-01
2.848036e+01 1.174189e-01
3.511192e+01 1.168611e-01
4.328761e+01 1.155340e-01
5.336699e+01 1.134125e-01
6.579332e+01 1.104979e-01
8.111308e+01 1.068195e-01
1.000000e+02 1.024332e-01
1.232847e+02 9.741903e-02
1.519911e+02 9.187558e-02
1.873817e+02 8.591459e-02
2.310130e+02 7.965443e-02
2.848036e+02 7.321419e-02
3.511192e+02 6.670891e-02
4.328761e+02 6.024605e-02
5.336699e+02 5.392339e-02
6.579332e+02 4.782803e-02
8.111308e+02 4.203599e-02
1.000000e+03 3.661184e-02
1.232847e+03 3.160803e-02
1.519911e+03 2.706372e-02
1.873817e+03 2.300342e-02
2.310130e+03 1.943589e-02
2.848036e+03 1.635395e-02
3.511192e+03 1.373553e-02
4.328761e+03 1.154608e-02
5.336699e+03 9.741897e-03
6.579332e+03 8.273914e-03
8.111308e+03 7.091016e-03
1.000000e+04 6.142504e-03
1.232847e+04 5.379311e-03
1.519911e+04 4.754025e-03
1.873817e+04 4.220198e-03
2.310130e+04 3.732053e-03
2.848036e+04 3.246592e-03
3.511192e+04 2.730572e-03
4.328761e+04 2.173070e-03
5.336699e+04 1.597950e-03
6.579332e+04 1.062160e-03
8.111308e+04 6.291493e-04
1.000000e+05 3.316742e-04
1.232847e+05 1.576520e-04
1.519911e+05 6.911010e-05
1.873817e+05 2.864172e-05
2.310130e+05 1.146075e-05
2.848036e+05 4.494677e-06
3.511192e+05 1.743963e-06
4.328761e+05 6.730472e-07
5.336699e+05 2.590841e-07
6.579332e+05 9.961510e-08
8.111308e+05 3.828096e-08
1.000000e+06 1.470762e-08
1.232847e+06 5.650159e-09
1.519911e+06 2.170510e-09
1.873817e+06 8.337881e-10
2.310130e+06 3.202925e-10
2.848036e+06 1.230373e-10
3.511192e+06 4.726356e-11
4.328761e+06 1.815582e-11
5.336699e+06 6.974372e-12
6.579332e+06 2.679134e-12
8.111308e+06 1.029162e-12
1.000000e+07 3.953421e-13
