1.000000e-02 2.089816e-02
1.232847e-02 2.179364e-02
1.519911e-02 2.272749e-02
1.873817e-02 2.370136e-02
2.310130e-02 2.471695e-02
2.848036e-02 2.577606e-02
3.511192e-02 2.688056e-02
4.328761e-02 2.803238e-02
5.336699e-02 2.923356e-02
6.579332e-02 3.048620e-02
8.111308e-02 3.179252e-02
1.000000e-01 3.315482e-02
1.232847e-01 3.457549e-02
1.519911e-01 3.605704e-02
1.873817e-01 3.760207e-02
2.310130e-01 3.921330e-02
2.848036e-01 4.089357e-02
3.511192e-01 4.264582e-02
4.328761e-01 4.447311e-02
5.336699e-01 4.637855e-02
6.579332e-01 4.836532e-02
8.111308e-01 5.043654e-02
1.000000e+00 5.259518e-02
1.232847e+00 5.484386e-02
1.519911e+00 5.718464e-02
1.873817e+00 5.961874e-02
2.310130e+00 6.214615e-02
2.848036e+00 6.476522e-02
3.511192e+00 6.747217e-02
4.328761e+00 7.026057e-02
5.336699e+00 7.312074e-02
6.579332e+00 7.603923e-02
8.111308e+00 7.899829e-02
1.000000e+01 8.197539e-02
1.232847e+01 8.494292e-02
1.519911e+01 8.786807e-02
1.873817e+01 9.071293e-02
2.310130e+01 9.343495e-02
2.848036e+01 9.598772e-02
3.511192e+01 9.832213e-02
4.328761e+01 1.003879e-01
5.336699e+01 1.021356e-01
6.579332e+01 1.035184e-01
8.111308e+01 1.044948e-01
1.000000e+02 1.050305e-01
1.232847e+02 1.051006e-01
1.519911e+02 1.046911e-01
1.873817e+02 1.037998e-01
2.310130e+02 1.024368e-01
2.848036e+02 1.006241e-01
3.511192e+02 9.839414e-02
4.328761e+02 9.578864e-02
5.336699e+02 9.285588e-02
6.579332e+02 8.964834e-02
8.111308e+02 8.622011e-02
1.000000e+03 8.262430e-02
1.232847e+03 7.891078e-02
1.519911e+03 7.512420e-02
1.873817e+03 7.130250e-02
2.310130e+03 6.747592e-02
2.848036e+03 6.366638e-02
3.511192e+03 5.988740e-02
4.328761e+03 5.614441e-02
5.336699e+03 5.243557e-02
6.579332e+03 4.875307e-02
8.111308e+03 4.508518e-02
1.000000e+04 4.141899e-02
1.232847e+04 3.774398e-02
1.519911e+04 3.405621e-02
1.873817e+04 3.036273e-02
2.310130e+04 2.668527e-02
2.848036e+04 2.306221e-02
3.511192e+04 1.954768e-02
4.328761e+04 1.620716e-02
5.336699e+04 1.310989e-02
6.579332e+04 1.031949e-02
8.111308e+04 7.884690e-03
1.000000e+05 5.832654e-03
1.232847e+05 4.166160e-03
1.519911e+05 2.865105e-03
1.873817e+05 1.891295e-03
2.310130e+05 1.194880e-03
2.848036e+05 7.209118e-04
3.511192e+05 4.151136e-04
4.328761e+05 2.285380e-04
5.336699e+05 1.208402e-04
6.579332e+05 6.177709e-05
8.111308e+05 3.077067e-05
1.000000e+06 1.504314e-05
1.232847e+06 7.262873e-06
1.519911e+06 3.478995e-06
1.873817e+06 1.658641e-06
2.310130e+06 7.886512e-07
2.848036e+06 3.744403e-07
3.511192e+06 1.776438e-07
4.328761e+06 8.424709e-08
5.336699e+06 3.994710e-08
6.579332e+06 1.894024e-08
8.111308e+06 8.979992e-09
1.000000e+07 4.257600e-09
