1.000000e-02 3.016048e-02
1.232847e-02 3.143909e-02
1.519911e-02 3.277190e-02
1.873817e-02 3.416121e-02
2.310130e-02 3.560942e-02
2.848036e-02 3.711903e-02
3.511192e-02 3.869263e-02
4.328761e-02 4.033294e-02
5.336699e-02 4.204280e-02
6.579332e-02 4.382513e-02
8.111308e-02 4.568303e-02
1.000000e-01 4.761969e-02
1.232847e-01 4.963845e-02
1.519911e-01 5.174280e-02
1.873817e-01 5.393635e-02
2.310130e-01 5.622289e-02
2.848036e-01 5.860636e-02
3.511192e-01 6.109082e-02
4.328761e-01 6.368046e-02
5.336699e-01 6.637949e-02
6.579332e-01 6.919202e-02
8.111308e-01 7.212178e-02
1.000000e+00 7.517178e-02
1.232847e+00 7.834373e-02
1.519911e+00 8.163728e-02
1.873817e+00 8.504910e-02
2.310130e+00 8.857164e-02
2.848036e+00 9.219173e-02
3.511192e+00 9.588901e-02
4.328761e+00 9.963415e-02
5.336699e+00 1.033872e-01
6.579332e+00 1.070957e-01
8.111308e+00 1.106941e-01
1.000000e+01 1.141022e-01
1.232847e+01 1.172264e-01
1.519911e+01 1.199608e-01
1.873817e+01 1.221900e-01
2.310130e+01 1.237945e-01
2.848036e+01 1.246567e-01
3.511192e+01 1.246686e-01
4.328761e+01 1.237404e-01
5.336699e+01 1.218095e-01
6.579332e+01 1.188474e-01
8.111308e+01 1.148657e-01
1.000000e+02 1.099184e-01
1.232847e+02 1.041002e-01
1.519911e+02 9.754195e-02
1.873817e+02 9.040219e-02
2.310130e+02 8.285714e-02
2.848036e+02 7.508994e-02
3.511192e+02 6.728059e-02
4.328761e+02 5.959759e-02
5.336699e+02 5.219150e-02
6.579332e+02 4.519051e-02
8.111308e+02 3.869754e-02
1.000000e+03 3.278843e-02
1.232847e+03 2.751113e-02
1.519911e+03 2.288585e-02
1.873817e+03 1.890657e-02
2.310130e+03 1.554404e-02
2.848036e+03 1.275031e-02
3.511192e+03 1.046433e-02
4.328761e+03 8.617823e-03
5.336699e+03 7.140592e-03
6.579332e+03 5.964677e-03
8.111308e+03 5.026928e-03
1.000000e+04 4.270169e-03
1.232847e+04 3.643401e-03
1.519911e+04 3.101935e-03
1.873817e+04 2.608600e-03
2.310130e+04 2.137097e-03
2.848036e+04 1.677204e-03
3.511192e+04 1.238603e-03
4.328761e+04 8.473687e-04
5.336699e+04 5.320475e-04
6.579332e+04 3.065942e-04
8.111308e+04 1.636711e-04
1.000000e+05 8.220098e-05
1.232847e+05 3.950308e-05
1.519911e+05 1.843681e-05
1.873817e+05 8.450938e-06
2.310130e+05 3.833251e-06
2.848036e+05 1.728642e-06
3.511192e+05 7.771388e-07
4.328761e+05 3.488178e-07
5.336699e+05 1.564409e-07
6.579332e+05 7.013436e-08
8.111308e+05 3.143609e-08
1.000000e+06 1.408921e-08
1.232847e+06 6.314316e-09
1.519911e+06 2.829810e-09
1.873817e+06 1.268190e-09
2.310130e+06 5.683417e-10
2.848036e+06 2.547029e-10
3.511192e+06 1.141453e-10
4.328761e+06 5.115425e-11
5.336699e+06 2.292480e-11
6.579332e+06 1.027376e-11
8.111308e+06 4.604188e-12
1.000000e+07 2.063368e-12
