1.000000e-02 2.284181e-02
1.232847e-02 2.396927e-02
1.519911e-02 2.515237e-02
1.873817e-02 2.639387e-02
2.310130e-02 2.769664e-02
2.848036e-02 2.906372e-02
3.511192e-02 3.049828e-02
4.328761e-02 3.200365e-02
5.336699e-02 3.358332e-02
6.579332e-02 3.524096e-02
8.111308e-02 3.698043e-02
1.000000e-01 3.880575e-02
1.232847e-01 4.072116e-02
1.519911e-01 4.273112e-02
1.873817e-01 4.484029e-02
2.310130e-01 4.705357e-02
2.848036e-01 4.937607e-02
3.511192e-01 5.181317e-02
4.328761e-01 5.437041e-02
5.336699e-01 5.705349e-02
6.579332e-01 5.986808e-02
8.111308e-01 6.281958e-02
1.000000e+00 6.591273e-02
1.232847e+00 6.915102e-02
1.519911e+00 7.253587e-02
1.873817e+00 7.606556e-02
2.310130e+00 7.973388e-02
2.848036e+00 8.352849e-02
3.511192e+00 8.742908e-02
4.328761e+00 9.140534e-02
5.336699e+00 9.541494e-02
6.579332e+00 9.940174e-02
8.111308e+00 1.032945e-01
1.000000e+01 1.070064e-01
1.232847e+01 1.104360e-01
1.519911e+01 1.134702e-01
1.873817e+01 1.159882e-01
2.310130e+01 1.178692e-01
2.848036e+01 1.190004e-01
3.511192e+01 1.192873e-01
4.328761e+01 1.186636e-01
5.336699e+01 1.171001e-01
6.579332e+01 1.146103e-01
8.111308e+01 1.112527e-01
1.000000e+02 1.071279e-01
1.232847e+02 1.023708e-01
1.519911e+02 9.714001e-02
1.873817e+02 9.160483e-02
2.310130e+02 8.593179e-02
2.848036e+02 8.027332e-02
3.511192e+02 7.475899e-02
4.328761e+02 6.949019e-02
5.336699e+02 6.453816e-02
6.579332e+02 5.994469e-02
8.111308e+02 5.572481e-02
1.000000e+03 5.187043e-02
1.232847e+03 4.835446e-02
1.519911e+03 4.513470e-02
1.873817e+03 4.215752e-02
2.310130e+03 3.936129e-02
2.848036e+03 3.668001e-02
3.511192e+03 3.404744e-02
4.328761e+03 3.140219e-02
5.336699e+03 2.869403e-02
6.579332e+03 2.589088e-02
8.111308e+03 2.298561e-02
1.000000e+04 2.000070e-02
1.232847e+04 1.698900e-02
1.519911e+04 1.402896e-02
1.873817e+04 1.121423e-02
2.310130e+04 8.639358e-03
2.848036e+04 6.384703e-03
3.511192e+04 4.503987e-03
4.328761e+04 3.017181e-03
5.336699e+04 1.909692e-03
6.579332e+04 1.137396e-03
8.111308e+04 6.362928e-04
1.000000e+05 3.349518e-04
1.232847e+05 1.669226e-04
1.519911e+05 7.950442e-05
1.873817e+05 3.659406e-05
2.310130e+05 1.644811e-05
2.848036e+05 7.281005e-06
3.511192e+05 3.193597e-06
4.328761e+05 1.393494e-06
5.336699e+05 6.063239e-07
6.579332e+05 2.634309e-07
8.111308e+05 1.143689e-07
1.000000e+06 4.963546e-08
1.232847e+06 2.153778e-08
1.519911e+06 9.344900e-09
1.873817e+06 4.054451e-09
2.310130e+06 1.759065e-09
2.848036e+06 7.631828e-10
3.511192e+06 3.311111e-10
4.328761e+06 1.436542e-10
5.336699e+06 6.232504e-11
6.579332e+06 2.704000e-11
8.111308e+06 1.173143e-11
1.000000e+07 5.089734e-12
