1.000000e-02 1.002262e-02
1.232847e-02 1.057274e-02
1.519911e-02 1.115306e-02
1.873817e-02 1.176523e-02
2.310130e-02 1.241100e-02
2.848036e-02 1.309221e-02
3.511192e-02 1.381082e-02
4.328761e-02 1.456887e-02
5.336699e-02 1.536853e-02
6.579332e-02 1.621208e-02
8.111308e-02 1.710193e-02
1.000000e-01 1.804062e-02
1.232847e-01 1.903083e-02
1.519911e-01 2.007540e-02
1.873817e-01 2.117730e-02
2.310130e-01 2.233968e-02
2.848036e-01 2.356586e-02
3.511192e-01 2.485935e-02
4.328761e-01 2.622383e-02
5.336699e-01 2.766321e-02
6.579332e-01 2.918160e-02
8.111308e-01 3.078334e-02
1.000000e+00 3.247300e-02
1.232847e+00 3.425543e-02
1.519911e+00 3.613572e-02
1.873817e+00 3.811922e-02
2.310130e+00 4.021158e-02
2.848036e+00 4.241868e-02
3.511192e+00 4.474668e-02
4.328761e+00 4.720191e-02
5.336699e+00 4.979085e-02
6.579332e+00 5.251997e-02
8.111308e+00 5.539565e-02
1.000000e+01 5.842390e-02
1.232847e+01 6.161010e-02
1.519911e+01 6.495859e-02
1.873817e+01 6.847220e-02
2.310130e+01 7.215158e-02
2.848036e+01 7.599450e-02
3.511192e+01 7.999488e-02
4.328761e+01 8.414173e-02
5.336699e+01 8.841794e-02
6.579332e+01 9.279895e-02
8.111308e+01 9.725136e-02
1.000000e+02 1.017316e-01
1.232847e+02 1.061845e-01
1.519911e+02 1.105429e-01
1.873817e+02 1.147266e-01
2.310130e+02 1.186430e-01
2.848036e+02 1.221887e-01
3.511192e+02 1.252512e-01
4.328761e+02 1.277133e-01
5.336699e+02 1.294578e-01
6.579332e+02 1.303733e-01
8.111308e+02 1.303617e-01
1.000000e+03 1.293443e-01
1.232847e+03 1.272691e-01
1.519911e+03 1.241153e-01
1.873817e+03 1.198973e-01
2.310130e+03 1.146659e-01
2.848036e+03 1.085073e-01
3.511192e+03 1.015401e-01
4.328761e+03 9.391025e-02
5.336699e+03 8.578472e-02
6.579332e+03 7.734413e-02
8.111308e+03 6.877528e-02
1.000000e+04 6.026374e-02
1.232847e+04 5.198685e-02
1.519911e+04 4.410712e-02
1.873817e+04 3.676609e-02
2.310130e+04 3.007840e-02
2.848036e+04 2.412649e-02
3.511192e+04 1.895661e-02
4.328761e+04 1.457742e-02
5.336699e+04 1.096209e-02
6.579332e+04 8.053961e-03
8.111308e+04 5.775108e-03
1.000000e+05 4.035934e-03
1.232847e+05 2.744148e-03
1.519911e+05 1.811696e-03
1.873817e+05 1.159133e-03
2.310130e+05 7.177201e-04
2.848036e+05 4.300055e-04
3.511192e+05 2.496553e-04
4.328761e+05 1.409175e-04
5.336699e+05 7.768330e-05
6.579332e+05 4.203869e-05
8.111308e+05 2.244181e-05
1.000000e+06 1.186758e-05
1.232847e+06 6.236758e-06
1.519911e+06 3.264737e-06
1.873817e+06 1.704916e-06
2.310130e+06 8.891058e-07
2.848036e+06 4.633018e-07
3.511192e+06 2.413185e-07
4.328761e+06 1.256675e-07
5.336699e+06 6.543503e-08
6.579332e+06 3.407050e-08
8.111308e+06 1.773946e-08
1.000000e+07 9.236366e-09
