1.000000e-02 1.519583e-02
1.232847e-02 1.598515e-02
1.519911e-02 1.681546e-02
1.873817e-02 1.768891e-02
2.310130e-02 1.860772e-02
2.848036e-02 1.957426e-02
3.511192e-02 2.059100e-02
4.328761e-02 2.166056e-02
5.336699e-02 2.278567e-02
6.579332e-02 2.396922e-02
8.111308e-02 2.521425e-02
1.000000e-01 2.652395e-02
1.232847e-01 2.790168e-02
1.519911e-01 2.935098e-02
1.873817e-01 3.087555e-02
2.310130e-01 3.247932e-02
2.848036e-01 3.416639e-02
3.511192e-01 3.594110e-02
4.328761e-01 3.780800e-02
5.336699e-01 3.977193e-02
6.579332e-01 4.183798e-02
8.111308e-01 4.401157e-02
1.000000e+00 4.629852e-02
1.232847e+00 4.870506e-02
1.519911e+00 5.123797e-02
1.873817e+00 5.390464e-02
2.310130e+00 5.671318e-02
2.848036e+00 5.967244e-02
3.511192e+00 6.279215e-02
4.328761e+00 6.608283e-02
5.336699e+00 6.955572e-02
6.579332e+00 7.322254e-02
8.111308e+00 7.709508e-02
1.000000e+01 8.118448e-02
1.232847e+01 8.550021e-02
1.519911e+01 9.004863e-02
1.873817e+01 9.483095e-02
2.310130e+01 9.984059e-02
2.848036e+01 1.050597e-01
3.511192e+01 1.104550e-01
4.328761e+01 1.159727e-01
5.336699e+01 1.215327e-01
6.579332e+01 1.270223e-01
8.111308e+01 1.322910e-01
1.000000e+02 1.371454e-01
1.232847e+02 1.413480e-01
1.519911e+02 1.446201e-01
1.873817e+02 1.466520e-01
2.310130e+02 1.471223e-01
2.848036e+02 1.457279e-01
3.511192e+02 1.422241e-01
4.328761e+02 1.364711e-01
5.336699e+02 1.284801e-01
6.579332e+02 1.184469e-01
8.111308e+02 1.067609e-01
1.000000e+03 9.397929e-02
1.232847e+03 8.076537e-02
1.519911e+03 6.779871e-02
1.873817e+03 5.567918e-02
2.310130e+03 4.484888e-02
2.848036e+03 3.555221e-02
3.511192e+03 2.783999e-02
4.328761e+03 2.160875e-02
5.336699e+03 1.665719e-02
6.579332e+03 1.274221e-02
8.111308e+03 9.624728e-03
1.000000e+04 7.103322e-03
1.232847e+04 5.037710e-03
1.519911e+04 3.359424e-03
1.873817e+04 2.058349e-03
2.310130e+04 1.138160e-03
2.848036e+04 5.647411e-04
3.511192e+04 2.538598e-04
4.328761e+04 1.055484e-04
5.336699e+04 4.157635e-05
6.579332e+04 1.583967e-05
8.111308e+04 5.922488e-06
1.000000e+05 2.192976e-06
1.232847e+05 8.081714e-07
1.519911e+05 2.971806e-07
1.873817e+05 1.091731e-07
2.310130e+05 4.008942e-08
2.848036e+05 1.471869e-08
3.511192e+05 5.403532e-09
4.328761e+05 1.983692e-09
5.336699e+05 7.282258e-10
6.579332e+05 2.673351e-10
8.111308e+05 9.813981e-11
1.000000e+06 3.602750e-11
1.232847e+06 1.322583e-11
1.519911e+06 4.855252e-12
1.873817e+06 1.782381e-12
2.310130e+06 6.543187e-13
2.848036e+06 2.402028e-13
3.511192e+06 8.817935e-14
4.328761e+06 3.237097e-14
5.336699e+06 1.188350e-14
6.579332e+06 4.362478e-15
8.111308e+06 1.601482e-15
1.000000e+07 5.879099e-16
