1.000000e-02 6.743936e-03
1.232847e-02 7.127969e-03
1.519911e-02 7.533870e-03
1.873817e-02 7.962885e-03
2.310130e-02 8.416331e-03
2.848036e-02 8.895597e-03
3.511192e-02 9.402156e-03
4.328761e-02 9.937560e-03
5.336699e-02 1.050345e-02
6.579332e-02 1.110157e-02
8.111308e-02 1.173375e-02
1.000000e-01 1.240193e-02
1.232847e-01 1.310815e-02
1.519911e-01 1.385459e-02
1.873817e-01 1.464354e-02
2.310130e-01 1.547742e-02
2.848036e-01 1.635877e-02
3.511192e-01 1.729032e-02
4.328761e-01 1.827492e-02
5.336699e-01 1.931559e-02
6.579332e-01 2.041552e-02
8.111308e-01 2.157810e-02
1.000000e+00 2.280690e-02
1.232847e+00 2.410572e-02
1.519911e+00 2.547856e-02
1.873817e+00 2.692970e-02
2.310130e+00 2.846365e-02
2.848036e+00 3.008521e-02
3.511192e+00 3.179947e-02
4.328761e+00 3.361184e-02
5.336699e+00 3.552804e-02
6.579332e+00 3.755413e-02
8.111308e+00 3.969646e-02
1.000000e+01 4.196166e-02
1.232847e+01 4.435659e-02
1.519911e+01 4.688826e-02
1.873817e+01 4.956364e-02
2.310130e+01 5.238957e-02
2.848036e+01 5.537242e-02
3.511192e+01 5.851779e-02
4.328761e+01 6.183010e-02
5.336699e+01 6.531205e-02
6.579332e+01 6.896396e-02
8.111308e+01 7.278308e-02
1.000000e+02 7.676267e-02
1.232847e+02 8.089117e-02
1.519911e+02 8.515118e-02
1.873817e+02 8.951853e-02
2.310130e+02 9.396155e-02
2.848036e+02 9.844041e-02
3.511192e+02 1.029070e-01
4.328761e+02 1.073049e-01
5.336699e+02 1.115708e-01
6.579332e+02 1.156355e-01
8.111308e+02 1.194262e-01
1.000000e+03 1.228694e-01
1.232847e+03 1.258936e-01
1.519911e+03 1.284324e-01
1.873817e+03 1.304264e-01
2.310130e+03 1.318243e-01
2.848036e+03 1.325817e-01
3.511192e+03 1.326582e-01
4.328761e+03 1.320108e-01
5.336699e+03 1.305857e-01
6.579332e+03 1.283082e-01
8.111308e+03 1.250732e-01
1.000000e+04 1.207403e-01
1.232847e+04 1.151385e-01
1.519911e+04 1.080864e-01
1.873817e+04 9.943544e-02
2.310130e+04 8.913503e-02
2.848036e+04 7.731473e-02
3.511192e+04 6.435791e-02
4.328761e+04 5.092985e-02
5.336699e+04 3.791811e-02
6.579332e+04 2.626744e-02
8.111308e+04 1.674499e-02
1.000000e+05 9.727355e-03
1.232847e+05 5.116465e-03
1.519911e+05 2.436304e-03
1.873817e+05 1.058829e-03
2.310130e+05 4.267458e-04
2.848036e+05 1.627025e-04
3.511192e+05 5.980507e-05
4.328761e+05 2.150994e-05
5.336699e+05 7.645482e-06
6.579332e+05 2.701358e-06
8.111308e+05 9.517768e-07
1.000000e+06 3.349186e-07
1.232847e+06 1.177899e-07
1.519911e+06 4.141704e-08
1.873817e+06 1.456167e-08
2.310130e+06 5.119506e-09
2.848036e+06 1.799861e-09
3.511192e+06 6.327729e-10
4.328761e+06 2.224620e-10
5.336699e+06 7.821025e-11
6.579332e+06 2.749611e-11
8.111308e+06 9.666716e-12
1.000000e+07 3.398495e-12
