1.000000e-02 1.834844e-02
1.232847e-02 1.962225e-02
1.519911e-02 2.098450e-02
1.873817e-02 2.244132e-02
2.310130e-02 2.399928e-02
2.848036e-02 2.566540e-02
3.511192e-02 2.744719e-02
4.328761e-02 2.935267e-02
5.336699e-02 3.139044e-02
6.579332e-02 3.356968e-02
8.111308e-02 3.590021e-02
1.000000e-01 3.839253e-02
1.232847e-01 4.105788e-02
1.519911e-01 4.390827e-02
1.873817e-01 4.695654e-02
2.310130e-01 5.021643e-02
2.848036e-01 5.370261e-02
3.511192e-01 5.743071e-02
4.328761e-01 6.141732e-02
5.336699e-01 6.567980e-02
6.579332e-01 7.023594e-02
8.111308e-01 7.510317e-02
1.000000e+00 8.029725e-02
1.232847e+00 8.582997e-02
1.519911e+00 9.170581e-02
1.873817e+00 9.791686e-02
2.310130e+00 1.044360e-01
2.848036e+00 1.112080e-01
3.511192e+00 1.181385e-01
4.328761e+00 1.250820e-01
5.336699e+00 1.318301e-01
6.579332e+00 1.381029e-01
8.111308e+00 1.435485e-01
1.000000e+01 1.477550e-01
1.232847e+01 1.502800e-01
1.519911e+01 1.507019e-01
1.873817e+01 1.486869e-01
2.310130e+01 1.440629e-01
2.848036e+01 1.368801e-01
3.511192e+01 1.274371e-01
4.328761e+01 1.162574e-01
5.336699e+01 1.040166e-01
6.579332e+01 9.143712e-02
8.111308e+01 7.918147e-02
1.000000e+02 6.777075e-02
1.232847e+02 5.754566e-02
1.519911e+02 4.866888e-02
1.873817e+02 4.115671e-02
2.310130e+02 3.492336e-02
2.848036e+02 2.982437e-02
3.511192e+02 2.569108e-02
4.328761e+02 2.235407e-02
5.336699e+02 1.965645e-02
6.579332e+02 1.745980e-02
8.111308e+02 1.564551e-02
1.000000e+03 1.411394e-02
1.232847e+03 1.278283e-02
1.519911e+03 1.158611e-02
1.873817e+03 1.047322e-02
2.310130e+03 9.409013e-03
2.848036e+03 8.373373e-03
3.511192e+03 7.360216e-03
4.328761e+03 6.375098e-03
5.336699e+03 5.431547e-03
6.579332e+03 4.546614e-03
8.111308e+03 3.736578e-03
1.000000e+04 3.013692e-03
1.232847e+04 2.384510e-03
1.519911e+04 1.849772e-03
1.873817e+04 1.405422e-03
2.310130e+04 1.044145e-03
2.848036e+04 7.568725e-04
3.511192e+04 5.339135e-04
4.328761e+04 3.655998e-04
5.336699e+04 2.425588e-04
6.579332e+04 1.558335e-04
8.111308e+04 9.706225e-05
1.000000e+05 5.878398e-05
1.232847e+05 3.476358e-05
1.519911e+05 2.017142e-05
1.873817e+05 1.153795e-05
2.310130e+05 6.532295e-06
2.848036e+05 3.672392e-06
3.511192e+05 2.055018e-06
4.328761e+05 1.146546e-06
5.336699e+05 6.385028e-07
6.579332e+05 3.551756e-07
8.111308e+05 1.974374e-07
1.000000e+06 1.097091e-07
1.232847e+06 6.094734e-08
1.519911e+06 3.385393e-08
1.873817e+06 1.880315e-08
2.310130e+06 1.044321e-08
2.848036e+06 5.799988e-09
3.511192e+06 3.221180e-09
4.328761e+06 1.788958e-09
5.336699e+06 9.935370e-10
6.579332e+06 5.517818e-10
8.111308e+06 3.064435e-10
1.000000e+07 1.701898e-10
