1.000000e-02 2.185605e-02
1.232847e-02 2.287273e-02
1.519911e-02 2.393671e-02
1.873817e-02 2.505017e-02
2.310130e-02 2.621544e-02
2.848036e-02 2.743491e-02
3.511192e-02 2.871111e-02
4.328761e-02 3.004667e-02
5.336699e-02 3.144435e-02
6.579332e-02 3.290706e-02
8.111308e-02 3.443780e-02
1.000000e-01 3.603975e-02
1.232847e-01 3.771622e-02
1.519911e-01 3.947068e-02
1.873817e-01 4.130674e-02
2.310130e-01 4.322822e-02
2.848036e-01 4.523907e-02
3.511192e-01 4.734345e-02
4.328761e-01 4.954566e-02
5.336699e-01 5.185020e-02
6.579332e-01 5.426163e-02
8.111308e-01 5.678457e-02
1.000000e+00 5.942354e-02
1.232847e+00 6.218279e-02
1.519911e+00 6.506601e-02
1.873817e+00 6.807597e-02
2.310130e+00 7.121408e-02
2.848036e+00 7.447980e-02
3.511192e+00 7.786992e-02
4.328761e+00 8.137775e-02
5.336699e+00 8.499217e-02
6.579332e+00 8.869662e-02
8.111308e+00 9.246795e-02
1.000000e+01 9.627538e-02
1.232847e+01 1.000794e-01
1.519911e+01 1.038310e-01
1.873817e+01 1.074710e-01
2.310130e+01 1.109301e-01
2.848036e+01 1.141293e-01
3.511192e+01 1.169813e-01
4.328761e+01 1.193927e-01
5.336699e+01 1.212671e-01
6.579332e+01 1.225092e-01
8.111308e+01 1.230298e-01
1.000000e+02 1.227514e-01
1.232847e+02 1.216133e-01
1.519911e+02 1.195774e-01
1.873817e+02 1.166319e-01
2.310130e+02 1.127945e-01
2.848036e+02 1.081131e-01
3.511192e+02 1.026648e-01
4.328761e+02 9.655298e-02
5.336699e+02 8.990232e-02
6.579332e+02 8.285279e-02
8.111308e+02 7.555271e-02
1.000000e+03 6.815161e-02
1.232847e+03 6.079348e-02
1.519911e+03 5.361097e-02
1.873817e+03 4.672076e-02
2.310130e+03 4.022043e-02
2.848036e+03 3.418669e-02
3.511192e+03 2.867482e-02
4.328761e+03 2.371920e-02
5.336699e+03 1.933453e-02
6.579332e+03 1.551777e-02
8.111308e+03 1.225034e-02
1.000000e+04 9.500854e-03
1.232847e+04 7.227971e-03
1.519911e+04 5.383653e-03
1.873817e+04 3.916393e-03
2.310130e+04 2.774159e-03
2.848036e+04 1.906665e-03
3.511192e+04 1.266715e-03
4.328761e+04 8.107096e-04
5.336699e+04 4.987383e-04
6.579332e+04 2.948706e-04
8.111308e+04 1.679471e-04
1.000000e+05 9.258383e-05
1.232847e+05 4.970390e-05
1.519911e+05 2.615449e-05
1.873817e+05 1.356866e-05
2.310130e+05 6.972679e-06
2.848036e+05 3.561471e-06
3.511192e+05 1.812372e-06
4.328761e+05 9.202628e-07
5.336699e+05 4.666896e-07
6.579332e+05 2.365029e-07
8.111308e+05 1.198051e-07
1.000000e+06 6.067671e-08
1.232847e+06 3.072697e-08
1.519911e+06 1.555936e-08
1.873817e+06 7.878618e-09
2.310130e+06 3.989344e-09
2.848036e+06 2.019991e-09
3.511192e+06 1.022811e-09
4.328761e+06 5.178940e-10
5.336699e+06 2.622321e-10
6.579332e+06 1.327794e-10
8.111308e+06 6.723190e-11
1.000000e+07 3.404240e-11
