1.000000e-02 1.753618e-02
1.232847e-02 1.813694e-02
1.519911e-02 1.875828e-02
1.873817e-02 1.940090e-02
2.310130e-02 2.006554e-02
2.848036e-02 2.075295e-02
3.511192e-02 2.146391e-02
4.328761e-02 2.219923e-02
5.336699e-02 2.295973e-02
6.579332e-02 2.374629e-02
8.111308e-02 2.455980e-02
1.000000e-01 2.540118e-02
1.232847e-01 2.627138e-02
1.519911e-01 2.717139e-02
1.873817e-01 2.810223e-02
2.310130e-01 2.906496e-02
2.848036e-01 3.006067e-02
3.511192e-01 3.109048e-02
4.328761e-01 3.215553e-02
5.336699e-01 3.325697e-02
6.579332e-01 3.439593e-02
8.111308e-01 3.557345e-02
1.000000e+00 3.679045e-02
1.232847e+00 3.804762e-02
1.519911e+00 3.934529e-02
1.873817e+00 4.068336e-02
2.310130e+00 4.206111e-02
2.848036e+00 4.347708e-02
3.511192e+00 4.492896e-02
4.328761e+00 4.641343e-02
5.336699e+00 4.792614e-02
6.579332e+00 4.946164e-02
8.111308e+00 5.101345e-02
1.000000e+01 5.257413e-02
1.232847e+01 5.413555e-02
1.519911e+01 5.568909e-02
1.873817e+01 5.722611e-02
2.310130e+01 5.873837e-02
2.848036e+01 6.021855e-02
3.511192e+01 6.166082e-02
4.328761e+01 6.306142e-02
5.336699e+01 6.441917e-02
6.579332e+01 6.573596e-02
8.111308e+01 6.701713e-02
1.000000e+02 6.827166e-02
1.232847e+02 6.951234e-02
1.519911e+02 7.075567e-02
1.873817e+02 7.202169e-02
2.310130e+02 7.333366e-02
2.848036e+02 7.471760e-02
3.511192e+02 7.620176e-02
4.328761e+02 7.781595e-02
5.336699e+02 7.959074e-02
6.579332e+02 8.155660e-02
8.111308e+02 8.374265e-02
1.000000e+03 8.617527e-02
1.232847e+03 8.887608e-02
1.519911e+03 9.185939e-02
1.873817e+03 9.512871e-02
2.310130e+03 9.867219e-02
2.848036e+03 1.024565e-01
3.511192e+03 1.064195e-01
4.328761e+03 1.104606e-01
5.336699e+03 1.144304e-01
6.579332e+03 1.181201e-01
8.111308e+03 1.212521e-01
1.000000e+04 1.234766e-01
1.232847e+04 1.243788e-01
1.519911e+04 1.235034e-01
1.873817e+04 1.204039e-01
2.310130e+04 1.147195e-01
2.848036e+04 1.062764e-01
3.511192e+04 9.519220e-02
4.328761e+04 8.195022e-02
5.336699e+04 6.739621e-02
6.579332e+04 5.262801e-02
8.111308e+04 3.878872e-02
1.000000e+05 2.682685e-02
1.232847e+05 1.731181e-02
1.519911e+05 1.036882e-02
1.873817e+05 5.740659e-03
2.310130e+05 2.934081e-03
2.848036e+05 1.388996e-03
3.511192e+05 6.144892e-04
4.328761e+05 2.574688e-04
5.336699e+05 1.037132e-04
6.579332e+05 4.071137e-05
8.111308e+05 1.573455e-05
1.000000e+06 6.029028e-06
1.232847e+06 2.299816e-06
1.519911e+06 8.753503e-07
1.873817e+06 3.328298e-07
2.310130e+06 1.264913e-07
2.848036e+06 4.806306e-08
3.511192e+06 1.826103e-08
4.328761e+06 6.937844e-09
5.336699e+06 2.635834e-09
6.579332e+06 1.001405e-09
8.111308e+06 3.804526e-10
1.000000e+07 1.445412e-10
