1.000000e-02 1.044750e-02
1.232847e-02 1.094176e-02
1.519911e-02 1.145941e-02
1.873817e-02 1.200155e-02
2.310130e-02 1.256933e-02
2.848036e-02 1.316398e-02
3.511192e-02 1.378676e-02
4.328761e-02 1.443900e-02
5.336699e-02 1.512210e-02
6.579332e-02 1.583751e-02
8.111308e-02 1.658678e-02
1.000000e-01 1.737149e-02
1.232847e-01 1.819332e-02
1.519911e-01 1.905403e-02
1.873817e-01 1.995547e-02
2.310130e-01 2.089955e-02
2.848036e-01 2.188829e-02
3.511192e-01 2.292381e-02
4.328761e-01 2.400832e-02
5.336699e-01 2.514413e-02
6.579332e-01 2.633367e-02
8.111308e-01 2.757947e-02
1.000000e+00 2.888419e-02
1.232847e+00 3.025059e-02
1.519911e+00 3.168157e-02
1.873817e+00 3.318016e-02
2.310130e+00 3.474955e-02
2.848036e+00 3.639307e-02
3.511192e+00 3.811426e-02
4.328761e+00 3.991687e-02
5.336699e+00 4.180493e-02
6.579332e+00 4.378279e-02
8.111308e+00 4.585523e-02
1.000000e+01 4.802751e-02
1.232847e+01 5.030554e-02
1.519911e+01 5.269598e-02
1.873817e+01 5.520642e-02
2.310130e+01 5.784555e-02
2.848036e+01 6.062335e-02
3.511192e+01 6.355132e-02
4.328761e+01 6.664264e-02
5.336699e+01 6.991236e-02
6.579332e+01 7.337756e-02
8.111308e+01 7.705735e-02
1.000000e+02 8.097287e-02
1.232847e+02 8.514699e-02
1.519911e+02 8.960382e-02
1.873817e+02 9.436775e-02
2.310130e+02 9.946198e-02
2.848036e+02 1.049063e-01
3.511192e+02 1.107135e-01
4.328761e+02 1.168848e-01
5.336699e+02 1.234027e-01
6.579332e+02 1.302215e-01
8.111308e+02 1.372546e-01
1.000000e+03 1.443573e-01
1.232847e+03 1.513061e-01
1.519911e+03 1.577739e-01
1.873817e+03 1.633055e-01
2.310130e+03 1.672986e-01
2.848036e+03 1.690051e-01
3.511192e+03 1.675729e-01
4.328761e+03 1.621520e-01
5.336699e+03 1.520859e-01
6.579332e+03 1.371751e-01
8.111308e+03 1.179457e-01
1.000000e+04 9.578684e-02
1.232847e+04 7.280765e-02
1.519911e+04 5.135954e-02
1.873817e+04 3.338009e-02
2.310130e+04 1.987564e-02
2.848036e+04 1.080352e-02
3.511192e+04 5.357655e-03
4.328761e+04 2.433791e-03
5.336699e+04 1.022694e-03
6.579332e+04 4.035175e-04
8.111308e+04 1.520931e-04
1.000000e+05 5.563813e-05
1.232847e+05 1.999612e-05
1.519911e+05 7.117747e-06
1.873817e+05 2.521356e-06
2.310130e+05 8.911058e-07
2.848036e+05 3.146130e-07
3.511192e+05 1.110278e-07
4.328761e+05 3.917479e-08
5.336699e+05 1.382133e-08
6.579332e+05 4.876184e-09
8.111308e+05 1.720305e-09
1.000000e+06 6.069168e-10
1.232847e+06 2.141175e-10
1.519911e+06 7.553963e-11
1.873817e+06 2.665001e-11
2.310130e+06 9.401995e-12
2.848036e+06 3.316978e-12
3.511192e+06 1.170214e-12
4.328761e+06 4.128456e-13
5.336699e+06 1.456499e-13
6.579332e+06 5.138458e-14
8.111308e+06 1.812823e-14
1.000000e+07 6.395550e-15
