1.000000e-02 2.695538e-02
1.232847e-02 2.820355e-02
1.519911e-02 2.950953e-02
1.873817e-02 3.087597e-02
2.310130e-02 3.230569e-02
2.848036e-02 3.380162e-02
3.511192e-02 3.536681e-02
4.328761e-02 3.700448e-02
5.336699e-02 3.871798e-02
6.579332e-02 4.051083e-02
8.111308e-02 4.238669e-02
1.000000e-01 4.434942e-02
1.232847e-01 4.640303e-02
1.519911e-01 4.855174e-02
1.873817e-01 5.079994e-02
2.310130e-01 5.315224e-02
2.848036e-01 5.561346e-02
3.511192e-01 5.818862e-02
4.328761e-01 6.088293e-02
5.336699e-01 6.370176e-02
6.579332e-01 6.665052e-02
8.111308e-01 6.973452e-02
1.000000e+00 7.295869e-02
1.232847e+00 7.632719e-02
1.519911e+00 7.984277e-02
1.873817e+00 8.350607e-02
2.310130e+00 8.731449e-02
2.848036e+00 9.126094e-02
3.511192e+00 9.533222e-02
4.328761e+00 9.950711e-02
5.336699e+00 1.037542e-01
6.579332e+00 1.080297e-01
8.111308e+00 1.122747e-01
1.000000e+01 1.164137e-01
1.232847e+01 1.203520e-01
1.519911e+01 1.239760e-01
1.873817e+01 1.271529e-01
2.310130e+01 1.297341e-01
2.848036e+01 1.315601e-01
3.511192e+01 1.324679e-01
4.328761e+01 1.323025e-01
5.336699e+01 1.309294e-01
6.579332e+01 1.282493e-01
8.111308e+01 1.242118e-01
1.000000e+02 1.188276e-01
1.232847e+02 1.121755e-01
1.519911e+02 1.044030e-01
1.873817e+02 9.572104e-02
2.310130e+02 8.639002e-02
2.848036e+02 7.670143e-02
3.511192e+02 6.695552e-02
4.328761e+02 5.743881e-02
5.336699e+02 4.840413e-02
6.579332e+02 4.005563e-02
8.111308e+02 3.253992e-02
1.000000e+03 2.594344e-02
1.232847e+03 2.029544e-02
1.519911e+03 1.557535e-02
1.873817e+03 1.172313e-02
2.310130e+03 8.651195e-03
2.848036e+03 6.256288e-03
3.511192e+03 4.430172e-03
4.328761e+03 3.068089e-03
5.336699e+03 2.074603e-03
6.579332e+03 1.366813e-03
8.111308e+03 8.753463e-04
1.000000e+04 5.437851e-04
1.232847e+04 3.272594e-04
1.519911e+04 1.908334e-04
1.873817e+04 1.080421e-04
2.310130e+04 5.961057e-05
2.848036e+04 3.220502e-05
3.511192e+04 1.712282e-05
4.328761e+04 9.000287e-06
5.336699e+04 4.694311e-06
6.579332e+04 2.436202e-06
8.111308e+04 1.260392e-06
1.000000e+05 6.508601e-07
1.232847e+05 3.357352e-07
1.519911e+05 1.730757e-07
1.873817e+05 8.919169e-08
2.310130e+05 4.595463e-08
2.848036e+05 2.367493e-08
3.511192e+05 1.219618e-08
4.328761e+05 6.282691e-09
5.336699e+05 3.236389e-09
6.579332e+05 1.667140e-09
8.111308e+05 8.587791e-10
1.000000e+06 4.423743e-10
1.232847e+06 2.278756e-10
1.519911e+06 1.173831e-10
1.873817e+06 6.046624e-11
2.310130e+06 3.114730e-11
2.848036e+06 1.604456e-11
3.511192e+06 8.264854e-12
4.328761e+06 4.257381e-12
5.336699e+06 2.193057e-12
6.579332e+06 1.129685e-12
8.111308e+06 5.819218e-13
1.000000e+07 2.997588e-13
