1.000000e-02 1.230012e-02
1.232847e-02 1.294683e-02
1.519911e-02 1.362756e-02
1.873817e-02 1.434407e-02
2.310130e-02 1.509826e-02
2.848036e-02 1.589210e-02
3.511192e-02 1.672768e-02
4.328761e-02 1.760719e-02
5.336699e-02 1.853295e-02
6.579332e-02 1.950738e-02
8.111308e-02 2.053304e-02
1.000000e-01 2.161263e-02
1.232847e-01 2.274899e-02
1.519911e-01 2.394509e-02
1.873817e-01 2.520408e-02
2.310130e-01 2.652927e-02
2.848036e-01 2.792414e-02
3.511192e-01 2.939234e-02
4.328761e-01 3.093776e-02
5.336699e-01 3.256445e-02
6.579332e-01 3.427673e-02
8.111308e-01 3.607916e-02
1.000000e+00 3.797659e-02
1.232847e+00 3.997423e-02
1.519911e+00 4.207766e-02
1.873817e+00 4.429291e-02
2.310130e+00 4.662654e-02
2.848036e+00 4.908570e-02
3.511192e+00 5.167820e-02
4.328761e+00 5.441256e-02
5.336699e+00 5.729804e-02
6.579332e+00 6.034458e-02
8.111308e+00 6.356276e-02
1.000000e+01 6.696355e-02
1.232847e+01 7.055798e-02
1.519911e+01 7.435662e-02
1.873817e+01 7.836879e-02
2.310130e+01 8.260150e-02
2.848036e+01 8.705802e-02
3.511192e+01 9.173597e-02
4.328761e+01 9.662499e-02
5.336699e+01 1.017039e-01
6.579332e+01 1.069371e-01
8.111308e+01 1.122713e-01
1.000000e+02 1.176309e-01
1.232847e+02 1.229148e-01
1.519911e+02 1.279931e-01
1.873817e+02 1.327056e-01
2.310130e+02 1.368627e-01
2.848036e+02 1.402500e-01
3.511192e+02 1.426373e-01
4.328761e+02 1.437923e-01
5.336699e+02 1.434997e-01
6.579332e+02 1.415828e-01
8.111308e+02 1.379266e-01
1.000000e+03 1.324967e-01
1.232847e+03 1.253529e-01
1.519911e+03 1.166523e-01
1.873817e+03 1.066426e-01
2.310130e+03 9.564600e-02
2.848036e+03 8.403644e-02
3.511192e+03 7.221419e-02
4.328761e+03 6.057963e-02
5.336699e+03 4.950812e-02
6.579332e+03 3.932667e-02
8.111308e+03 3.029269e-02
1.000000e+04 2.257617e-02
1.232847e+04 1.624807e-02
1.519911e+04 1.127877e-02
1.873817e+04 7.549692e-03
2.310130e+04 4.878052e-03
2.848036e+04 3.049689e-03
3.511192e+04 1.851711e-03
4.328761e+04 1.097176e-03
5.336699e+04 6.378278e-04
6.579332e+04 3.657750e-04
8.111308e+04 2.079435e-04
1.000000e+05 1.176609e-04
1.232847e+05 6.645399e-05
1.519911e+05 3.753088e-05
1.873817e+05 2.121443e-05
2.310130e+05 1.200561e-05
2.848036e+05 6.801923e-06
3.511192e+05 3.857368e-06
4.328761e+05 2.189085e-06
5.336699e+05 1.242957e-06
6.579332e+05 7.059917e-07
8.111308e+05 4.010895e-07
1.000000e+06 2.279004e-07
1.232847e+06 1.295052e-07
1.519911e+06 7.359575e-08
1.873817e+06 4.182461e-08
2.310130e+06 2.376945e-08
2.848036e+06 1.350862e-08
3.511192e+06 7.677240e-09
4.328761e+06 4.363155e-09
5.336699e+06 2.479686e-09
6.579332e+06 1.409267e-09
8.111308e+06 8.009211e-10
1.000000e+07 4.551833e-10
