1.000000e-02 5.454086e-03
1.232847e-02 5.754848e-03
1.519911e-02 6.072196e-03
1.873817e-02 6.407044e-03
2.310130e-02 6.760357e-03
2.848036e-02 7.133153e-03
3.511192e-02 7.526507e-03
4.328761e-02 7.941551e-03
5.336699e-02 8.379484e-03
6.579332e-02 8.841566e-03
8.111308e-02 9.329129e-03
1.000000e-01 9.843578e-03
1.232847e-01 1.038640e-02
1.519911e-01 1.095915e-02
1.873817e-01 1.156348e-02
2.310130e-01 1.220115e-02
2.848036e-01 1.287397e-02
3.511192e-01 1.358390e-02
4.328761e-01 1.433298e-02
5.336699e-01 1.512336e-02
6.579332e-01 1.595732e-02
8.111308e-01 1.683727e-02
1.000000e+00 1.776573e-02
1.232847e+00 1.874538e-02
1.519911e+00 1.977902e-02
1.873817e+00 2.086961e-02
2.310130e+00 2.202028e-02
2.848036e+00 2.323430e-02
3.511192e+00 2.451515e-02
4.328761e+00 2.586646e-02
5.336699e+00 2.729210e-02
6.579332e+00 2.879613e-02
8.111308e+00 3.038284e-02
1.000000e+01 3.205680e-02
1.232847e+01 3.382284e-02
1.519911e+01 3.568608e-02
1.873817e+01 3.765200e-02
2.310130e+01 3.972640e-02
2.848036e+01 4.191547e-02
3.511192e+01 4.422579e-02
4.328761e+01 4.666434e-02
5.336699e+01 4.923849e-02
6.579332e+01 5.195598e-02
8.111308e+01 5.482490e-02
1.000000e+02 5.785355e-02
1.232847e+02 6.105035e-02
1.519911e+02 6.442364e-02
1.873817e+02 6.798144e-02
2.310130e+02 7.173109e-02
2.848036e+02 7.567882e-02
3.511192e+02 7.982918e-02
4.328761e+02 8.418432e-02
5.336699e+02 8.874314e-02
6.579332e+02 9.350018e-02
8.111308e+02 9.844431e-02
1.000000e+03 1.035572e-01
1.232847e+03 1.088114e-01
1.519911e+03 1.141679e-01
1.873817e+03 1.195740e-01
2.310130e+03 1.249593e-01
2.848036e+03 1.302327e-01
3.511192e+03 1.352778e-01
4.328761e+03 1.399487e-01
5.336699e+03 1.440655e-01
6.579332e+03 1.474110e-01
8.111308e+03 1.497299e-01
1.000000e+04 1.507329e-01
1.232847e+04 1.501083e-01
1.519911e+04 1.475444e-01
1.873817e+04 1.427653e-01
2.310130e+04 1.355813e-01
2.848036e+04 1.259479e-01
3.511192e+04 1.140254e-01
4.328761e+04 1.002187e-01
5.336699e+04 8.517809e-02
6.579332e+04 6.974092e-02
8.111308e+04 5.481541e-02
1.000000e+05 4.122984e-02
1.232847e+05 2.959379e-02
1.519911e+05 2.021745e-02
1.873817e+05 1.311051e-02
2.310130e+05 8.047262e-03
2.848036e+05 4.662840e-03
3.511192e+05 2.546311e-03
4.328761e+05 1.311364e-03
5.336699e+05 6.395484e-04
6.579332e+05 2.976432e-04
8.111308e+05 1.335168e-04
1.000000e+06 5.832953e-05
1.232847e+06 2.504111e-05
1.519911e+06 1.063591e-05
1.873817e+06 4.489906e-06
2.310130e+06 1.889145e-06
2.848036e+06 7.935217e-07
3.511192e+06 3.330391e-07
4.328761e+06 1.397229e-07
5.336699e+06 5.860970e-08
6.579332e+06 2.458357e-08
8.111308e+06 1.031127e-08
1.000000e+07 4.324922e-09
