1.000000e-02 1.173375e-02
1.232847e-02 1.238714e-02
1.519911e-02 1.307692e-02
1.873817e-02 1.380511e-02
2.310130e-02 1.457385e-02
2.848036e-02 1.538540e-02
3.511192e-02 1.624213e-02
4.328761e-02 1.714658e-02
5.336699e-02 1.810139e-02
6.579332e-02 1.910936e-02
8.111308e-02 2.017347e-02
1.000000e-01 2.129683e-02
1.232847e-01 2.248274e-02
1.519911e-01 2.373470e-02
1.873817e-01 2.505637e-02
2.310130e-01 2.645163e-02
2.848036e-01 2.792459e-02
3.511192e-01 2.947957e-02
4.328761e-01 3.112113e-02
5.336699e-01 3.285407e-02
6.579332e-01 3.468344e-02
8.111308e-01 3.661453e-02
1.000000e+00 3.865285e-02
1.232847e+00 4.080409e-02
1.519911e+00 4.307403e-02
1.873817e+00 4.546850e-02
2.310130e+00 4.799320e-02
2.848036e+00 5.065349e-02
3.511192e+00 5.345418e-02
4.328761e+00 5.639916e-02
5.336699e+00 5.949100e-02
6.579332e+00 6.273046e-02
8.111308e+00 6.611585e-02
1.000000e+01 6.964237e-02
1.232847e+01 7.330126e-02
1.519911e+01 7.707899e-02
1.873817e+01 8.095635e-02
2.310130e+01 8.490755e-02
2.848036e+01 8.889941e-02
3.511192e+01 9.289081e-02
4.328761e+01 9.683230e-02
5.336699e+01 1.006662e-01
6.579332e+01 1.043275e-01
8.111308e+01 1.077445e-01
1.000000e+02 1.108416e-01
1.232847e+02 1.135414e-01
1.519911e+02 1.157686e-01
1.873817e+02 1.174530e-01
2.310130e+02 1.185343e-01
2.848036e+02 1.189652e-01
3.511192e+02 1.187146e-01
4.328761e+02 1.177699e-01
5.336699e+02 1.161380e-01
6.579332e+02 1.138440e-01
8.111308e+02 1.109300e-01
1.000000e+03 1.074510e-01
1.232847e+03 1.034713e-01
1.519911e+03 9.905979e-02
1.873817e+03 9.428537e-02
2.310130e+03 8.921343e-02
2.848036e+03 8.390291e-02
3.511192e+03 7.840483e-02
4.328761e+03 7.276220e-02
5.336699e+03 6.701151e-02
6.579332e+03 6.118570e-02
8.111308e+03 5.531830e-02
1.000000e+04 4.944817e-02
1.232847e+04 4.362408e-02
1.519911e+04 3.790778e-02
1.873817e+04 3.237467e-02
2.310130e+04 2.711088e-02
2.848036e+04 2.220691e-02
3.511192e+04 1.774830e-02
4.328761e+04 1.380523e-02
5.336699e+04 1.042331e-02
6.579332e+04 7.617959e-03
8.111308e+04 5.373486e-03
1.000000e+05 3.646755e-03
1.232847e+05 2.373957e-03
1.519911e+05 1.478743e-03
1.873817e+05 8.804287e-04
2.310130e+05 5.015839e-04
2.848036e+05 2.744277e-04
3.511192e+05 1.450493e-04
4.328761e+05 7.459704e-05
5.336699e+05 3.759861e-05
6.579332e+05 1.868896e-05
8.111308e+05 9.206058e-06
1.000000e+06 4.509598e-06
1.232847e+06 2.201750e-06
1.519911e+06 1.072954e-06
1.873817e+06 5.223289e-07
2.310130e+06 2.541357e-07
2.848036e+06 1.236125e-07
3.511192e+06 6.011680e-08
4.328761e+06 2.923474e-08
5.336699e+06 1.421638e-08
6.579332e+06 6.913108e-09
8.111308e+06 3.361677e-09
1.000000e+07 1.634701e-09
