1.000000e-02 9.382576e-03
1.232847e-02 9.898025e-03
1.519911e-02 1.044179e-02
1.873817e-02 1.101543e-02
2.310130e-02 1.162058e-02
2.848036e-02 1.225898e-02
3.511192e-02 1.293245e-02
4.328761e-02 1.364292e-02
5.336699e-02 1.439242e-02
6.579332e-02 1.518309e-02
8.111308e-02 1.601720e-02
1.000000e-01 1.689713e-02
1.232847e-01 1.782541e-02
1.519911e-01 1.880468e-02
1.873817e-01 1.983775e-02
2.310130e-01 2.092757e-02
2.848036e-01 2.207727e-02
3.511192e-01 2.329012e-02
4.328761e-01 2.456961e-02
5.336699e-01 2.591938e-02
6.579332e-01 2.734329e-02
8.111308e-01 2.884540e-02
1.000000e+00 3.042999e-02
1.232847e+00 3.210153e-02
1.519911e+00 3.386473e-02
1.873817e+00 3.572447e-02
2.310130e+00 3.768585e-02
2.848036e+00 3.975410e-02
3.511192e+00 4.193457e-02
4.328761e+00 4.423267e-02
5.336699e+00 4.665377e-02
6.579332e+00 4.920306e-02
8.111308e+00 5.188546e-02
1.000000e+01 5.470533e-02
1.232847e+01 5.766629e-02
1.519911e+01 6.077088e-02
1.873817e+01 6.402017e-02
2.310130e+01 6.741330e-02
2.848036e+01 7.094694e-02
3.511192e+01 7.461469e-02
4.328761e+01 7.840636e-02
5.336699e+01 8.230719e-02
6.579332e+01 8.629708e-02
8.111308e+01 9.034975e-02
1.000000e+02 9.443200e-02
1.232847e+02 9.850298e-02
1.519911e+02 1.025138e-01
1.873817e+02 1.064074e-01
2.310130e+02 1.101185e-01
2.848036e+02 1.135747e-01
3.511192e+02 1.166973e-01
4.328761e+02 1.194038e-01
5.336699e+02 1.216098e-01
6.579332e+02 1.232325e-01
8.111308e+02 1.241941e-01
1.000000e+03 1.244255e-01
1.232847e+03 1.238701e-01
1.519911e+03 1.224870e-01
1.873817e+03 1.202537e-01
2.310130e+03 1.171686e-01
2.848036e+03 1.132513e-01
3.511192e+03 1.085432e-01
4.328761e+03 1.031064e-01
5.336699e+03 9.702174e-02
6.579332e+03 9.038690e-02
8.111308e+03 8.331350e-02
1.000000e+04 7.592463e-02
1.232847e+04 6.835203e-02
1.519911e+04 6.073295e-02
1.873817e+04 5.320660e-02
2.310130e+04 4.590957e-02
2.848036e+04 3.897060e-02
3.511192e+04 3.250452e-02
4.328761e+04 2.660608e-02
5.336699e+04 2.134444e-02
6.579332e+04 1.675935e-02
8.111308e+04 1.286004e-02
1.000000e+05 9.627131e-03
1.232847e+05 7.017352e-03
1.519911e+05 4.969760e-03
1.873817e+05 3.412241e-03
2.310130e+05 2.267242e-03
2.848036e+05 1.456495e-03
3.511192e+05 9.050892e-04
4.328761e+05 5.452690e-04
5.336699e+05 3.196809e-04
6.579332e+05 1.832727e-04
8.111308e+05 1.032657e-04
1.000000e+06 5.745416e-05
1.232847e+06 3.168691e-05
1.519911e+06 1.737479e-05
1.873817e+06 9.492092e-06
2.310130e+06 5.174041e-06
2.848036e+06 2.816608e-06
3.511192e+06 1.532153e-06
4.328761e+06 8.331194e-07
5.336699e+06 4.529269e-07
6.579332e+06 2.462138e-07
8.111308e+06 1.338394e-07
1.000000e+07 7.275343e-08
