1.000000e-02 1.646176e-02
1.232847e-02 1.732106e-02
1.519911e-02 1.822521e-02
1.873817e-02 1.917657e-02
2.310130e-02 2.017758e-02
2.848036e-02 2.123084e-02
3.511192e-02 2.233909e-02
4.328761e-02 2.350518e-02
5.336699e-02 2.473214e-02
6.579332e-02 2.602316e-02
8.111308e-02 2.738156e-02
1.000000e-01 2.881087e-02
1.232847e-01 3.031479e-02
1.519911e-01 3.189721e-02
1.873817e-01 3.356224e-02
2.310130e-01 3.531418e-02
2.848036e-01 3.715757e-02
3.511192e-01 3.909720e-02
4.328761e-01 4.113810e-02
5.336699e-01 4.328560e-02
6.579332e-01 4.554536e-02
8.111308e-01 4.792341e-02
1.000000e+00 5.042624e-02
1.232847e+00 5.306090e-02
1.519911e+00 5.583505e-02
1.873817e+00 5.875715e-02
2.310130e+00 6.183651e-02
2.848036e+00 6.508339e-02
3.511192e+00 6.850900e-02
4.328761e+00 7.212539e-02
5.336699e+00 7.594519e-02
6.579332e+00 7.998110e-02
8.111308e+00 8.424504e-02
1.000000e+01 8.874685e-02
1.232847e+01 9.349243e-02
1.519911e+01 9.848116e-02
1.873817e+01 1.037025e-01
2.310130e+01 1.091315e-01
2.848036e+01 1.147235e-01
3.511192e+01 1.204077e-01
4.328761e+01 1.260801e-01
5.336699e+01 1.315969e-01
6.579332e+01 1.367682e-01
8.111308e+01 1.413555e-01
1.000000e+02 1.450739e-01
1.232847e+02 1.476016e-01
1.519911e+02 1.486005e-01
1.873817e+02 1.477469e-01
2.310130e+02 1.447734e-01
2.848036e+02 1.395158e-01
3.511192e+02 1.319574e-01
4.328761e+02 1.222602e-01
5.336699e+02 1.107716e-01
6.579332e+02 9.800030e-02
8.111308e+02 8.456209e-02
1.000000e+03 7.110524e-02
1.232847e+03 5.823067e-02
1.519911e+03 4.642507e-02
1.873817e+03 3.602001e-02
2.310130e+03 2.718210e-02
2.848036e+03 1.993056e-02
3.511192e+03 1.417251e-02
4.328761e+03 9.744534e-03
5.336699e+03 6.450247e-03
6.579332e+03 4.087789e-03
8.111308e+03 2.465392e-03
1.000000e+04 1.407877e-03
1.232847e+04 7.595187e-04
1.519911e+04 3.878839e-04
1.873817e+04 1.887615e-04
2.310130e+04 8.838334e-05
2.848036e+04 4.023583e-05
3.511192e+04 1.797505e-05
4.328761e+04 7.936542e-06
5.336699e+04 3.480272e-06
6.579332e+04 1.520346e-06
8.111308e+04 6.628183e-07
1.000000e+05 2.886671e-07
1.232847e+05 1.256542e-07
1.519911e+05 5.468249e-08
1.873817e+05 2.379404e-08
2.310130e+05 1.035295e-08
2.848036e+05 4.504522e-09
3.511192e+05 1.959875e-09
4.328761e+05 8.527187e-10
5.336699e+05 3.710070e-10
6.579332e+05 1.614203e-10
8.111308e+05 7.023179e-11
1.000000e+06 3.055690e-11
1.232847e+06 1.329490e-11
1.519911e+06 5.784429e-12
1.873817e+06 2.516726e-12
2.310130e+06 1.094994e-12
2.848036e+06 4.764168e-13
3.511192e+06 2.072825e-13
4.328761e+06 9.018580e-14
5.336699e+06 3.923862e-14
6.579332e+06 1.707219e-14
8.111308e+06 7.427878e-15
1.000000e+07 3.231769e-15
