1.000000e-02 7.115899e-02
1.232847e-02 7.233137e-02
1.519911e-02 7.352307e-02
1.873817e-02 7.473440e-02
2.310130e-02 7.596569e-02
2.848036e-02 7.721726e-02
3.511192e-02 7.848945e-02
4.328761e-02 7.978261e-02
5.336699e-02 8.109707e-02
6.579332e-02 8.243318e-02
8.111308e-02 8.379131e-02
1.000000e-01 8.517182e-02
1.232847e-01 8.657507e-02
1.519911e-01 8.800143e-02
1.873817e-01 8.945130e-02
2.310130e-01 9.092504e-02
2.848036e-01 9.242298e-02
3.511192e-01 9.394537e-02
4.328761e-01 9.549214e-02
5.336699e-01 9.706265e-02
6.579332e-01 9.865514e-02
8.111308e-01 1.002660e-01
1.000000e+00 1.018887e-01
1.232847e+00 1.035128e-01
1.519911e+00 1.051222e-01
1.873817e+00 1.066940e-01
2.310130e+00 1.081972e-01
2.848036e+00 1.095916e-01
3.511192e+00 1.108272e-01
4.328761e+00 1.118446e-01
5.336699e+00 1.125759e-01
6.579332e+00 1.129472e-01
8.111308e+00 1.128819e-01
1.000000e+01 1.123051e-01
1.232847e+01 1.111494e-01
1.519911e+01 1.093610e-01
1.873817e+01 1.069048e-01
2.310130e+01 1.037702e-01
2.848036e+01 9.997385e-02
3.511192e+01 9.556113e-02
4.328761e+01 9.060444e-02
5.336699e+01 8.519932e-02
6.579332e+01 7.945826e-02
8.111308e+01 7.350320e-02
1.000000e+02 6.745767e-02
1.232847e+02 6.143943e-02
1.519911e+02 5.555440e-02
1.873817e+02 4.989234e-02
2.310130e+02 4.452445e-02
2.848036e+02 3.950267e-02
3.511192e+02 3.486055e-02
4.328761e+02 3.061507e-02
5.336699e+02 2.676919e-02
6.579332e+02 2.331458e-02
8.111308e+02 2.023445e-02
1.000000e+03 1.750601e-02
1.232847e+03 1.510266e-02
1.519911e+03 1.299576e-02
1.873817e+03 1.115596e-02
2.310130e+03 9.554230e-03
2.848036e+03 8.162519e-03
3.511192e+03 6.954279e-03
4.328761e+03 5.904788e-03
5.336699e+03 4.991408e-03
6.579332e+03 4.193812e-03
8.111308e+03 3.494225e-03
1.000000e+04 2.877725e-03
1.232847e+04 2.332616e-03
1.519911e+04 1.850803e-03
1.873817e+04 1.427997e-03
2.310130e+04 1.063388e-03
2.848036e+04 7.584194e-04
3.511192e+04 5.145527e-04
4.328761e+04 3.306216e-04
5.336699e+04 2.010507e-04
6.579332e+04 1.161191e-04
8.111308e+04 6.415781e-05
1.000000e+05 3.422360e-05
1.232847e+05 1.778973e-05
1.519911e+05 9.084117e-06
1.873817e+05 4.585347e-06
2.310130e+05 2.298002e-06
2.848036e+05 1.146774e-06
3.511192e+05 5.708732e-07
4.328761e+05 2.837952e-07
5.336699e+05 1.409755e-07
6.579332e+05 7.000137e-08
8.111308e+05 3.475173e-08
1.000000e+06 1.725034e-08
1.232847e+06 8.562368e-09
1.519911e+06 4.249885e-09
1.873817e+06 2.109376e-09
2.310130e+06 1.046954e-09
2.848036e+06 5.196361e-10
3.511192e+06 2.579113e-10
4.328761e+06 1.280092e-10
5.336699e+06 6.353479e-11
6.579332e+06 3.153422e-11
8.111308e+06 1.565138e-11
1.000000e+07 7.768246e-12
