1.000000e-02 4.220381e-03
1.232847e-02 4.467402e-03
1.519911e-02 4.728881e-03
1.873817e-02 5.005665e-03
2.310130e-02 5.298649e-03
2.848036e-02 5.608782e-03
3.511192e-02 5.937067e-03
4.328761e-02 6.284566e-03
5.336699e-02 6.652405e-03
6.579332e-02 7.041774e-03
8.111308e-02 7.453933e-03
1.000000e-01 7.890215e-03
1.232847e-01 8.352034e-03
1.519911e-01 8.840882e-03
1.873817e-01 9.358344e-03
2.310130e-01 9.906092e-03
2.848036e-01 1.048590e-02
3.511192e-01 1.109965e-02
4.328761e-01 1.174931e-02
5.336699e-01 1.243700e-02
6.579332e-01 1.316493e-02
8.111308e-01 1.393545e-02
1.000000e+00 1.475103e-02
1.232847e+00 1.561428e-02
1.519911e+00 1.652793e-02
1.873817e+00 1.749485e-02
2.310130e+00 1.851804e-02
2.848036e+00 1.960059e-02
3.511192e+00 2.074574e-02
4.328761e+00 2.195677e-02
5.336699e+00 2.323706e-02
6.579332e+00 2.459004e-02
8.111308e+00 2.601913e-02
1.000000e+01 2.752776e-02
1.232847e+01 2.911928e-02
1.519911e+01 3.079695e-02
1.873817e+01 3.256388e-02
2.310130e+01 3.442297e-02
2.848036e+01 3.637690e-02
3.511192e+01 3.842804e-02
4.328761e+01 4.057841e-02
5.336699e+01 4.282970e-02
6.579332e+01 4.518320e-02
8.111308e+01 4.763984e-02
1.000000e+02 5.020023e-02
1.232847e+02 5.286476e-02
1.519911e+02 5.563373e-02
1.873817e+02 5.850757e-02
2.310130e+02 6.148715e-02
2.848036e+02 6.457416e-02
3.511192e+02 6.777162e-02
4.328761e+02 7.108448e-02
5.336699e+02 7.452035e-02
6.579332e+02 7.809032e-02
8.111308e+02 8.180987e-02
1.000000e+03 8.569979e-02
1.232847e+03 8.978713e-02
1.519911e+03 9.410590e-02
1.873817e+03 9.869749e-02
2.310130e+03 1.036106e-01
2.848036e+03 1.088997e-01
3.511192e+03 1.146227e-01
4.328761e+03 1.208349e-01
5.336699e+03 1.275794e-01
6.579332e+03 1.348715e-01
8.111308e+03 1.426739e-01
1.000000e+04 1.508601e-01
1.232847e+04 1.591639e-01
1.519911e+04 1.671148e-01
1.873817e+04 1.739671e-01
2.310130e+04 1.786477e-01
2.848036e+04 1.797678e-01
3.511192e+04 1.757725e-01
4.328761e+04 1.653017e-01
5.336699e+04 1.477647e-01
6.579332e+04 1.239556e-01
8.111308e+04 9.632708e-02
1.000000e+05 6.852798e-02
1.232847e+05 4.420824e-02
1.519911e+05 2.570961e-02
1.873817e+05 1.346246e-02
2.310130e+05 6.375614e-03
2.848036e+05 2.759854e-03
3.511192e+05 1.109520e-03
4.328761e+05 4.220697e-04
5.336699e+05 1.546744e-04
6.579332e+05 5.540083e-05
8.111308e+05 1.959049e-05
1.000000e+06 6.881588e-06
1.232847e+06 2.409544e-06
1.519911e+06 8.424458e-07
1.873817e+06 2.943546e-07
2.310130e+06 1.028214e-07
2.848036e+06 3.591279e-08
3.511192e+06 1.254286e-08
4.328761e+06 4.380635e-09
5.336699e+06 1.529943e-09
6.579332e+06 5.343336e-10
8.111308e+06 1.866163e-10
1.000000e+07 6.517584e-11
