1.000000e-02 9.787565e-03
1.232847e-02 1.024394e-02
1.519911e-02 1.072159e-02
1.873817e-02 1.122151e-02
2.310130e-02 1.174475e-02
2.848036e-02 1.229238e-02
3.511192e-02 1.286554e-02
4.328761e-02 1.346543e-02
5.336699e-02 1.409329e-02
6.579332e-02 1.475043e-02
8.111308e-02 1.543821e-02
1.000000e-01 1.615806e-02
1.232847e-01 1.691147e-02
1.519911e-01 1.770002e-02
1.873817e-01 1.852533e-02
2.310130e-01 1.938912e-02
2.848036e-01 2.029319e-02
3.511192e-01 2.123942e-02
4.328761e-01 2.222976e-02
5.336699e-01 2.326629e-02
6.579332e-01 2.435114e-02
8.111308e-01 2.548658e-02
1.000000e+00 2.667497e-02
1.232847e+00 2.791879e-02
1.519911e+00 2.922066e-02
1.873817e+00 3.058332e-02
2.310130e+00 3.200971e-02
2.848036e+00 3.350294e-02
3.511192e+00 3.506641e-02
4.328761e+00 3.670376e-02
5.336699e+00 3.841907e-02
6.579332e+00 4.021682e-02
8.111308e+00 4.210211e-02
1.000000e+01 4.408074e-02
1.232847e+01 4.615938e-02
1.519911e+01 4.834575e-02
1.873817e+01 5.064883e-02
2.310130e+01 5.307909e-02
2.848036e+01 5.564870e-02
3.511192e+01 5.837182e-02
4.328761e+01 6.126475e-02
5.336699e+01 6.434622e-02
6.579332e+01 6.763742e-02
8.111308e+01 7.116210e-02
1.000000e+02 7.494636e-02
1.232847e+02 7.901827e-02
1.519911e+02 8.340711e-02
1.873817e+02 8.814206e-02
2.310130e+02 9.325016e-02
2.848036e+02 9.875335e-02
3.511192e+02 1.046641e-01
4.328761e+02 1.109793e-01
5.336699e+02 1.176723e-01
6.579332e+02 1.246823e-01
8.111308e+02 1.319013e-01
1.000000e+03 1.391590e-01
1.232847e+03 1.462073e-01
1.519911e+03 1.527066e-01
1.873817e+03 1.582194e-01
2.310130e+03 1.622177e-01
2.848036e+03 1.641129e-01
3.511192e+03 1.633159e-01
4.328761e+03 1.593289e-01
5.336699e+03 1.518617e-01
6.579332e+03 1.409468e-01
8.111308e+03 1.270151e-01
1.000000e+04 1.108904e-01
1.232847e+04 9.367989e-02
1.519911e+04 7.657954e-02
1.873817e+04 6.065170e-02
2.310130e+04 4.665161e-02
2.848036e+04 3.495485e-02
3.511192e+04 2.559108e-02
4.328761e+04 1.834686e-02
5.336699e+04 1.288607e-02
6.579332e+04 8.848655e-03
8.111308e+04 5.911551e-03
1.000000e+05 3.813530e-03
1.232847e+05 2.354091e-03
1.519911e+05 1.378646e-03
1.873817e+05 7.616843e-04
2.310130e+05 3.968113e-04
2.848036e+05 1.959637e-04
3.511192e+05 9.262411e-05
4.328761e+05 4.237622e-05
5.336699e+05 1.896280e-05
6.579332e+05 8.368210e-06
8.111308e+05 3.662687e-06
1.000000e+06 1.595810e-06
1.232847e+06 6.935949e-07
1.519911e+06 3.010851e-07
1.873817e+06 1.306184e-07
2.310130e+06 5.664874e-08
2.848036e+06 2.456493e-08
3.511192e+06 1.065156e-08
4.328761e+06 4.618480e-09
5.336699e+06 2.002533e-09
6.579332e+06 8.682777e-10
8.111308e+06 3.764757e-10
1.000000e+07 1.632357e-10
