1.000000e-02 8.270131e-03
1.232847e-02 8.767321e-03
1.519911e-02 9.294401e-03
1.873817e-02 9.853168e-03
2.310130e-02 1.044553e-02
2.848036e-02 1.107350e-02
3.511192e-02 1.173922e-02
4.328761e-02 1.244497e-02
5.336699e-02 1.319315e-02
6.579332e-02 1.398630e-02
8.111308e-02 1.482714e-02
1.000000e-01 1.571853e-02
1.232847e-01 1.666351e-02
1.519911e-01 1.766529e-02
1.873817e-01 1.872731e-02
2.310130e-01 1.985317e-02
2.848036e-01 2.104672e-02
3.511192e-01 2.231203e-02
4.328761e-01 2.365341e-02
5.336699e-01 2.507548e-02
6.579332e-01 2.658311e-02
8.111308e-01 2.818154e-02
1.000000e+00 2.987640e-02
1.232847e+00 3.167375e-02
1.519911e+00 3.358021e-02
1.873817e+00 3.560298e-02
2.310130e+00 3.775003e-02
2.848036e+00 4.003010e-02
3.511192e+00 4.245288e-02
4.328761e+00 4.502901e-02
5.336699e+00 4.777012e-02
6.579332e+00 5.068870e-02
8.111308e+00 5.379796e-02
1.000000e+01 5.711134e-02
1.232847e+01 6.064193e-02
1.519911e+01 6.440144e-02
1.873817e+01 6.839887e-02
2.310130e+01 7.263856e-02
2.848036e+01 7.711784e-02
3.511192e+01 8.182395e-02
4.328761e+01 8.673057e-02
5.336699e+01 9.179384e-02
6.579332e+01 9.694852e-02
8.111308e+01 1.021047e-01
1.000000e+02 1.071461e-01
1.232847e+02 1.119305e-01
1.519911e+02 1.162953e-01
1.873817e+02 1.200665e-01
2.310130e+02 1.230744e-01
2.848036e+02 1.251738e-01
3.511192e+02 1.262670e-01
4.328761e+02 1.263262e-01
5.336699e+02 1.254110e-01
6.579332e+02 1.236757e-01
8.111308e+02 1.213649e-01
1.000000e+03 1.187973e-01
1.232847e+03 1.163399e-01
1.519911e+03 1.143772e-01
1.873817e+03 1.132760e-01
2.310130e+03 1.133396e-01
2.848036e+03 1.147321e-01
3.511192e+03 1.173304e-01
4.328761e+03 1.204427e-01
5.336699e+03 1.223553e-01
6.579332e+03 1.198773e-01
8.111308e+03 1.086842e-01
1.000000e+04 8.598997e-02
1.232847e+04 5.537788e-02
1.519911e+04 2.736449e-02
1.873817e+04 1.021926e-02
2.310130e+04 3.015606e-03
2.848036e+04 7.604624e-04
3.511192e+04 1.760614e-04
4.328761e+04 3.919217e-05
5.336699e+04 8.588185e-06
6.579332e+04 1.871342e-06
8.111308e+04 4.070077e-07
1.000000e+05 8.847250e-08
1.232847e+05 1.922845e-08
1.519911e+05 4.178895e-09
1.873817e+05 9.081837e-10
2.310130e+05 1.973716e-10
2.848036e+05 4.289388e-11
3.511192e+05 9.321933e-12
4.328761e+05 2.025893e-12
5.336699e+05 4.402781e-13
6.579332e+05 9.568364e-14
8.111308e+05 2.079449e-14
1.000000e+06 4.519172e-15
1.232847e+06 9.821310e-16
1.519911e+06 2.134421e-16
1.873817e+06 4.638639e-17
2.310130e+06 1.008094e-17
2.848036e+06 2.190845e-18
3.511192e+06 4.761264e-19
4.328761e+06 1.034744e-19
5.336699e+06 2.248762e-20
6.579332e+06 4.887132e-21
8.111308e+06 1.062098e-21
1.000000e+07 2.308209e-22
