1.000000e-02 6.835024e-03
1.232847e-02 7.219772e-03
1.519911e-02 7.626178e-03
1.873817e-02 8.055461e-03
2.310130e-02 8.508908e-03
2.848036e-02 8.987880e-03
3.511192e-02 9.493814e-03
4.328761e-02 1.002823e-02
5.336699e-02 1.059272e-02
6.579332e-02 1.118899e-02
8.111308e-02 1.181883e-02
1.000000e-01 1.248412e-02
1.232847e-01 1.318686e-02
1.519911e-01 1.392916e-02
1.873817e-01 1.471324e-02
2.310130e-01 1.554145e-02
2.848036e-01 1.641629e-02
3.511192e-01 1.734038e-02
4.328761e-01 1.831648e-02
5.336699e-01 1.934753e-02
6.579332e-01 2.043662e-02
8.111308e-01 2.158702e-02
1.000000e+00 2.280219e-02
1.232847e+00 2.408578e-02
1.519911e+00 2.544166e-02
1.873817e+00 2.687392e-02
2.310130e+00 2.838688e-02
2.848036e+00 2.998514e-02
3.511192e+00 3.167354e-02
4.328761e+00 3.345720e-02
5.336699e+00 3.534153e-02
6.579332e+00 3.733225e-02
8.111308e+00 3.943533e-02
1.000000e+01 4.165703e-02
1.232847e+01 4.400382e-02
1.519911e+01 4.648236e-02
1.873817e+01 4.909936e-02
2.310130e+01 5.186152e-02
2.848036e+01 5.477529e-02
3.511192e+01 5.784666e-02
4.328761e+01 6.108083e-02
5.336699e+01 6.448186e-02
6.579332e+01 6.805210e-02
8.111308e+01 7.179165e-02
1.000000e+02 7.569758e-02
1.232847e+02 7.976311e-02
1.519911e+02 8.397662e-02
1.873817e+02 8.832060e-02
2.310130e+02 9.277049e-02
2.848036e+02 9.729352e-02
3.511192e+02 1.018477e-01
4.328761e+02 1.063806e-01
5.336699e+02 1.108293e-01
6.579332e+02 1.151195e-01
8.111308e+02 1.191660e-01
1.000000e+03 1.228740e-01
1.232847e+03 1.261405e-01
1.519911e+03 1.288569e-01
1.873817e+03 1.309126e-01
2.310130e+03 1.321986e-01
2.848036e+03 1.326125e-01
3.511192e+03 1.320633e-01
4.328761e+03 1.304765e-01
5.336699e+03 1.277994e-01
6.579332e+03 1.240056e-01
8.111308e+03 1.190996e-01
1.000000e+04 1.131202e-01
1.232847e+04 1.061436e-01
1.519911e+04 9.828497e-02
1.873817e+04 8.969913e-02
2.310130e+04 8.057838e-02
2.848036e+04 7.114776e-02
3.511192e+04 6.165589e-02
4.328761e+04 5.236148e-02
5.336699e+04 4.351576e-02
6.579332e+04 3.534268e-02
8.111308e+04 2.801980e-02
1.000000e+05 2.166347e-02
1.232847e+05 1.632167e-02
1.519911e+05 1.197631e-02
1.873817e+05 8.554332e-03
2.310130e+05 5.944577e-03
2.848036e+05 4.016428e-03
3.511192e+05 2.636289e-03
4.328761e+05 1.679657e-03
5.336699e+05 1.038195e-03
6.579332e+05 6.226181e-04
8.111308e+05 3.627316e-04
1.000000e+06 2.058178e-04
1.232847e+06 1.141682e-04
1.519911e+06 6.218833e-05
1.873817e+06 3.341508e-05
2.310130e+06 1.778319e-05
2.848036e+06 9.404485e-06
3.511192e+06 4.954200e-06
4.328761e+06 2.604045e-06
5.336699e+06 1.367170e-06
6.579332e+06 7.174128e-07
8.111308e+06 3.763879e-07
1.000000e+07 1.974636e-07
