1.000000e-02 2.469304e-03
1.232847e-02 2.650169e-03
1.519911e-02 2.844281e-03
1.873817e-02 3.052611e-03
2.310130e-02 3.276200e-03
2.848036e-02 3.516166e-03
3.511192e-02 3.773709e-03
4.328761e-02 4.050115e-03
5.336699e-02 4.346767e-03
6.579332e-02 4.665146e-03
8.111308e-02 5.006846e-03
1.000000e-01 5.373574e-03
1.232847e-01 5.767162e-03
1.519911e-01 6.189580e-03
1.873817e-01 6.642937e-03
2.310130e-01 7.129500e-03
2.848036e-01 7.651702e-03
3.511192e-01 8.212152e-03
4.328761e-01 8.813653e-03
5.336699e-01 9.459210e-03
6.579332e-01 1.015205e-02
8.111308e-01 1.089563e-02
1.000000e+00 1.169366e-02
1.232847e+00 1.255013e-02
1.519911e+00 1.346928e-02
1.873817e+00 1.445568e-02
2.310130e+00 1.551417e-02
2.848036e+00 1.664995e-02
3.511192e+00 1.786848e-02
4.328761e+00 1.917557e-02
5.336699e+00 2.057727e-02
6.579332e+00 2.207989e-02
8.111308e+00 2.368989e-02
1.000000e+01 2.541376e-02
1.232847e+01 2.725792e-02
1.519911e+01 2.922846e-02
1.873817e+01 3.133086e-02
2.310130e+01 3.356965e-02
2.848036e+01 3.594793e-02
3.511192e+01 3.846681e-02
4.328761e+01 4.112471e-02
5.336699e+01 4.391668e-02
6.579332e+01 4.683345e-02
8.111308e+01 4.986069e-02
1.000000e+02 5.297815e-02
1.232847e+02 5.615913e-02
1.519911e+02 5.937014e-02
1.873817e+02 6.257119e-02
2.310130e+02 6.571675e-02
2.848036e+02 6.875757e-02
3.511192e+02 7.164360e-02
4.328761e+02 7.432789e-02
5.336699e+02 7.677151e-02
6.579332e+02 7.894909e-02
8.111308e+02 8.085463e-02
1.000000e+03 8.250712e-02
1.232847e+03 8.395535e-02
1.519911e+03 8.528183e-02
1.873817e+03 8.660570e-02
2.310130e+03 8.808525e-02
2.848036e+03 8.992102e-02
3.511192e+03 9.236076e-02
4.328761e+03 9.570809e-02
5.336699e+03 1.003358e-01
6.579332e+03 1.067042e-01
8.111308e+03 1.153814e-01
1.000000e+04 1.270529e-01
1.232847e+04 1.424916e-01
1.519911e+04 1.624145e-01
1.873817e+04 1.870818e-01
2.310130e+04 2.153953e-01
2.848036e+04 2.432730e-01
3.511192e+04 2.616941e-01
4.328761e+04 2.568347e-01
5.336699e+04 2.172431e-01
6.579332e+04 1.484564e-01
8.111308e+04 7.758373e-02
1.000000e+05 3.042850e-02
1.232847e+05 9.266772e-03
1.519911e+05 2.356201e-03
1.873817e+05 5.393122e-04
2.310130e+05 1.172664e-04
2.848036e+05 2.495261e-05
3.511192e+05 5.266961e-06
4.328761e+05 1.108733e-06
5.336699e+05 2.332006e-07
6.579332e+05 4.903741e-08
8.111308e+05 1.031090e-08
1.000000e+06 2.167997e-09
1.232847e+06 4.558465e-10
1.519911e+06 9.584691e-11
1.873817e+06 2.015290e-11
2.310130e+06 4.237375e-12
2.848036e+06 8.909562e-13
3.511192e+06 1.873336e-13
4.328761e+06 3.938901e-14
5.336699e+06 8.281986e-15
6.579332e+06 1.741381e-15
8.111308e+06 3.661452e-16
1.000000e+07 7.698617e-17
