1.000000e-02 1.170910e-02
1.232847e-02 1.228257e-02
1.519911e-02 1.288412e-02
1.873817e-02 1.351514e-02
2.310130e-02 1.417706e-02
2.848036e-02 1.487139e-02
3.511192e-02 1.559974e-02
4.328761e-02 1.636375e-02
5.336699e-02 1.716518e-02
6.579332e-02 1.800587e-02
8.111308e-02 1.888773e-02
1.000000e-01 1.981278e-02
1.232847e-01 2.078313e-02
1.519911e-01 2.180101e-02
1.873817e-01 2.286874e-02
2.310130e-01 2.398876e-02
2.848036e-01 2.516364e-02
3.511192e-01 2.639606e-02
4.328761e-01 2.768884e-02
5.336699e-01 2.904497e-02
6.579332e-01 3.046755e-02
8.111308e-01 3.195991e-02
1.000000e+00 3.352555e-02
1.232847e+00 3.516825e-02
1.519911e+00 3.689206e-02
1.873817e+00 3.870138e-02
2.310130e+00 4.060108e-02
2.848036e+00 4.259655e-02
3.511192e+00 4.469378e-02
4.328761e+00 4.689959e-02
5.336699e+00 4.922164e-02
6.579332e+00 5.166864e-02
8.111308e+00 5.425048e-02
1.000000e+01 5.697830e-02
1.232847e+01 5.986464e-02
1.519911e+01 6.292339e-02
1.873817e+01 6.616982e-02
2.310130e+01 6.962033e-02
2.848036e+01 7.329213e-02
3.511192e+01 7.720269e-02
4.328761e+01 8.136883e-02
5.336699e+01 8.580549e-02
6.579332e+01 9.052395e-02
8.111308e+01 9.552951e-02
1.000000e+02 1.008184e-01
1.232847e+02 1.063740e-01
1.519911e+02 1.121621e-01
1.873817e+02 1.181256e-01
2.310130e+02 1.241784e-01
2.848036e+02 1.301990e-01
3.511192e+02 1.360257e-01
4.328761e+02 1.414519e-01
5.336699e+02 1.462260e-01
6.579332e+02 1.500551e-01
8.111308e+02 1.526153e-01
1.000000e+03 1.535700e-01
1.232847e+03 1.525953e-01
1.519911e+03 1.494140e-01
1.873817e+03 1.438336e-01
2.310130e+03 1.357872e-01
2.848036e+03 1.253688e-01
3.511192e+03 1.128579e-01
4.328761e+03 9.872513e-02
5.336699e+03 8.361118e-02
6.579332e+03 6.827585e-02
8.111308e+03 5.351888e-02
1.000000e+04 4.008044e-02
1.232847e+04 2.853857e-02
1.519911e+04 1.922792e-02
1.873817e+04 1.220493e-02
2.310130e+04 7.273142e-03
2.848036e+04 4.061181e-03
3.511192e+04 2.125969e-03
4.328761e+04 1.047401e-03
5.336699e+04 4.892768e-04
6.579332e+04 2.189277e-04
8.111308e+04 9.488145e-05
1.000000e+05 4.023631e-05
1.232847e+05 1.683104e-05
1.519911e+05 6.984179e-06
1.873817e+05 2.885314e-06
2.310130e+05 1.189213e-06
2.848036e+05 4.895741e-07
3.511192e+05 2.014332e-07
4.328761e+05 8.285669e-08
5.336699e+05 3.407776e-08
6.579332e+05 1.401492e-08
8.111308e+05 5.763675e-09
1.000000e+06 2.370303e-09
1.232847e+06 9.747789e-10
1.519911e+06 4.008737e-10
1.873817e+06 1.648575e-10
2.310130e+06 6.779688e-11
2.848036e+06 2.788114e-11
3.511192e+06 1.146599e-11
4.328761e+06 4.715333e-12
5.336699e+06 1.939158e-12
6.579332e+06 7.974694e-13
8.111308e+06 3.279555e-13
1.000000e+07 1.348701e-13
