1.000000e-02 7.850064e-03
1.232847e-02 8.262629e-03
1.519911e-02 8.696876e-03
1.873817e-02 9.153945e-03
2.310130e-02 9.635036e-03
2.848036e-02 1.014141e-02
3.511192e-02 1.067440e-02
4.328761e-02 1.123540e-02
5.336699e-02 1.182588e-02
6.579332e-02 1.244740e-02
8.111308e-02 1.310158e-02
1.000000e-01 1.379014e-02
1.232847e-01 1.451489e-02
1.519911e-01 1.527772e-02
1.873817e-01 1.608065e-02
2.310130e-01 1.692578e-02
2.848036e-01 1.781532e-02
3.511192e-01 1.875162e-02
4.328761e-01 1.973712e-02
5.336699e-01 2.077443e-02
6.579332e-01 2.186625e-02
8.111308e-01 2.301548e-02
1.000000e+00 2.422515e-02
1.232847e+00 2.549847e-02
1.519911e+00 2.683885e-02
1.873817e+00 2.824991e-02
2.310130e+00 2.973552e-02
2.848036e+00 3.129981e-02
3.511192e+00 3.294724e-02
4.328761e+00 3.468261e-02
5.336699e+00 3.651113e-02
6.579332e+00 3.843847e-02
8.111308e+00 4.047080e-02
1.000000e+01 4.261486e-02
1.232847e+01 4.487803e-02
1.519911e+01 4.726833e-02
1.873817e+01 4.979448e-02
2.310130e+01 5.246590e-02
2.848036e+01 5.529267e-02
3.511192e+01 5.828546e-02
4.328761e+01 6.145534e-02
5.336699e+01 6.481358e-02
6.579332e+01 6.837126e-02
8.111308e+01 7.213877e-02
1.000000e+02 7.612512e-02
1.232847e+02 8.033702e-02
1.519911e+02 8.477773e-02
1.873817e+02 8.944563e-02
2.310130e+02 9.433243e-02
2.848036e+02 9.942111e-02
3.511192e+02 1.046835e-01
4.328761e+02 1.100777e-01
5.336699e+02 1.155451e-01
6.579332e+02 1.210077e-01
8.111308e+02 1.263654e-01
1.000000e+03 1.314942e-01
1.232847e+03 1.362443e-01
1.519911e+03 1.404415e-01
1.873817e+03 1.438879e-01
2.310130e+03 1.463671e-01
2.848036e+03 1.476510e-01
3.511192e+03 1.475093e-01
4.328761e+03 1.457241e-01
5.336699e+03 1.421074e-01
6.579332e+03 1.365245e-01
8.111308e+03 1.289214e-01
1.000000e+04 1.193545e-01
1.232847e+04 1.080193e-01
1.519911e+04 9.526751e-02
1.873817e+04 8.160565e-02
2.310130e+04 6.766340e-02
2.848036e+04 5.412871e-02
3.511192e+04 4.165620e-02
4.328761e+04 3.076870e-02
5.336699e+04 2.178071e-02
6.579332e+04 1.476888e-02
8.111308e+04 9.597558e-03
1.000000e+05 5.986306e-03
1.232847e+05 3.592139e-03
1.519911e+05 2.079913e-03
1.873817e+05 1.166175e-03
2.310130e+05 6.356540e-04
2.848036e+05 3.382726e-04
3.511192e+05 1.765323e-04
4.328761e+05 9.073582e-05
5.336699e+05 4.611614e-05
6.579332e+05 2.325425e-05
8.111308e+05 1.166448e-05
1.000000e+06 5.831372e-06
1.232847e+06 2.909276e-06
1.519911e+06 1.449686e-06
1.873817e+06 7.218782e-07
2.310130e+06 3.593262e-07
2.848036e+06 1.788239e-07
3.511192e+06 8.898497e-08
4.328761e+06 4.427773e-08
5.336699e+06 2.203149e-08
6.579332e+06 1.096221e-08
8.111308e+06 5.454449e-09
1.000000e+07 2.713960e-09
