1.000000e-02 4.040529e-03
1.232847e-02 4.311627e-03
1.519911e-02 4.600914e-03
1.873817e-02 4.909611e-03
2.310130e-02 5.239019e-03
2.848036e-02 5.590529e-03
3.511192e-02 5.965624e-03
4.328761e-02 6.365885e-03
5.336699e-02 6.793002e-03
6.579332e-02 7.248776e-03
8.111308e-02 7.735129e-03
1.000000e-01 8.254115e-03
1.232847e-01 8.807922e-03
1.519911e-01 9.398886e-03
1.873817e-01 1.002950e-02
2.310130e-01 1.070243e-02
2.848036e-01 1.142050e-02
3.511192e-01 1.218676e-02
4.328761e-01 1.300442e-02
5.336699e-01 1.387695e-02
6.579332e-01 1.480802e-02
8.111308e-01 1.580156e-02
1.000000e+00 1.686176e-02
1.232847e+00 1.799310e-02
1.519911e+00 1.920033e-02
1.873817e+00 2.048853e-02
2.310130e+00 2.186310e-02
2.848036e+00 2.332976e-02
3.511192e+00 2.489455e-02
4.328761e+00 2.656383e-02
5.336699e+00 2.834422e-02
6.579332e+00 3.024255e-02
8.111308e+00 3.226576e-02
1.000000e+01 3.442079e-02
1.232847e+01 3.671429e-02
1.519911e+01 3.915244e-02
1.873817e+01 4.174053e-02
2.310130e+01 4.448249e-02
2.848036e+01 4.738031e-02
3.511192e+01 5.043335e-02
4.328761e+01 5.363748e-02
5.336699e+01 5.698420e-02
6.579332e+01 6.045961e-02
8.111308e+01 6.404350e-02
1.000000e+02 6.770851e-02
1.232847e+02 7.141958e-02
1.519911e+02 7.513393e-02
1.873817e+02 7.880164e-02
2.310130e+02 8.236721e-02
2.848036e+02 8.577224e-02
3.511192e+02 8.895920e-02
4.328761e+02 9.187642e-02
5.336699e+02 9.448397e-02
6.579332e+02 9.675996e-02
8.111308e+02 9.870675e-02
1.000000e+03 1.003564e-01
1.232847e+03 1.017745e-01
1.519911e+03 1.030626e-01
1.873817e+03 1.043585e-01
2.310130e+03 1.058352e-01
2.848036e+03 1.076983e-01
3.511192e+03 1.101827e-01
4.328761e+03 1.135475e-01
5.336699e+03 1.180651e-01
6.579332e+03 1.239992e-01
8.111308e+03 1.315557e-01
1.000000e+04 1.407819e-01
1.232847e+04 1.513789e-01
1.519911e+04 1.623874e-01
1.873817e+04 1.717678e-01
2.310130e+04 1.760708e-01
2.848036e+04 1.707681e-01
3.511192e+04 1.520777e-01
4.328761e+04 1.203000e-01
5.336699e+04 8.205726e-02
6.579332e+04 4.745938e-02
8.111308e+04 2.336658e-02
1.000000e+05 1.004214e-02
1.232847e+05 3.910873e-03
1.519911e+05 1.432754e-03
1.873817e+05 5.081224e-04
2.310130e+05 1.775788e-04
2.848036e+05 6.171902e-05
3.511192e+05 2.141701e-05
4.328761e+05 7.430267e-06
5.336699e+05 2.578118e-06
6.579332e+05 8.946646e-07
8.111308e+05 3.104956e-07
1.000000e+06 1.077632e-07
1.232847e+06 3.740199e-08
1.519911e+06 1.298144e-08
1.873817e+06 4.505602e-09
2.310130e+06 1.563808e-09
2.848036e+06 5.427680e-10
3.511192e+06 1.883845e-10
4.328761e+06 6.538470e-11
5.336699e+06 2.269379e-11
6.579332e+06 7.876587e-12
8.111308e+06 2.733814e-12
1.000000e+07 9.488553e-13
