1.000000e-02 9.237892e-03
1.232847e-02 9.743086e-03
1.519911e-02 1.027591e-02
1.873817e-02 1.083787e-02
2.310130e-02 1.143056e-02
2.848036e-02 1.205567e-02
3.511192e-02 1.271496e-02
4.328761e-02 1.341030e-02
5.336699e-02 1.414367e-02
6.579332e-02 1.491715e-02
8.111308e-02 1.573293e-02
1.000000e-01 1.659332e-02
1.232847e-01 1.750076e-02
1.519911e-01 1.845783e-02
1.873817e-01 1.946723e-02
2.310130e-01 2.053184e-02
2.848036e-01 2.165467e-02
3.511192e-01 2.283890e-02
4.328761e-01 2.408790e-02
5.336699e-01 2.540520e-02
6.579332e-01 2.679455e-02
8.111308e-01 2.825988e-02
1.000000e+00 2.980536e-02
1.232847e+00 3.143539e-02
1.519911e+00 3.315459e-02
1.873817e+00 3.496785e-02
2.310130e+00 3.688033e-02
2.848036e+00 3.889744e-02
3.511192e+00 4.102486e-02
4.328761e+00 4.326851e-02
5.336699e+00 4.563453e-02
6.579332e+00 4.812922e-02
8.111308e+00 5.075895e-02
1.000000e+01 5.353005e-02
1.232847e+01 5.644863e-02
1.519911e+01 5.952033e-02
1.873817e+01 6.275004e-02
2.310130e+01 6.614145e-02
2.848036e+01 6.969654e-02
3.511192e+01 7.341497e-02
4.328761e+01 7.729327e-02
5.336699e+01 8.132392e-02
6.579332e+01 8.549431e-02
8.111308e+01 8.978553e-02
1.000000e+02 9.417113e-02
1.232847e+02 9.861583e-02
1.519911e+02 1.030743e-01
1.873817e+02 1.074899e-01
2.310130e+02 1.117946e-01
2.848036e+02 1.159080e-01
3.511192e+02 1.197383e-01
4.328761e+02 1.231837e-01
5.336699e+02 1.261348e-01
6.579332e+02 1.284781e-01
8.111308e+02 1.301004e-01
1.000000e+03 1.308946e-01
1.232847e+03 1.307654e-01
1.519911e+03 1.296355e-01
1.873817e+03 1.274508e-01
2.310130e+03 1.241858e-01
2.848036e+03 1.198466e-01
3.511192e+03 1.144736e-01
4.328761e+03 1.081416e-01
5.336699e+03 1.009592e-01
6.579332e+03 9.306596e-02
8.111308e+03 8.462839e-02
1.000000e+04 7.583475e-02
1.232847e+04 6.688828e-02
1.519911e+04 5.799926e-02
1.873817e+04 4.937563e-02
2.310130e+04 4.121208e-02
2.848036e+04 3.367816e-02
3.511192e+04 2.690686e-02
4.328761e+04 2.098575e-02
5.336699e+04 1.595286e-02
6.579332e+04 1.179838e-02
8.111308e+04 8.471712e-03
1.000000e+05 5.891919e-03
1.232847e+05 3.959101e-03
1.519911e+05 2.564609e-03
1.873817e+05 1.599332e-03
2.310130e+05 9.603532e-04
2.848036e+05 5.564898e-04
3.511192e+05 3.124862e-04
4.328761e+05 1.709831e-04
5.336699e+05 9.170855e-05
6.579332e+05 4.848428e-05
8.111308e+05 2.538113e-05
1.000000e+06 1.320192e-05
1.232847e+06 6.839572e-06
1.519911e+06 3.534920e-06
1.873817e+06 1.824423e-06
2.310130e+06 9.408732e-07
2.848036e+06 4.850101e-07
3.511192e+06 2.499612e-07
4.328761e+06 1.288087e-07
5.336699e+06 6.637349e-08
6.579332e+06 3.420067e-08
8.111308e+06 1.762266e-08
1.000000e+07 9.080456e-09
