1.000000e-02 5.476902e-02
1.232847e-02 5.532597e-02
1.519911e-02 5.588858e-02
1.873817e-02 5.645692e-02
2.310130e-02 5.703103e-02
2.848036e-02 5.761099e-02
3.511192e-02 5.819684e-02
4.328761e-02 5.878865e-02
5.336699e-02 5.938647e-02
6.579332e-02 5.999038e-02
8.111308e-02 6.060042e-02
1.000000e-01 6.121667e-02
1.232847e-01 6.183919e-02
1.519911e-01 6.246804e-02
1.873817e-01 6.310328e-02
2.310130e-01 6.374497e-02
2.848036e-01 6.439317e-02
3.511192e-01 6.504788e-02
4.328761e-01 6.570902e-02
5.336699e-01 6.637634e-02
6.579332e-01 6.704924e-02
8.111308e-01 6.772664e-02
1.000000e+00 6.840665e-02
1.232847e+00 6.908637e-02
1.519911e+00 6.976154e-02
1.873817e+00 7.042629e-02
2.310130e+00 7.107295e-02
2.848036e+00 7.169189e-02
3.511192e+00 7.227151e-02
4.328761e+00 7.279843e-02
5.336699e+00 7.325779e-02
6.579332e+00 7.363375e-02
8.111308e+00 7.391016e-02
1.000000e+01 7.407141e-02
1.232847e+01 7.410332e-02
1.519911e+01 7.399415e-02
1.873817e+01 7.373554e-02
2.310130e+01 7.332336e-02
2.848036e+01 7.275834e-02
3.511192e+01 7.204650e-02
4.328761e+01 7.119922e-02
5.336699e+01 7.023304e-02
6.579332e+01 6.916916e-02
8.111308e+01 6.803264e-02
1.000000e+02 6.685151e-02
1.232847e+02 6.565565e-02
1.519911e+02 6.447583e-02
1.873817e+02 6.334267e-02
2.310130e+02 6.228582e-02
2.848036e+02 6.133327e-02
3.511192e+02 6.051083e-02
4.328761e+02 5.984173e-02
5.336699e+02 5.934639e-02
6.579332e+02 5.904219e-02
8.111308e+02 5.894319e-02
1.000000e+03 5.905976e-02
1.232847e+03 5.939799e-02
1.519911e+03 5.995874e-02
1.873817e+03 6.073623e-02
2.310130e+03 6.171612e-02
2.848036e+03 6.287288e-02
3.511192e+03 6.416643e-02
4.328761e+03 6.553821e-02
5.336699e+03 6.690668e-02
6.579332e+03 6.816297e-02
8.111308e+03 6.916753e-02
1.000000e+04 6.974926e-02
1.232847e+04 6.970951e-02
1.519911e+04 6.883358e-02
1.873817e+04 6.691245e-02
2.310130e+04 6.377609e-02
2.848036e+04 5.933595e-02
3.511192e+04 5.362914e-02
4.328761e+04 4.685036e-02
5.336699e+04 3.935554e-02
6.579332e+04 3.162464e-02
8.111308e+04 2.418493e-02
1.000000e+05 1.751334e-02
1.232847e+05 1.194886e-02
1.519911e+05 7.643658e-03
1.873817e+05 4.564657e-03
2.310130e+05 2.537587e-03
2.848036e+05 1.313514e-03
3.511192e+05 6.360294e-04
4.328761e+05 2.908032e-04
5.336699e+05 1.271148e-04
6.579332e+05 5.381188e-05
8.111308e+05 2.230940e-05
1.000000e+06 9.133470e-06
1.232847e+06 3.712910e-06
1.519911e+06 1.503720e-06
1.873817e+06 6.078553e-07
2.310130e+06 2.454924e-07
2.848036e+06 9.910427e-08
3.511192e+06 4.000043e-08
4.328761e+06 1.614366e-08
5.336699e+06 6.515162e-09
6.579332e+06 2.629320e-09
8.111308e+06 1.061109e-09
1.000000e+07 4.282295e-10
