1.000000e-02 1.092657e-02
1.232847e-02 1.149532e-02
1.519911e-02 1.209368e-02
1.873817e-02 1.272318e-02
2.310130e-02 1.338546e-02
2.848036e-02 1.408220e-02
3.511192e-02 1.481521e-02
4.328761e-02 1.558638e-02
5.336699e-02 1.639768e-02
6.579332e-02 1.725122e-02
8.111308e-02 1.814919e-02
1.000000e-01 1.909390e-02
1.232847e-01 2.008778e-02
1.519911e-01 2.113339e-02
1.873817e-01 2.223343e-02
2.310130e-01 2.339074e-02
2.848036e-01 2.460828e-02
3.511192e-01 2.588919e-02
4.328761e-01 2.723678e-02
5.336699e-01 2.865450e-02
6.579332e-01 3.014599e-02
8.111308e-01 3.171506e-02
1.000000e+00 3.336568e-02
1.232847e+00 3.510198e-02
1.519911e+00 3.692825e-02
1.873817e+00 3.884886e-02
2.310130e+00 4.086826e-02
2.848036e+00 4.299090e-02
3.511192e+00 4.522115e-02
4.328761e+00 4.756320e-02
5.336699e+00 5.002092e-02
6.579332e+00 5.259771e-02
8.111308e+00 5.529630e-02
1.000000e+01 5.811855e-02
1.232847e+01 6.106520e-02
1.519911e+01 6.413558e-02
1.873817e+01 6.732738e-02
2.310130e+01 7.063637e-02
2.848036e+01 7.405613e-02
3.511192e+01 7.757791e-02
4.328761e+01 8.119053e-02
5.336699e+01 8.488039e-02
6.579332e+01 8.863176e-02
8.111308e+01 9.242716e-02
1.000000e+02 9.624811e-02
1.232847e+02 1.000761e-01
1.519911e+02 1.038936e-01
1.873817e+02 1.076860e-01
2.310130e+02 1.114424e-01
2.848036e+02 1.151573e-01
3.511192e+02 1.188314e-01
4.328761e+02 1.224710e-01
5.336699e+02 1.260861e-01
6.579332e+02 1.296851e-01
8.111308e+02 1.332654e-01
1.000000e+03 1.367968e-01
1.232847e+03 1.401954e-01
1.519911e+03 1.432851e-01
1.873817e+03 1.457447e-01
2.310130e+03 1.470430e-01
2.848036e+03 1.463809e-01
3.511192e+03 1.426813e-01
4.328761e+03 1.347108e-01
5.336699e+03 1.214406e-01
6.579332e+03 1.026906e-01
8.111308e+03 7.983547e-02
1.000000e+04 5.596001e-02
1.232847e+04 3.485468e-02
1.519911e+04 1.920264e-02
1.873817e+04 9.436993e-03
2.310130e+04 4.220798e-03
2.848036e+04 1.763416e-03
3.511192e+04 7.056554e-04
4.328761e+04 2.757383e-04
5.336699e+04 1.065234e-04
6.579332e+04 4.095989e-05
8.111308e+04 1.572507e-05
1.000000e+05 6.034969e-06
1.232847e+05 2.316163e-06
1.519911e+05 8.890038e-07
1.873817e+05 3.412477e-07
2.310130e+05 1.309950e-07
2.848036e+05 5.028632e-08
3.511192e+05 1.930411e-08
4.328761e+05 7.410573e-09
5.336699e+05 2.844820e-09
6.579332e+05 1.092090e-09
8.111308e+05 4.192393e-10
1.000000e+06 1.609406e-10
1.232847e+06 6.178306e-11
1.519911e+06 2.371773e-11
1.873817e+06 9.104936e-12
2.310130e+06 3.495269e-12
2.848036e+06 1.341790e-12
3.511192e+06 5.150960e-13
4.328761e+06 1.977388e-13
5.336699e+06 7.590942e-14
6.579332e+06 2.914066e-14
8.111308e+06 1.118673e-14
1.000000e+07 4.294444e-15
