1.000000e-02 4.938636e-02
1.232847e-02 5.061812e-02
1.519911e-02 5.188060e-02
1.873817e-02 5.317457e-02
2.310130e-02 5.450082e-02
2.848036e-02 5.586014e-02
3.511192e-02 5.725337e-02
4.328761e-02 5.868134e-02
5.336699e-02 6.014493e-02
6.579332e-02 6.164503e-02
8.111308e-02 6.318254e-02
1.000000e-01 6.475839e-02
1.232847e-01 6.637356e-02
1.519911e-01 6.802900e-02
1.873817e-01 6.972573e-02
2.310130e-01 7.146478e-02
2.848036e-01 7.324716e-02
3.511192e-01 7.507389e-02
4.328761e-01 7.694585e-02
5.336699e-01 7.886367e-02
6.579332e-01 8.082744e-02
8.111308e-01 8.283633e-02
1.000000e+00 8.488804e-02
1.232847e+00 8.697811e-02
1.519911e+00 8.909903e-02
1.873817e+00 9.123941e-02
2.310130e+00 9.338287e-02
2.848036e+00 9.550720e-02
3.511192e+00 9.758350e-02
4.328761e+00 9.957558e-02
5.336699e+00 1.014398e-01
6.579332e+00 1.031254e-01
8.111308e+00 1.045754e-01
1.000000e+01 1.057281e-01
1.232847e+01 1.065196e-01
1.519911e+01 1.068869e-01
1.873817e+01 1.067713e-01
2.310130e+01 1.061224e-01
2.848036e+01 1.049024e-01
3.511192e+01 1.030889e-01
4.328761e+01 1.006782e-01
5.336699e+01 9.768696e-02
6.579332e+01 9.415194e-02
8.111308e+01 9.012922e-02
1.000000e+02 8.569142e-02
1.232847e+02 8.092401e-02
1.519911e+02 7.592088e-02
1.873817e+02 7.077948e-02
2.310130e+02 6.559609e-02
2.848036e+02 6.046153e-02
3.511192e+02 5.545764e-02
4.328761e+02 5.065466e-02
5.336699e+02 4.610961e-02
6.579332e+02 4.186565e-02
8.111308e+02 3.795226e-02
1.000000e+03 3.438623e-02
1.232847e+03 3.117303e-02
1.519911e+03 2.830864e-02
1.873817e+03 2.578144e-02
2.310130e+03 2.357402e-02
2.848036e+03 2.166487e-02
3.511192e+03 2.002966e-02
4.328761e+03 1.864217e-02
5.336699e+03 1.747474e-02
6.579332e+03 1.649821e-02
8.111308e+03 1.568129e-02
1.000000e+04 1.498953e-02
1.232847e+04 1.438395e-02
1.519911e+04 1.381966e-02
1.873817e+04 1.324517e-02
2.310130e+04 1.260340e-02
2.848036e+04 1.183569e-02
3.511192e+04 1.089016e-02
4.328761e+04 9.734744e-03
5.336699e+04 8.372911e-03
6.579332e+04 6.856426e-03
8.111308e+04 5.286675e-03
1.000000e+05 3.797004e-03
1.232847e+05 2.516697e-03
1.519911e+05 1.530112e-03
1.873817e+05 8.526663e-04
2.310130e+05 4.380747e-04
2.848036e+05 2.100245e-04
3.511192e+05 9.544575e-05
4.328761e+05 4.177234e-05
5.336699e+05 1.784267e-05
6.579332e+05 7.511166e-06
8.111308e+05 3.136209e-06
1.000000e+06 1.303813e-06
1.232847e+06 5.408370e-07
1.519911e+06 2.241034e-07
1.873817e+06 9.281290e-08
2.310130e+06 3.842959e-08
2.848036e+06 1.591026e-08
3.511192e+06 6.586713e-09
4.328761e+06 2.726791e-09
5.336699e+06 1.128838e-09
6.579332e+06 4.673152e-10
8.111308e+06 1.934586e-10
1.000000e+07 8.008776e-11
