1.000000e-02 1.163475e-02
1.232847e-02 1.226575e-02
1.519911e-02 1.293096e-02
1.873817e-02 1.363226e-02
2.310130e-02 1.437159e-02
2.848036e-02 1.515102e-02
3.511192e-02 1.597272e-02
4.328761e-02 1.683898e-02
5.336699e-02 1.775223e-02
6.579332e-02 1.871500e-02
8.111308e-02 1.972999e-02
1.000000e-01 2.080002e-02
1.232847e-01 2.192809e-02
1.519911e-01 2.311733e-02
1.873817e-01 2.437107e-02
2.310130e-01 2.569281e-02
2.848036e-01 2.708624e-02
3.511192e-01 2.855523e-02
4.328761e-01 3.010391e-02
5.336699e-01 3.173661e-02
6.579332e-01 3.345793e-02
8.111308e-01 3.527277e-02
1.000000e+00 3.718633e-02
1.232847e+00 3.920424e-02
1.519911e+00 4.133257e-02
1.873817e+00 4.357791e-02
2.310130e+00 4.594748e-02
2.848036e+00 4.844920e-02
3.511192e+00 5.109178e-02
4.328761e+00 5.388472e-02
5.336699e+00 5.683838e-02
6.579332e+00 5.996382e-02
8.111308e+00 6.327265e-02
1.000000e+01 6.677661e-02
1.232847e+01 7.048704e-02
1.519911e+01 7.441392e-02
1.873817e+01 7.856462e-02
2.310130e+01 8.294215e-02
2.848036e+01 8.754286e-02
3.511192e+01 9.235353e-02
4.328761e+01 9.734781e-02
5.336699e+01 1.024821e-01
6.579332e+01 1.076910e-01
8.111308e+01 1.128830e-01
1.000000e+02 1.179367e-01
1.232847e+02 1.226992e-01
1.519911e+02 1.269872e-01
1.873817e+02 1.305933e-01
2.310130e+02 1.332975e-01
2.848036e+02 1.348865e-01
3.511192e+02 1.351773e-01
4.328761e+02 1.340451e-01
5.336699e+02 1.314488e-01
6.579332e+02 1.274493e-01
8.111308e+02 1.222138e-01
1.000000e+03 1.160031e-01
1.232847e+03 1.091421e-01
1.519911e+03 1.019785e-01
1.873817e+03 9.483716e-02
2.310130e+03 8.797738e-02
2.848036e+03 8.155858e-02
3.511192e+03 7.561389e-02
4.328761e+03 7.003085e-02
5.336699e+03 6.454071e-02
6.579332e+03 5.873090e-02
8.111308e+03 5.211608e-02
1.000000e+04 4.431672e-02
1.232847e+04 3.534776e-02
1.519911e+04 2.586532e-02
1.873817e+04 1.706120e-02
2.310130e+04 1.007681e-02
2.848036e+04 5.371242e-03
3.511192e+04 2.637924e-03
4.328761e+04 1.226163e-03
5.336699e+04 5.531939e-04
6.579332e+04 2.467766e-04
8.111308e+04 1.100335e-04
1.000000e+05 4.926821e-05
1.232847e+05 2.217346e-05
1.519911e+05 1.002274e-05
1.873817e+05 4.544520e-06
2.310130e+05 2.064703e-06
2.848036e+05 9.391728e-07
3.511192e+05 4.274900e-07
4.328761e+05 1.946546e-07
5.336699e+05 8.865151e-08
6.579332e+05 4.037846e-08
8.111308e+05 1.839223e-08
1.000000e+06 8.377784e-09
1.232847e+06 3.816181e-09
1.519911e+06 1.738326e-09
1.873817e+06 7.918345e-10
2.310130e+06 3.606934e-10
2.848036e+06 1.643018e-10
3.511192e+06 7.484217e-11
4.328761e+06 3.409185e-11
5.336699e+06 1.552940e-11
6.579332e+06 7.073902e-12
8.111308e+06 3.222280e-12
1.000000e+07 1.467802e-12
