1.000000e-02 4.548516e-03
1.232847e-02 4.826193e-03
1.519911e-02 5.120822e-03
1.873817e-02 5.433437e-03
2.310130e-02 5.765137e-03
2.848036e-02 6.117086e-03
3.511192e-02 6.490521e-03
4.328761e-02 6.886753e-03
5.336699e-02 7.307175e-03
6.579332e-02 7.753262e-03
8.111308e-02 8.226582e-03
1.000000e-01 8.728798e-03
1.232847e-01 9.261672e-03
1.519911e-01 9.827077e-03
1.873817e-01 1.042700e-02
2.310130e-01 1.106355e-02
2.848036e-01 1.173895e-02
3.511192e-01 1.245559e-02
4.328761e-01 1.321598e-02
5.336699e-01 1.402279e-02
6.579332e-01 1.487887e-02
8.111308e-01 1.578723e-02
1.000000e+00 1.675110e-02
1.232847e+00 1.777389e-02
1.519911e+00 1.885929e-02
1.873817e+00 2.001121e-02
2.310130e+00 2.123389e-02
2.848036e+00 2.253189e-02
3.511192e+00 2.391015e-02
4.328761e+00 2.537404e-02
5.336699e+00 2.692939e-02
6.579332e+00 2.858255e-02
8.111308e+00 3.034046e-02
1.000000e+01 3.221065e-02
1.232847e+01 3.420129e-02
1.519911e+01 3.632115e-02
1.873817e+01 3.857961e-02
2.310130e+01 4.098652e-02
2.848036e+01 4.355204e-02
3.511192e+01 4.628636e-02
4.328761e+01 4.919934e-02
5.336699e+01 5.229993e-02
6.579332e+01 5.559546e-02
8.111308e+01 5.909069e-02
1.000000e+02 6.278669e-02
1.232847e+02 6.667943e-02
1.519911e+02 7.075822e-02
1.873817e+02 7.500407e-02
2.310130e+02 7.938799e-02
2.848036e+02 8.386961e-02
3.511192e+02 8.839630e-02
4.328761e+02 9.290311e-02
5.336699e+02 9.731413e-02
6.579332e+02 1.015454e-01
8.111308e+02 1.055099e-01
1.000000e+03 1.091245e-01
1.232847e+03 1.123186e-01
1.519911e+03 1.150435e-01
1.873817e+03 1.172824e-01
2.310130e+03 1.190581e-01
2.848036e+03 1.204381e-01
3.511192e+03 1.215356e-01
4.328761e+03 1.225063e-01
5.336699e+03 1.235390e-01
6.579332e+03 1.248417e-01
8.111308e+03 1.266192e-01
1.000000e+04 1.290407e-01
1.232847e+04 1.321871e-01
1.519911e+04 1.359653e-01
1.873817e+04 1.399731e-01
2.310130e+04 1.433074e-01
2.848036e+04 1.443549e-01
3.511192e+04 1.407299e-01
4.328761e+04 1.297223e-01
5.336699e+04 1.096791e-01
6.579332e+04 8.208983e-02
8.111308e+04 5.252002e-02
1.000000e+05 2.803078e-02
1.232847e+05 1.244778e-02
1.519911e+05 4.709183e-03
1.873817e+05 1.581778e-03
2.310130e+05 4.925854e-04
2.848036e+05 1.470861e-04
3.511192e+05 4.301675e-05
4.328761e+05 1.246377e-05
5.336699e+05 3.597322e-06
6.579332e+05 1.036707e-06
8.111308e+05 2.986020e-07
1.000000e+06 8.598939e-08
1.232847e+06 2.476101e-08
1.519911e+06 7.129882e-09
1.873817e+06 2.053021e-09
2.310130e+06 5.911577e-10
2.848036e+06 1.702210e-10
3.511192e+06 4.901430e-11
4.328761e+06 1.411343e-11
5.336699e+06 4.063891e-12
6.579332e+06 1.170177e-12
8.111308e+06 3.369468e-13
1.000000e+07 9.702217e-14
