1.000000e-02 1.224330e-02
1.232847e-02 1.291768e-02
1.519911e-02 1.362920e-02
1.873817e-02 1.437991e-02
2.310130e-02 1.517197e-02
2.848036e-02 1.600766e-02
3.511192e-02 1.688938e-02
4.328761e-02 1.781966e-02
5.336699e-02 1.880119e-02
6.579332e-02 1.983678e-02
8.111308e-02 2.092941e-02
1.000000e-01 2.208223e-02
1.232847e-01 2.329854e-02
1.519911e-01 2.458185e-02
1.873817e-01 2.593584e-02
2.310130e-01 2.736442e-02
2.848036e-01 2.887168e-02
3.511192e-01 3.046197e-02
4.328761e-01 3.213985e-02
5.336699e-01 3.391015e-02
6.579332e-01 3.577796e-02
8.111308e-01 3.774865e-02
1.000000e+00 3.982787e-02
1.232847e+00 4.202158e-02
1.519911e+00 4.433600e-02
1.873817e+00 4.677765e-02
2.310130e+00 4.935326e-02
2.848036e+00 5.206970e-02
3.511192e+00 5.493391e-02
4.328761e+00 5.795267e-02
5.336699e+00 6.113234e-02
6.579332e+00 6.447855e-02
8.111308e+00 6.799570e-02
1.000000e+01 7.168634e-02
1.232847e+01 7.555035e-02
1.519911e+01 7.958405e-02
1.873817e+01 8.377892e-02
2.310130e+01 8.812033e-02
2.848036e+01 9.258593e-02
3.511192e+01 9.714400e-02
4.328761e+01 1.017518e-01
5.336699e+01 1.063537e-01
6.579332e+01 1.108805e-01
8.111308e+01 1.152479e-01
1.000000e+02 1.193570e-01
1.232847e+02 1.230955e-01
1.519911e+02 1.263401e-01
1.873817e+02 1.289608e-01
2.310130e+02 1.308272e-01
2.848036e+02 1.318154e-01
3.511192e+02 1.318169e-01
4.328761e+02 1.307475e-01
5.336699e+02 1.285555e-01
6.579332e+02 1.252280e-01
8.111308e+02 1.207951e-01
1.000000e+03 1.153299e-01
1.232847e+03 1.089452e-01
1.519911e+03 1.017864e-01
1.873817e+03 9.402148e-02
2.310130e+03 8.583015e-02
2.848036e+03 7.739303e-02
3.511192e+03 6.888240e-02
4.328761e+03 6.045569e-02
5.336699e+03 5.225211e-02
6.579332e+03 4.439235e-02
8.111308e+03 3.698071e-02
1.000000e+04 3.010875e-02
1.232847e+04 2.385855e-02
1.519911e+04 1.830398e-02
1.873817e+04 1.350836e-02
2.310130e+04 9.517476e-03
2.848036e+04 6.348152e-03
3.511192e+04 3.974895e-03
4.328761e+04 2.320439e-03
5.336699e+04 1.258829e-03
6.579332e+04 6.360474e-04
8.111308e+04 3.017853e-04
1.000000e+05 1.361501e-04
1.232847e+05 5.921566e-05
1.519911e+05 2.513674e-05
1.873817e+05 1.051301e-05
2.310130e+05 4.359727e-06
2.848036e+05 1.799721e-06
3.511192e+05 7.411937e-07
4.328761e+05 3.048987e-07
5.336699e+05 1.253544e-07
6.579332e+05 5.152434e-08
8.111308e+05 2.117556e-08
1.000000e+06 8.702313e-09
1.232847e+06 3.576224e-09
1.519911e+06 1.469638e-09
1.873817e+06 6.039408e-10
2.310130e+06 2.481861e-10
2.848036e+06 1.019906e-10
3.511192e+06 4.191245e-11
4.328761e+06 1.722367e-11
5.336699e+06 7.077963e-12
6.579332e+06 2.908646e-12
8.111308e+06 1.195290e-12
1.000000e+07 4.911974e-13
