1.000000e-02 7.644637e-03
1.232847e-02 8.066172e-03
1.519911e-02 8.510951e-03
1.873817e-02 8.980256e-03
2.310130e-02 9.475438e-03
2.848036e-02 9.997926e-03
3.511192e-02 1.054922e-02
4.328761e-02 1.113092e-02
5.336699e-02 1.174469e-02
6.579332e-02 1.239231e-02
8.111308e-02 1.307564e-02
1.000000e-01 1.379665e-02
1.232847e-01 1.455741e-02
1.519911e-01 1.536013e-02
1.873817e-01 1.620710e-02
2.310130e-01 1.710078e-02
2.848036e-01 1.804374e-02
3.511192e-01 1.903870e-02
4.328761e-01 2.008852e-02
5.336699e-01 2.119623e-02
6.579332e-01 2.236503e-02
8.111308e-01 2.359830e-02
1.000000e+00 2.489961e-02
1.232847e+00 2.627275e-02
1.519911e+00 2.772174e-02
1.873817e+00 2.925083e-02
2.310130e+00 3.086457e-02
2.848036e+00 3.256780e-02
3.511192e+00 3.436568e-02
4.328761e+00 3.626375e-02
5.336699e+00 3.826790e-02
6.579332e+00 4.038442e-02
8.111308e+00 4.262004e-02
1.000000e+01 4.498183e-02
1.232847e+01 4.747728e-02
1.519911e+01 5.011414e-02
1.873817e+01 5.290035e-02
2.310130e+01 5.584387e-02
2.848036e+01 5.895244e-02
3.511192e+01 6.223321e-02
4.328761e+01 6.569231e-02
5.336699e+01 6.933429e-02
6.579332e+01 7.316135e-02
8.111308e+01 7.717245e-02
1.000000e+02 8.136227e-02
1.232847e+02 8.571997e-02
1.519911e+02 9.022777e-02
1.873817e+02 9.485955e-02
2.310130e+02 9.957929e-02
2.848036e+02 1.043397e-01
3.511192e+02 1.090813e-01
4.328761e+02 1.137313e-01
5.336699e+02 1.182041e-01
6.579332e+02 1.224022e-01
8.111308e+02 1.262178e-01
1.000000e+03 1.295366e-01
1.232847e+03 1.322417e-01
1.519911e+03 1.342184e-01
1.873817e+03 1.353606e-01
2.310130e+03 1.355749e-01
2.848036e+03 1.347853e-01
3.511192e+03 1.329354e-01
4.328761e+03 1.299885e-01
5.336699e+03 1.259257e-01
6.579332e+03 1.207435e-01
8.111308e+03 1.144516e-01
1.000000e+04 1.070739e-01
1.232847e+04 9.865573e-02
1.519911e+04 8.927710e-02
1.873817e+04 7.907304e-02
2.310130e+04 6.825684e-02
2.848036e+04 5.713806e-02
3.511192e+04 4.612298e-02
4.328761e+04 3.568476e-02
5.336699e+04 2.629850e-02
6.579332e+04 1.835268e-02
8.111308e+04 1.206626e-02
1.000000e+05 7.446302e-03
1.232847e+05 4.306253e-03
1.519911e+05 2.336498e-03
1.873817e+05 1.194813e-03
2.310130e+05 5.803292e-04
2.848036e+05 2.704228e-04
3.511192e+05 1.221889e-04
4.328761e+05 5.405433e-05
5.336699e+05 2.359183e-05
6.579332e+05 1.021369e-05
8.111308e+05 4.401688e-06
1.000000e+06 1.892286e-06
1.232847e+06 8.124589e-07
1.519911e+06 3.486099e-07
1.873817e+06 1.495354e-07
2.310130e+06 6.413354e-08
2.848036e+06 2.750408e-08
3.511192e+06 1.179495e-08
4.328761e+06 5.058121e-09
5.336699e+06 2.169103e-09
6.579332e+06 9.301869e-10
8.111308e+06 3.988963e-10
1.000000e+07 1.710605e-10
