1.000000e-02 6.383644e-03
1.232847e-02 6.735795e-03
1.519911e-02 7.107372e-03
1.873817e-02 7.499448e-03
2.310130e-02 7.913151e-03
2.848036e-02 8.349677e-03
3.511192e-02 8.810283e-03
4.328761e-02 9.296299e-03
5.336699e-02 9.809125e-03
6.579332e-02 1.035024e-02
8.111308e-02 1.092121e-02
1.000000e-01 1.152367e-02
1.232847e-01 1.215937e-02
1.519911e-01 1.283014e-02
1.873817e-01 1.353790e-02
2.310130e-01 1.428472e-02
2.848036e-01 1.507273e-02
3.511192e-01 1.590421e-02
4.328761e-01 1.678156e-02
5.336699e-01 1.770731e-02
6.579332e-01 1.868413e-02
8.111308e-01 1.971484e-02
1.000000e+00 2.080242e-02
1.232847e+00 2.195002e-02
1.519911e+00 2.316096e-02
1.873817e+00 2.443878e-02
2.310130e+00 2.578720e-02
2.848036e+00 2.721020e-02
3.511192e+00 2.871197e-02
4.328761e+00 3.029702e-02
5.336699e+00 3.197012e-02
6.579332e+00 3.373637e-02
8.111308e+00 3.560124e-02
1.000000e+01 3.757054e-02
1.232847e+01 3.965051e-02
1.519911e+01 4.184777e-02
1.873817e+01 4.416936e-02
2.310130e+01 4.662272e-02
2.848036e+01 4.921564e-02
3.511192e+01 5.195620e-02
4.328761e+01 5.485263e-02
5.336699e+01 5.791316e-02
6.579332e+01 6.114579e-02
8.111308e+01 6.455792e-02
1.000000e+02 6.815595e-02
1.232847e+02 7.194471e-02
1.519911e+02 7.592678e-02
1.873817e+02 8.010161e-02
2.310130e+02 8.446452e-02
2.848036e+02 8.900551e-02
3.511192e+02 9.370787e-02
4.328761e+02 9.854675e-02
5.336699e+02 1.034875e-01
6.579332e+02 1.084840e-01
8.111308e+02 1.134773e-01
1.000000e+03 1.183939e-01
1.232847e+03 1.231451e-01
1.519911e+03 1.276261e-01
1.873817e+03 1.317163e-01
2.310130e+03 1.352802e-01
2.848036e+03 1.381693e-01
3.511192e+03 1.402255e-01
4.328761e+03 1.412852e-01
5.336699e+03 1.411865e-01
6.579332e+03 1.397764e-01
8.111308e+03 1.369219e-01
1.000000e+04 1.325226e-01
1.232847e+04 1.265258e-01
1.519911e+04 1.189442e-01
1.873817e+04 1.098735e-01
2.310130e+04 9.950706e-02
2.848036e+04 8.814274e-02
3.511192e+04 7.617537e-02
4.328761e+04 6.407109e-02
5.336699e+04 5.232294e-02
6.579332e+04 4.139416e-02
8.111308e+04 3.166074e-02
1.000000e+05 2.336809e-02
1.232847e+05 1.661294e-02
1.519911e+05 1.135364e-02
1.873817e+05 7.442481e-03
2.310130e+05 4.667894e-03
2.848036e+05 2.794561e-03
3.511192e+05 1.594493e-03
4.328761e+05 8.672911e-04
5.336699e+05 4.510326e-04
6.579332e+05 2.255376e-04
8.111308e+05 1.092703e-04
1.000000e+06 5.171108e-05
1.232847e+06 2.407943e-05
1.519911e+06 1.109700e-05
1.873817e+06 5.082169e-06
2.310130e+06 2.319230e-06
2.848036e+06 1.056328e-06
3.511192e+06 4.806417e-07
4.328761e+06 2.185916e-07
5.336699e+06 9.939183e-08
6.579332e+06 4.518872e-08
8.111308e+06 2.054458e-08
1.000000e+07 9.340340e-09
