1.000000e-02 2.086934e-02
1.232847e-02 2.184932e-02
1.519911e-02 2.287532e-02
1.873817e-02 2.394950e-02
2.310130e-02 2.507412e-02
2.848036e-02 2.625154e-02
3.511192e-02 2.748426e-02
4.328761e-02 2.877486e-02
5.336699e-02 3.012607e-02
6.579332e-02 3.154073e-02
8.111308e-02 3.302181e-02
1.000000e-01 3.457245e-02
1.232847e-01 3.619589e-02
1.519911e-01 3.789558e-02
1.873817e-01 3.967507e-02
2.310130e-01 4.153813e-02
2.848036e-01 4.348866e-02
3.511192e-01 4.553077e-02
4.328761e-01 4.766871e-02
5.336699e-01 4.990688e-02
6.579332e-01 5.224975e-02
8.111308e-01 5.470178e-02
1.000000e+00 5.726724e-02
1.232847e+00 5.994998e-02
1.519911e+00 6.275309e-02
1.873817e+00 6.567846e-02
2.310130e+00 6.872621e-02
2.848036e+00 7.189399e-02
3.511192e+00 7.517616e-02
4.328761e+00 7.856284e-02
5.336699e+00 8.203884e-02
6.579332e+00 8.558250e-02
8.111308e+00 8.916457e-02
1.000000e+01 9.274706e-02
1.232847e+01 9.628232e-02
1.519911e+01 9.971230e-02
1.873817e+01 1.029684e-01
2.310130e+01 1.059718e-01
2.848036e+01 1.086349e-01
3.511192e+01 1.108633e-01
4.328761e+01 1.125594e-01
5.336699e+01 1.136272e-01
6.579332e+01 1.139781e-01
8.111308e+01 1.135380e-01
1.000000e+02 1.122546e-01
1.232847e+02 1.101048e-01
1.519911e+02 1.071008e-01
1.873817e+02 1.032946e-01
2.310130e+02 9.877868e-02
2.848036e+02 9.368336e-02
3.511192e+02 8.817014e-02
4.328761e+02 8.242144e-02
5.336699e+02 7.662814e-02
6.579332e+02 7.097666e-02
8.111308e+02 6.563748e-02
1.000000e+03 6.075667e-02
1.232847e+03 5.645153e-02
1.519911e+03 5.281006e-02
1.873817e+03 4.989354e-02
2.310130e+03 4.774008e-02
2.848036e+03 4.636605e-02
3.511192e+03 4.576076e-02
4.328761e+03 4.586743e-02
5.336699e+03 4.654019e-02
6.579332e+03 4.746641e-02
8.111308e+03 4.805574e-02
1.000000e+04 4.734772e-02
1.232847e+04 4.410477e-02
1.519911e+04 3.736940e-02
1.873817e+04 2.751795e-02
2.310130e+04 1.686938e-02
2.848036e+04 8.402693e-03
3.511192e+04 3.431418e-03
4.328761e+04 1.196269e-03
5.336699e+04 3.752940e-04
6.579332e+04 1.108604e-04
8.111308e+04 3.177497e-05
1.000000e+05 8.984484e-06
1.232847e+05 2.526172e-06
1.519911e+05 7.087516e-07
1.873817e+05 1.986939e-07
2.310130e+05 5.568738e-08
2.848036e+05 1.560593e-08
3.511192e+05 4.373309e-09
4.328761e+05 1.225537e-09
5.336699e+05 3.434327e-10
6.579332e+05 9.624017e-11
8.111308e+05 2.696939e-11
1.000000e+06 7.557631e-12
1.232847e+06 2.117875e-12
1.519911e+06 5.934920e-13
1.873817e+06 1.663143e-13
2.310130e+06 4.660625e-14
2.848036e+06 1.306047e-14
3.511192e+06 3.659935e-15
4.328761e+06 1.025623e-15
5.336699e+06 2.874105e-16
6.579332e+06 8.054103e-17
8.111308e+06 2.257001e-17
1.000000e+07 6.324794e-18
