1.000000e-02 1.266657e-02
1.232847e-02 1.334161e-02
1.519911e-02 1.405262e-02
1.873817e-02 1.480153e-02
2.310130e-02 1.559035e-02
2.848036e-02 1.642121e-02
3.511192e-02 1.729635e-02
4.328761e-02 1.821813e-02
5.336699e-02 1.918903e-02
6.579332e-02 2.021168e-02
8.111308e-02 2.128882e-02
1.000000e-01 2.242337e-02
1.232847e-01 2.361838e-02
1.519911e-01 2.487708e-02
1.873817e-01 2.620286e-02
2.310130e-01 2.759930e-02
2.848036e-01 2.907015e-02
3.511192e-01 3.061939e-02
4.328761e-01 3.225120e-02
5.336699e-01 3.396998e-02
6.579332e-01 3.578038e-02
8.111308e-01 3.768728e-02
1.000000e+00 3.969587e-02
1.232847e+00 4.181160e-02
1.519911e+00 4.404020e-02
1.873817e+00 4.638775e-02
2.310130e+00 4.886060e-02
2.848036e+00 5.146539e-02
3.511192e+00 5.420896e-02
4.328761e+00 5.709834e-02
5.336699e+00 6.014051e-02
6.579332e+00 6.334227e-02
8.111308e+00 6.670988e-02
1.000000e+01 7.024868e-02
1.232847e+01 7.396249e-02
1.519911e+01 7.785293e-02
1.873817e+01 8.191839e-02
2.310130e+01 8.615297e-02
2.848036e+01 9.054496e-02
3.511192e+01 9.507526e-02
4.328761e+01 9.971541e-02
5.336699e+01 1.044255e-01
6.579332e+01 1.091520e-01
8.111308e+01 1.138257e-01
1.000000e+02 1.183597e-01
1.232847e+02 1.226485e-01
1.519911e+02 1.265675e-01
1.873817e+02 1.299748e-01
2.310130e+02 1.327138e-01
2.848036e+02 1.346197e-01
3.511192e+02 1.355269e-01
4.328761e+02 1.352806e-01
5.336699e+02 1.337498e-01
6.579332e+02 1.308421e-01
8.111308e+02 1.265183e-01
1.000000e+03 1.208053e-01
1.232847e+03 1.138033e-01
1.519911e+03 1.056876e-01
1.873817e+03 9.670043e-02
2.310130e+03 8.713494e-02
2.848036e+03 7.731123e-02
3.511192e+03 6.754839e-02
4.328761e+03 5.813660e-02
5.336699e+03 4.931364e-02
6.579332e+03 4.124953e-02
8.111308e+03 3.404096e-02
1.000000e+04 2.771550e-02
1.232847e+04 2.224403e-02
1.519911e+04 1.755880e-02
1.873817e+04 1.357408e-02
2.310130e+04 1.020660e-02
2.848036e+04 7.392203e-03
3.511192e+04 5.093565e-03
4.328761e+04 3.293746e-03
5.336699e+04 1.974270e-03
6.579332e+04 1.088745e-03
8.111308e+04 5.527165e-04
1.000000e+05 2.607168e-04
1.232847e+05 1.160287e-04
1.519911e+05 4.954510e-05
1.873817e+05 2.059898e-05
2.310130e+05 8.429595e-06
2.848036e+05 3.419438e-06
3.511192e+05 1.380732e-06
4.328761e+05 5.562510e-07
5.336699e+05 2.238495e-07
6.579332e+05 9.003692e-08
8.111308e+05 3.620641e-08
1.000000e+06 1.455815e-08
1.232847e+06 5.853392e-09
1.519911e+06 2.353428e-09
1.873817e+06 9.462170e-10
2.310130e+06 3.804339e-10
2.848036e+06 1.529562e-10
3.511192e+06 6.149709e-11
4.328761e+06 2.472533e-11
5.336699e+06 9.940986e-12
6.579332e+06 3.996841e-12
8.111308e+06 1.606957e-12
1.000000e+07 6.460881e-13
