1.000000e-02 8.521689e-03
1.232847e-02 9.197021e-03
1.519911e-02 9.925873e-03
1.873817e-02 1.071249e-02
2.310130e-02 1.156144e-02
2.848036e-02 1.247766e-02
3.511192e-02 1.346650e-02
4.328761e-02 1.453370e-02
5.336699e-02 1.568548e-02
6.579332e-02 1.692853e-02
8.111308e-02 1.827010e-02
1.000000e-01 1.971798e-02
1.232847e-01 2.128060e-02
1.519911e-01 2.296706e-02
1.873817e-01 2.478717e-02
2.310130e-01 2.675152e-02
2.848036e-01 2.887155e-02
3.511192e-01 3.115960e-02
4.328761e-01 3.362900e-02
5.336699e-01 3.629419e-02
6.579332e-01 3.917080e-02
8.111308e-01 4.227581e-02
1.000000e+00 4.562772e-02
1.232847e+00 4.924671e-02
1.519911e+00 5.315478e-02
1.873817e+00 5.737585e-02
2.310130e+00 6.193561e-02
2.848036e+00 6.686110e-02
3.511192e+00 7.217975e-02
4.328761e+00 7.791756e-02
5.336699e+00 8.409611e-02
6.579332e+00 9.072788e-02
8.111308e+00 9.780944e-02
1.000000e+01 1.053119e-01
1.232847e+01 1.131682e-01
1.519911e+01 1.212583e-01
1.873817e+01 1.293912e-01
2.310130e+01 1.372892e-01
2.848036e+01 1.445770e-01
3.511192e+01 1.507822e-01
4.328761e+01 1.553581e-01
5.336699e+01 1.577321e-01
6.579332e+01 1.573856e-01
8.111308e+01 1.539543e-01
1.000000e+02 1.473288e-01
1.232847e+02 1.377228e-01
1.519911e+02 1.256796e-01
1.873817e+02 1.120008e-01
2.310130e+02 9.761417e-02
2.848036e+02 8.341686e-02
3.511192e+02 7.014352e-02
4.328761e+02 5.829098e-02
5.336699e+02 4.810781e-02
6.579332e+02 3.963339e-02
8.111308e+02 3.276119e-02
1.000000e+03 2.730321e-02
1.232847e+03 2.304176e-02
1.519911e+03 1.976398e-02
1.873817e+03 1.728063e-02
2.310130e+03 1.543341e-02
2.848036e+03 1.409502e-02
3.511192e+03 1.316537e-02
4.328761e+03 1.256596e-02
5.336699e+03 1.223361e-02
6.579332e+03 1.211402e-02
8.111308e+03 1.215543e-02
1.000000e+04 1.230252e-02
1.232847e+04 1.249145e-02
1.519911e+04 1.264710e-02
1.873817e+04 1.268428e-02
2.310130e+04 1.251478e-02
2.848036e+04 1.206070e-02
3.511192e+04 1.127245e-02
4.328761e+04 1.014632e-02
5.336699e+04 8.734740e-03
6.579332e+04 7.143244e-03
8.111308e+04 5.512235e-03
1.000000e+05 3.987693e-03
1.232847e+05 2.688983e-03
1.519911e+05 1.683737e-03
1.873817e+05 9.787106e-04
2.310130e+05 5.305060e-04
2.848036e+05 2.706646e-04
3.511192e+05 1.316111e-04
4.328761e+05 6.179404e-05
5.336699e+05 2.833840e-05
6.579332e+05 1.280552e-05
8.111308e+05 5.736411e-06
1.000000e+06 2.557205e-06
1.232847e+06 1.136982e-06
1.519911e+06 5.048389e-07
1.873817e+06 2.240042e-07
2.310130e+06 9.936075e-08
2.848036e+06 4.406612e-08
3.511192e+06 1.954173e-08
4.328761e+06 8.665768e-09
5.336699e+06 3.842777e-09
6.579332e+06 1.704045e-09
8.111308e+06 7.556424e-10
1.000000e+07 3.350823e-10
