1.000000e-02 7.707161e-03
1.232847e-02 8.102993e-03
1.519911e-02 8.519154e-03
1.873817e-02 8.956689e-03
2.310130e-02 9.416696e-03
2.848036e-02 9.900327e-03
3.511192e-02 1.040880e-02
4.328761e-02 1.094338e-02
5.336699e-02 1.150542e-02
6.579332e-02 1.209633e-02
8.111308e-02 1.271759e-02
1.000000e-01 1.337075e-02
1.232847e-01 1.405746e-02
1.519911e-01 1.477943e-02
1.873817e-01 1.553849e-02
2.310130e-01 1.633653e-02
2.848036e-01 1.717556e-02
3.511192e-01 1.805767e-02
4.328761e-01 1.898510e-02
5.336699e-01 1.996015e-02
6.579332e-01 2.098528e-02
8.111308e-01 2.206304e-02
1.000000e+00 2.319614e-02
1.232847e+00 2.438741e-02
1.519911e+00 2.563981e-02
1.873817e+00 2.695646e-02
2.310130e+00 2.834063e-02
2.848036e+00 2.979573e-02
3.511192e+00 3.132537e-02
4.328761e+00 3.293333e-02
5.336699e+00 3.462357e-02
6.579332e+00 3.640031e-02
8.111308e+00 3.826795e-02
1.000000e+01 4.023120e-02
1.232847e+01 4.229504e-02
1.519911e+01 4.446478e-02
1.873817e+01 4.674607e-02
2.310130e+01 4.914496e-02
2.848036e+01 5.166794e-02
3.511192e+01 5.432192e-02
4.328761e+01 5.711429e-02
5.336699e+01 6.005295e-02
6.579332e+01 6.314626e-02
8.111308e+01 6.640305e-02
1.000000e+02 6.983258e-02
1.232847e+02 7.344445e-02
1.519911e+02 7.724852e-02
1.873817e+02 8.125472e-02
2.310130e+02 8.547291e-02
2.848036e+02 8.991254e-02
3.511192e+02 9.458235e-02
4.328761e+02 9.948983e-02
5.336699e+02 1.046406e-01
6.579332e+02 1.100373e-01
8.111308e+02 1.156782e-01
1.000000e+03 1.215548e-01
1.232847e+03 1.276483e-01
1.519911e+03 1.339238e-01
1.873817e+03 1.403214e-01
2.310130e+03 1.467425e-01
2.848036e+03 1.530292e-01
3.511192e+03 1.589343e-01
4.328761e+03 1.640819e-01
5.336699e+03 1.679192e-01
6.579332e+03 1.696711e-01
8.111308e+03 1.683209e-01
1.000000e+04 1.626662e-01
1.232847e+04 1.515221e-01
1.519911e+04 1.341444e-01
1.873817e+04 1.108625e-01
2.310130e+04 8.367633e-02
2.848036e+04 5.626942e-02
3.511192e+04 3.289488e-02
4.328761e+04 1.641256e-02
5.336699e+04 6.959989e-03
6.579332e+04 2.548412e-03
8.111308e+04 8.323881e-04
1.000000e+05 2.519361e-04
1.232847e+05 7.296570e-05
1.519911e+05 2.066241e-05
1.873817e+05 5.791085e-06
2.310130e+05 1.616053e-06
2.848036e+05 4.502112e-07
3.511192e+05 1.253451e-07
4.328761e+05 3.489024e-08
5.336699e+05 9.711117e-09
6.579332e+05 2.702864e-09
8.111308e+05 7.522739e-10
1.000000e+06 2.093760e-10
1.232847e+06 5.827433e-11
1.519911e+06 1.621914e-11
1.873817e+06 4.514172e-12
2.310130e+06 1.256402e-12
2.848036e+06 3.496866e-13
3.511192e+06 9.732610e-14
4.328761e+06 2.708817e-14
5.336699e+06 7.539284e-15
6.579332e+06 2.098362e-15
8.111308e+06 5.840243e-16
1.000000e+07 1.625479e-16
