1.000000e-02 9.817652e-03
1.232847e-02 1.035803e-02
1.519911e-02 1.092815e-02
1.873817e-02 1.152965e-02
2.310130e-02 1.216426e-02
2.848036e-02 1.283380e-02
3.511192e-02 1.354020e-02
4.328761e-02 1.428547e-02
5.336699e-02 1.507176e-02
6.579332e-02 1.590134e-02
8.111308e-02 1.677657e-02
1.000000e-01 1.769998e-02
1.232847e-01 1.867421e-02
1.519911e-01 1.970207e-02
1.873817e-01 2.078650e-02
2.310130e-01 2.193062e-02
2.848036e-01 2.313772e-02
3.511192e-01 2.441125e-02
4.328761e-01 2.575489e-02
5.336699e-01 2.717248e-02
6.579332e-01 2.866809e-02
8.111308e-01 3.024603e-02
1.000000e+00 3.191081e-02
1.232847e+00 3.366720e-02
1.519911e+00 3.552023e-02
1.873817e+00 3.747517e-02
2.310130e+00 3.953753e-02
2.848036e+00 4.171306e-02
3.511192e+00 4.400772e-02
4.328761e+00 4.642760e-02
5.336699e+00 4.897889e-02
6.579332e+00 5.166773e-02
8.111308e+00 5.450003e-02
1.000000e+01 5.748132e-02
1.232847e+01 6.061638e-02
1.519911e+01 6.390892e-02
1.873817e+01 6.736106e-02
2.310130e+01 7.097276e-02
2.848036e+01 7.474110e-02
3.511192e+01 7.865940e-02
4.328761e+01 8.271626e-02
5.336699e+01 8.689444e-02
6.579332e+01 9.116968e-02
8.111308e+01 9.550946e-02
1.000000e+02 9.987181e-02
1.232847e+02 1.042043e-01
1.519911e+02 1.084434e-01
1.873817e+02 1.125140e-01
2.310130e+02 1.163302e-01
2.848036e+02 1.197965e-01
3.511192e+02 1.228102e-01
4.328761e+02 1.252649e-01
5.336699e+02 1.270552e-01
6.579332e+02 1.280821e-01
8.111308e+02 1.282591e-01
1.000000e+03 1.275185e-01
1.232847e+03 1.258163e-01
1.519911e+03 1.231369e-01
1.873817e+03 1.194948e-01
2.310130e+03 1.149345e-01
2.848036e+03 1.095277e-01
3.511192e+03 1.033696e-01
4.328761e+03 9.657342e-02
5.336699e+03 8.926502e-02
6.579332e+03 8.157835e-02
8.111308e+03 7.365192e-02
1.000000e+04 6.562654e-02
1.232847e+04 5.764358e-02
1.519911e+04 4.984326e-02
1.873817e+04 4.236167e-02
2.310130e+04 3.532617e-02
2.848036e+04 2.884926e-02
3.511192e+04 2.302191e-02
4.328761e+04 1.790763e-02
5.336699e+04 1.353864e-02
6.579332e+04 9.914838e-03
8.111308e+04 7.005687e-03
1.000000e+05 4.754495e-03
1.232847e+05 3.084091e-03
1.519911e+05 1.903226e-03
1.873817e+05 1.113485e-03
2.310130e+05 6.169783e-04
2.848036e+05 3.245882e-04
3.511192e+05 1.631328e-04
4.328761e+05 7.901013e-05
5.336699e+05 3.722895e-05
6.579332e+05 1.721381e-05
8.111308e+05 7.863666e-06
1.000000e+06 3.566268e-06
1.232847e+06 1.610638e-06
1.519911e+06 7.257641e-07
1.873817e+06 3.266435e-07
2.310130e+06 1.469225e-07
2.848036e+06 6.606520e-08
3.511192e+06 2.970265e-08
4.328761e+06 1.335332e-08
5.336699e+06 6.003040e-09
6.579332e+06 2.698663e-09
8.111308e+06 1.213178e-09
1.000000e+07 5.453814e-10
