1.000000e-02 3.677523e-03
1.232847e-02 3.921843e-03
1.519911e-02 4.182394e-03
1.873817e-02 4.460256e-03
2.310130e-02 4.756577e-03
2.848036e-02 5.072585e-03
3.511192e-02 5.409587e-03
4.328761e-02 5.768979e-03
5.336699e-02 6.152246e-03
6.579332e-02 6.560977e-03
8.111308e-02 6.996862e-03
1.000000e-01 7.461705e-03
1.232847e-01 7.957431e-03
1.519911e-01 8.486091e-03
1.873817e-01 9.049873e-03
2.310130e-01 9.651110e-03
2.848036e-01 1.029229e-02
3.511192e-01 1.097607e-02
4.328761e-01 1.170528e-02
5.336699e-01 1.248293e-02
6.579332e-01 1.331224e-02
8.111308e-01 1.419665e-02
1.000000e+00 1.513980e-02
1.232847e+00 1.614561e-02
1.519911e+00 1.721821e-02
1.873817e+00 1.836201e-02
2.310130e+00 1.958171e-02
2.848036e+00 2.088227e-02
3.511192e+00 2.226894e-02
4.328761e+00 2.374726e-02
5.336699e+00 2.532300e-02
6.579332e+00 2.700218e-02
8.111308e+00 2.879100e-02
1.000000e+01 3.069574e-02
1.232847e+01 3.272268e-02
1.519911e+01 3.487793e-02
1.873817e+01 3.716724e-02
2.310130e+01 3.959571e-02
2.848036e+01 4.216749e-02
3.511192e+01 4.488534e-02
4.328761e+01 4.775017e-02
5.336699e+01 5.076046e-02
6.579332e+01 5.391165e-02
8.111308e+01 5.719547e-02
1.000000e+02 6.059929e-02
1.232847e+02 6.410556e-02
1.519911e+02 6.769138e-02
1.873817e+02 7.132842e-02
2.310130e+02 7.498315e-02
2.848036e+02 7.861772e-02
3.511192e+02 8.219146e-02
4.328761e+02 8.566314e-02
5.336699e+02 8.899404e-02
6.579332e+02 9.215174e-02
8.111308e+02 9.511435e-02
1.000000e+03 9.787497e-02
1.232847e+03 1.004460e-01
1.519911e+03 1.028629e-01
1.873817e+03 1.051863e-01
2.310130e+03 1.075037e-01
2.848036e+03 1.099288e-01
3.511192e+03 1.125986e-01
4.328761e+03 1.156683e-01
5.336699e+03 1.193025e-01
6.579332e+03 1.236593e-01
8.111308e+03 1.288639e-01
1.000000e+04 1.349628e-01
1.232847e+04 1.418494e-01
1.519911e+04 1.491496e-01
1.873817e+04 1.560674e-01
2.310130e+04 1.612272e-01
2.848036e+04 1.626214e-01
3.511192e+04 1.578744e-01
4.328761e+04 1.450458e-01
5.336699e+04 1.239042e-01
6.579332e+04 9.691748e-02
8.111308e+04 6.879469e-02
1.000000e+05 4.434919e-02
1.232847e+05 2.626729e-02
1.519911e+05 1.458213e-02
1.873817e+05 7.768095e-03
2.310130e+05 4.058060e-03
2.848036e+05 2.112380e-03
3.511192e+05 1.105220e-03
4.328761e+05 5.824261e-04
5.336699e+05 3.083871e-04
6.579332e+05 1.633706e-04
8.111308e+05 8.625813e-05
1.000000e+06 4.528763e-05
1.232847e+06 2.362959e-05
1.519911e+06 1.226030e-05
1.873817e+06 6.333382e-06
2.310130e+06 3.261474e-06
2.848036e+06 1.676127e-06
3.511192e+06 8.603292e-07
4.328761e+06 4.412886e-07
5.336699e+06 2.262707e-07
6.579332e+06 1.160022e-07
8.111308e+06 5.946763e-08
1.000000e+07 3.048532e-08
