1.000000e-02 1.796764e-02
1.232847e-02 1.881308e-02
1.519911e-02 1.969829e-02
1.873817e-02 2.062515e-02
2.310130e-02 2.159563e-02
2.848036e-02 2.261177e-02
3.511192e-02 2.367572e-02
4.328761e-02 2.478974e-02
5.336699e-02 2.595617e-02
6.579332e-02 2.717749e-02
8.111308e-02 2.845627e-02
1.000000e-01 2.979523e-02
1.232847e-01 3.119718e-02
1.519911e-01 3.266511e-02
1.873817e-01 3.420210e-02
2.310130e-01 3.581141e-02
2.848036e-01 3.749645e-02
3.511192e-01 3.926076e-02
4.328761e-01 4.110805e-02
5.336699e-01 4.304219e-02
6.579332e-01 4.506715e-02
8.111308e-01 4.718698e-02
1.000000e+00 4.940575e-02
1.232847e+00 5.172742e-02
1.519911e+00 5.415570e-02
1.873817e+00 5.669384e-02
2.310130e+00 5.934437e-02
2.848036e+00 6.210880e-02
3.511192e+00 6.498721e-02
4.328761e+00 6.797782e-02
5.336699e+00 7.107647e-02
6.579332e+00 7.427607e-02
8.111308e+00 7.756602e-02
1.000000e+01 8.093160e-02
1.232847e+01 8.435337e-02
1.519911e+01 8.780669e-02
1.873817e+01 9.126125e-02
2.310130e+01 9.468086e-02
2.848036e+01 9.802337e-02
3.511192e+01 1.012410e-01
4.328761e+01 1.042807e-01
5.336699e+01 1.070853e-01
6.579332e+01 1.095948e-01
8.111308e+01 1.117480e-01
1.000000e+02 1.134844e-01
1.232847e+02 1.147466e-01
1.519911e+02 1.154827e-01
1.873817e+02 1.156483e-01
2.310130e+02 1.152092e-01
2.848036e+02 1.141424e-01
3.511192e+02 1.124384e-01
4.328761e+02 1.101011e-01
5.336699e+02 1.071480e-01
6.579332e+02 1.036098e-01
8.111308e+02 9.952898e-02
1.000000e+03 9.495766e-02
1.232847e+03 8.995570e-02
1.519911e+03 8.458813e-02
1.873817e+03 7.892281e-02
2.310130e+03 7.302858e-02
2.848036e+03 6.697400e-02
3.511192e+03 6.082721e-02
4.328761e+03 5.465655e-02
5.336699e+03 4.853187e-02
6.579332e+03 4.252599e-02
8.111308e+03 3.671530e-02
1.000000e+04 3.117891e-02
1.232847e+04 2.599561e-02
1.519911e+04 2.123871e-02
1.873817e+04 1.696959e-02
2.310130e+04 1.323144e-02
2.848036e+04 1.004467e-02
3.511192e+04 7.405270e-03
4.328761e+04 5.286266e-03
5.336699e+04 3.641742e-03
6.579332e+04 2.412327e-03
8.111308e+04 1.530947e-03
1.000000e+05 9.281545e-04
1.232847e+05 5.368736e-04
1.519911e+05 2.966747e-04
1.873817e+05 1.572816e-04
2.310130e+05 8.052649e-05
2.848036e+05 4.012747e-05
3.511192e+05 1.960979e-05
4.328761e+05 9.458060e-06
5.336699e+05 4.523928e-06
6.579332e+05 2.153036e-06
8.111308e+05 1.021716e-06
1.000000e+06 4.840716e-07
1.232847e+06 2.291457e-07
1.519911e+06 1.084215e-07
1.873817e+06 5.128813e-08
2.310130e+06 2.425868e-08
2.848036e+06 1.147340e-08
3.511192e+06 5.426313e-09
4.328761e+06 2.566327e-09
5.336699e+06 1.213715e-09
6.579332e+06 5.740116e-10
8.111308e+06 2.714715e-10
1.000000e+07 1.283890e-10
