1.000000e-02 2.720602e-02
1.232847e-02 2.840270e-02
1.519911e-02 2.965201e-02
1.873817e-02 3.095627e-02
2.310130e-02 3.231791e-02
2.848036e-02 3.373943e-02
3.511192e-02 3.522349e-02
4.328761e-02 3.677282e-02
5.336699e-02 3.839029e-02
6.579332e-02 4.007892e-02
8.111308e-02 4.184182e-02
1.000000e-01 4.368226e-02
1.232847e-01 4.560365e-02
1.519911e-01 4.760956e-02
1.873817e-01 4.970370e-02
2.310130e-01 5.188995e-02
2.848036e-01 5.417236e-02
3.511192e-01 5.655514e-02
4.328761e-01 5.904264e-02
5.336699e-01 6.163935e-02
6.579332e-01 6.434979e-02
8.111308e-01 6.717835e-02
1.000000e+00 7.012918e-02
1.232847e+00 7.320575e-02
1.519911e+00 7.641051e-02
1.873817e+00 7.974429e-02
2.310130e+00 8.320553e-02
2.848036e+00 8.678942e-02
3.511192e+00 9.048675e-02
4.328761e+00 9.428270e-02
5.336699e+00 9.815535e-02
6.579332e+00 1.020742e-01
8.111308e+00 1.059986e-01
1.000000e+01 1.098762e-01
1.232847e+01 1.136416e-01
1.519911e+01 1.172157e-01
1.873817e+01 1.205051e-01
2.310130e+01 1.234032e-01
2.848036e+01 1.257917e-01
3.511192e+01 1.275443e-01
4.328761e+01 1.285314e-01
5.336699e+01 1.286271e-01
6.579332e+01 1.277172e-01
8.111308e+01 1.257084e-01
1.000000e+02 1.225382e-01
1.232847e+02 1.181841e-01
1.519911e+02 1.126705e-01
1.873817e+02 1.060734e-01
2.310130e+02 9.852110e-02
2.848036e+02 9.019060e-02
3.511192e+02 8.129979e-02
4.328761e+02 7.209569e-02
5.336699e+02 6.283944e-02
6.579332e+02 5.378917e-02
8.111308e+02 4.518211e-02
1.000000e+03 3.721786e-02
1.232847e+03 3.004521e-02
1.519911e+03 2.375476e-02
1.873817e+03 1.837864e-02
2.310130e+03 1.389731e-02
2.848036e+03 1.025146e-02
3.511192e+03 7.356264e-03
4.328761e+03 5.114859e-03
5.336699e+03 3.428567e-03
6.579332e+03 2.202769e-03
8.111308e+03 1.348815e-03
1.000000e+04 7.839892e-04
1.232847e+04 4.321821e-04
1.519911e+04 2.266887e-04
1.873817e+04 1.139289e-04
2.310130e+04 5.536708e-05
2.848036e+04 2.626251e-05
3.511192e+04 1.225663e-05
4.328761e+04 5.662244e-06
5.336699e+04 2.600097e-06
6.579332e+04 1.189902e-06
8.111308e+04 5.435362e-07
1.000000e+05 2.480403e-07
1.232847e+05 1.131355e-07
1.519911e+05 5.159013e-08
1.873817e+05 2.352235e-08
2.310130e+05 1.072429e-08
2.848036e+05 4.889268e-09
3.511192e+05 2.229016e-09
4.328761e+05 1.016202e-09
5.336699e+05 4.632817e-10
6.579332e+05 2.112077e-10
8.111308e+05 9.628844e-11
1.000000e+06 4.389736e-11
1.232847e+06 2.001256e-11
1.519911e+06 9.123610e-12
1.873817e+06 4.159402e-12
2.310130e+06 1.896247e-12
2.848036e+06 8.644883e-13
3.511192e+06 3.941153e-13
4.328761e+06 1.796749e-13
5.336699e+06 8.191275e-14
6.579332e+06 3.734355e-14
8.111308e+06 1.702471e-14
1.000000e+07 7.761468e-15
