1.000000e-02 8.762424e-03
1.232847e-02 9.220361e-03
1.519911e-02 9.702230e-03
1.873817e-02 1.020928e-02
2.310130e-02 1.074283e-02
2.848036e-02 1.130427e-02
3.511192e-02 1.189505e-02
4.328761e-02 1.251670e-02
5.336699e-02 1.317084e-02
6.579332e-02 1.385916e-02
8.111308e-02 1.458346e-02
1.000000e-01 1.534562e-02
1.232847e-01 1.614760e-02
1.519911e-01 1.699149e-02
1.873817e-01 1.787949e-02
2.310130e-01 1.881390e-02
2.848036e-01 1.979714e-02
3.511192e-01 2.083177e-02
4.328761e-01 2.192047e-02
5.336699e-01 2.306607e-02
6.579332e-01 2.427156e-02
8.111308e-01 2.554008e-02
1.000000e+00 2.687495e-02
1.232847e+00 2.827969e-02
1.519911e+00 2.975805e-02
1.873817e+00 3.131400e-02
2.310130e+00 3.295180e-02
2.848036e+00 3.467604e-02
3.511192e+00 3.649166e-02
4.328761e+00 3.840399e-02
5.336699e+00 4.041886e-02
6.579332e+00 4.254258e-02
8.111308e+00 4.478208e-02
1.000000e+01 4.714485e-02
1.232847e+01 4.963909e-02
1.519911e+01 5.227362e-02
1.873817e+01 5.505793e-02
2.310130e+01 5.800208e-02
2.848036e+01 6.111655e-02
3.511192e+01 6.441207e-02
4.328761e+01 6.789924e-02
5.336699e+01 7.158806e-02
6.579332e+01 7.548728e-02
8.111308e+01 7.960354e-02
1.000000e+02 8.394020e-02
1.232847e+02 8.849597e-02
1.519911e+02 9.326310e-02
1.873817e+02 9.822536e-02
2.310130e+02 1.033556e-01
2.848036e+02 1.086132e-01
3.511192e+02 1.139410e-01
4.328761e+02 1.192629e-01
5.336699e+02 1.244808e-01
6.579332e+02 1.294734e-01
8.111308e+02 1.340951e-01
1.000000e+03 1.381766e-01
1.232847e+03 1.415282e-01
1.519911e+03 1.439451e-01
1.873817e+03 1.452159e-01
2.310130e+03 1.451340e-01
2.848036e+03 1.435116e-01
3.511192e+03 1.401964e-01
4.328761e+03 1.350894e-01
5.336699e+03 1.281631e-01
6.579332e+03 1.194791e-01
8.111308e+03 1.092028e-01
1.000000e+04 9.761119e-02
1.232847e+04 8.509057e-02
1.519911e+04 7.211936e-02
1.873817e+04 5.923316e-02
2.310130e+04 4.697367e-02
2.848036e+04 3.582801e-02
3.511192e+04 2.617059e-02
4.328761e+04 1.822140e-02
5.336699e+04 1.203089e-02
6.579332e+04 7.493137e-03
8.111308e+04 4.381646e-03
1.000000e+05 2.398832e-03
1.232847e+05 1.230409e-03
1.519911e+05 5.943858e-04
1.873817e+05 2.730014e-04
2.310130e+05 1.206290e-04
2.848036e+05 5.187752e-05
3.511192e+05 2.192529e-05
4.328761e+05 9.170598e-06
5.336699e+05 3.813478e-06
6.579332e+05 1.580893e-06
8.111308e+05 6.543380e-07
1.000000e+06 2.706255e-07
1.232847e+06 1.118864e-07
1.519911e+06 4.625013e-08
1.873817e+06 1.911682e-08
2.310130e+06 7.901394e-09
2.848036e+06 3.265769e-09
3.511192e+06 1.349785e-09
4.328761e+06 5.578820e-10
5.336699e+06 2.305790e-10
6.579332e+06 9.530093e-11
8.111308e+06 3.938895e-11
1.000000e+07 1.627990e-11
