1.000000e-02 2.542936e-02
1.232847e-02 2.656929e-02
1.519911e-02 2.776032e-02
1.873817e-02 2.900474e-02
2.310130e-02 3.030495e-02
2.848036e-02 3.166343e-02
3.511192e-02 3.308282e-02
4.328761e-02 3.456583e-02
5.336699e-02 3.611532e-02
6.579332e-02 3.773427e-02
8.111308e-02 3.942580e-02
1.000000e-01 4.119315e-02
1.232847e-01 4.303973e-02
1.519911e-01 4.496908e-02
1.873817e-01 4.698492e-02
2.310130e-01 4.909112e-02
2.848036e-01 5.129173e-02
3.511192e-01 5.359096e-02
4.328761e-01 5.599314e-02
5.336699e-01 5.850273e-02
6.579332e-01 6.112414e-02
8.111308e-01 6.386163e-02
1.000000e+00 6.671895e-02
1.232847e+00 6.969902e-02
1.519911e+00 7.280334e-02
1.873817e+00 7.603130e-02
2.310130e+00 7.937930e-02
2.848036e+00 8.283973e-02
3.511192e+00 8.639974e-02
4.328761e+00 9.004003e-02
5.336699e+00 9.373348e-02
6.579332e+00 9.744392e-02
8.111308e+00 1.011252e-01
1.000000e+01 1.047202e-01
1.232847e+01 1.081615e-01
1.519911e+01 1.113711e-01
1.873817e+01 1.142628e-01
2.310130e+01 1.167448e-01
2.848036e+01 1.187232e-01
3.511192e+01 1.201071e-01
4.328761e+01 1.208139e-01
5.336699e+01 1.207749e-01
6.579332e+01 1.199406e-01
8.111308e+01 1.182850e-01
1.000000e+02 1.158085e-01
1.232847e+02 1.125382e-01
1.519911e+02 1.085273e-01
1.873817e+02 1.038509e-01
2.310130e+02 9.860203e-02
2.848036e+02 9.288511e-02
3.511192e+02 8.681062e-02
4.328761e+02 8.048943e-02
5.336699e+02 7.402851e-02
6.579332e+02 6.752780e-02
8.111308e+02 6.107832e-02
1.000000e+03 5.476135e-02
1.232847e+03 4.864823e-02
1.519911e+03 4.280074e-02
1.873817e+03 3.727137e-02
2.310130e+03 3.210356e-02
2.848036e+03 2.733169e-02
3.511192e+03 2.298079e-02
4.328761e+03 1.906622e-02
5.336699e+03 1.559344e-02
6.579332e+03 1.255795e-02
8.111308e+03 9.945848e-03
1.000000e+04 7.734772e-03
1.232847e+04 5.895561e-03
1.519911e+04 4.394233e-03
1.873817e+04 3.194054e-03
2.310130e+04 2.257262e-03
2.848036e+04 1.546217e-03
3.511192e+04 1.023972e-03
4.328761e+04 6.546645e-04
5.336699e+04 4.042205e-04
6.579332e+04 2.416182e-04
8.111308e+04 1.403999e-04
1.000000e+05 7.972618e-05
1.232847e+05 4.448178e-05
1.519911e+05 2.450382e-05
1.873817e+05 1.338089e-05
2.310130e+05 7.264964e-06
2.848036e+05 3.929999e-06
3.511192e+05 2.121151e-06
4.328761e+05 1.143304e-06
5.336699e+05 6.157508e-07
6.579332e+05 3.314725e-07
8.111308e+05 1.783920e-07
1.000000e+06 9.599281e-08
1.232847e+06 5.164948e-08
1.519911e+06 2.778903e-08
1.873817e+06 1.495099e-08
2.310130e+06 8.043789e-09
2.848036e+06 4.327611e-09
3.511192e+06 2.328275e-09
4.328761e+06 1.252620e-09
5.336699e+06 6.739137e-10
6.579332e+06 3.625676e-10
8.111308e+06 1.950624e-10
1.000000e+07 1.049441e-10
