1.000000e-02 9.169540e-03
1.232847e-02 9.652020e-03
1.519911e-02 1.015989e-02
1.873817e-02 1.069448e-02
2.310130e-02 1.125720e-02
2.848036e-02 1.184952e-02
3.511192e-02 1.247302e-02
4.328761e-02 1.312932e-02
5.336699e-02 1.382015e-02
6.579332e-02 1.454734e-02
8.111308e-02 1.531278e-02
1.000000e-01 1.611851e-02
1.232847e-01 1.696663e-02
1.519911e-01 1.785937e-02
1.873817e-01 1.879909e-02
2.310130e-01 1.978825e-02
2.848036e-01 2.082946e-02
3.511192e-01 2.192546e-02
4.328761e-01 2.307913e-02
5.336699e-01 2.429351e-02
6.579332e-01 2.557179e-02
8.111308e-01 2.691735e-02
1.000000e+00 2.833375e-02
1.232847e+00 2.982475e-02
1.519911e+00 3.139434e-02
1.873817e+00 3.304672e-02
2.310130e+00 3.478638e-02
2.848036e+00 3.661811e-02
3.511192e+00 3.854699e-02
4.328761e+00 4.057847e-02
5.336699e+00 4.271837e-02
6.579332e+00 4.497292e-02
8.111308e+00 4.734878e-02
1.000000e+01 4.985303e-02
1.232847e+01 5.249315e-02
1.519911e+01 5.527702e-02
1.873817e+01 5.821277e-02
2.310130e+01 6.130870e-02
2.848036e+01 6.457300e-02
3.511192e+01 6.801347e-02
4.328761e+01 7.163705e-02
5.336699e+01 7.544924e-02
6.579332e+01 7.945332e-02
8.111308e+01 8.364931e-02
1.000000e+02 8.803274e-02
1.232847e+02 9.259307e-02
1.519911e+02 9.731189e-02
1.873817e+02 1.021607e-01
2.310130e+02 1.070987e-01
2.848036e+02 1.120700e-01
3.511192e+02 1.170013e-01
4.328761e+02 1.217993e-01
5.336699e+02 1.263495e-01
6.579332e+02 1.305148e-01
8.111308e+02 1.341370e-01
1.000000e+03 1.370397e-01
1.232847e+03 1.390338e-01
1.519911e+03 1.399269e-01
1.873817e+03 1.395351e-01
2.310130e+03 1.376984e-01
2.848036e+03 1.342981e-01
3.511192e+03 1.292759e-01
4.328761e+03 1.226508e-01
5.336699e+03 1.145328e-01
6.579332e+03 1.051295e-01
8.111308e+03 9.474070e-02
1.000000e+04 8.374063e-02
1.232847e+04 7.254664e-02
1.519911e+04 6.157799e-02
1.873817e+04 5.121220e-02
2.310130e+04 4.174777e-02
2.848036e+04 3.338120e-02
3.511192e+04 2.620221e-02
4.328761e+04 2.020566e-02
5.336699e+04 1.531468e-02
6.579332e+04 1.140789e-02
8.111308e+04 8.344405e-03
1.000000e+05 5.983052e-03
1.232847e+05 4.194267e-03
1.519911e+05 2.865437e-03
1.873817e+05 1.901362e-03
2.310130e+05 1.221999e-03
2.848036e+05 7.596378e-04
3.511192e+05 4.570223e-04
4.328761e+05 2.668385e-04
5.336699e+05 1.518609e-04
6.579332e+05 8.468192e-05
8.111308e+05 4.650746e-05
1.000000e+06 2.526918e-05
1.232847e+06 1.363118e-05
1.519911e+06 7.319332e-06
1.873817e+06 3.918989e-06
2.310130e+06 2.094802e-06
2.848036e+06 1.118644e-06
3.511192e+06 5.970487e-07
4.328761e+06 3.185718e-07
5.336699e+06 1.699599e-07
6.579332e+06 9.066938e-08
8.111308e+06 4.836891e-08
1.000000e+07 2.580302e-08
