1.000000e-02 7.583566e-03
1.232847e-02 7.988350e-03
1.519911e-02 8.414740e-03
1.873817e-02 8.863889e-03
2.310130e-02 9.337012e-03
2.848036e-02 9.835388e-03
3.511192e-02 1.036037e-02
4.328761e-02 1.091337e-02
5.336699e-02 1.149588e-02
6.579332e-02 1.210949e-02
8.111308e-02 1.275585e-02
1.000000e-01 1.343672e-02
1.232847e-01 1.415392e-02
1.519911e-01 1.490941e-02
1.873817e-01 1.570522e-02
2.310130e-01 1.654351e-02
2.848036e-01 1.742654e-02
3.511192e-01 1.835671e-02
4.328761e-01 1.933653e-02
5.336699e-01 2.036865e-02
6.579332e-01 2.145587e-02
8.111308e-01 2.260113e-02
1.000000e+00 2.380755e-02
1.232847e+00 2.507843e-02
1.519911e+00 2.641723e-02
1.873817e+00 2.782767e-02
2.310130e+00 2.931368e-02
2.848036e+00 3.087943e-02
3.511192e+00 3.252942e-02
4.328761e+00 3.426845e-02
5.336699e+00 3.610168e-02
6.579332e+00 3.803468e-02
8.111308e+00 4.007344e-02
1.000000e+01 4.222446e-02
1.232847e+01 4.449472e-02
1.519911e+01 4.689175e-02
1.873817e+01 4.942361e-02
2.310130e+01 5.209889e-02
2.848036e+01 5.492665e-02
3.511192e+01 5.791633e-02
4.328761e+01 6.107756e-02
5.336699e+01 6.441995e-02
6.579332e+01 6.795271e-02
8.111308e+01 7.168418e-02
1.000000e+02 7.562114e-02
1.232847e+02 7.976805e-02
1.519911e+02 8.412588e-02
1.873817e+02 8.869087e-02
2.310130e+02 9.345285e-02
2.848036e+02 9.839342e-02
3.511192e+02 1.034837e-01
4.328761e+02 1.086818e-01
5.336699e+02 1.139306e-01
6.579332e+02 1.191547e-01
8.111308e+02 1.242579e-01
1.000000e+03 1.291216e-01
1.232847e+03 1.336035e-01
1.519911e+03 1.375376e-01
1.873817e+03 1.407361e-01
2.310130e+03 1.429943e-01
2.848036e+03 1.440975e-01
3.511192e+03 1.438327e-01
4.328761e+03 1.420039e-01
5.336699e+03 1.384527e-01
6.579332e+03 1.330819e-01
8.111308e+03 1.258811e-01
1.000000e+04 1.169504e-01
1.232847e+04 1.065160e-01
1.519911e+04 9.493137e-02
1.873817e+04 8.265834e-02
2.310130e+04 7.022615e-02
2.848036e+04 5.817230e-02
3.511192e+04 4.697645e-02
4.328761e+04 3.700289e-02
5.336699e+04 2.846627e-02
6.579332e+04 2.142772e-02
8.111308e+04 1.581853e-02
1.000000e+05 1.148059e-02
1.232847e+05 8.210487e-03
1.519911e+05 5.796571e-03
1.873817e+05 4.044169e-03
2.310130e+05 2.788542e-03
2.848036e+05 1.898413e-03
3.511192e+05 1.273596e-03
4.328761e+05 8.398155e-04
5.336699e+05 5.428502e-04
6.579332e+05 3.432309e-04
8.111308e+05 2.120694e-04
1.000000e+06 1.281167e-04
1.232847e+06 7.583811e-05
1.519911e+06 4.412896e-05
1.873817e+06 2.533537e-05
2.310130e+06 1.440340e-05
2.848036e+06 8.133646e-06
3.511192e+06 4.573421e-06
4.328761e+06 2.565034e-06
5.336699e+06 1.436648e-06
6.579332e+06 8.041357e-07
8.111308e+06 4.499938e-07
1.000000e+07 2.518047e-07
