1.000000e-02 6.314880e-03
1.232847e-02 6.665757e-03
1.519911e-02 7.036130e-03
1.873817e-02 7.427082e-03
2.310130e-02 7.839757e-03
2.848036e-02 8.275361e-03
3.511192e-02 8.735169e-03
4.328761e-02 9.220526e-03
5.336699e-02 9.732851e-03
6.579332e-02 1.027364e-02
8.111308e-02 1.084448e-02
1.000000e-01 1.144704e-02
1.232847e-01 1.208308e-02
1.519911e-01 1.275446e-02
1.873817e-01 1.346314e-02
2.310130e-01 1.421120e-02
2.848036e-01 1.500082e-02
3.511192e-01 1.583432e-02
4.328761e-01 1.671413e-02
5.336699e-01 1.764282e-02
6.579332e-01 1.862311e-02
8.111308e-01 1.965787e-02
1.000000e+00 2.075009e-02
1.232847e+00 2.190297e-02
1.519911e+00 2.311985e-02
1.873817e+00 2.440425e-02
2.310130e+00 2.575985e-02
2.848036e+00 2.719052e-02
3.511192e+00 2.870032e-02
4.328761e+00 3.029345e-02
5.336699e+00 3.197434e-02
6.579332e+00 3.374753e-02
8.111308e+00 3.561776e-02
1.000000e+01 3.758989e-02
1.232847e+01 3.966892e-02
1.519911e+01 4.185992e-02
1.873817e+01 4.416803e-02
2.310130e+01 4.659839e-02
2.848036e+01 4.915608e-02
3.511192e+01 5.184602e-02
4.328761e+01 5.467289e-02
5.336699e+01 5.764098e-02
6.579332e+01 6.075405e-02
8.111308e+01 6.401511e-02
1.000000e+02 6.742618e-02
1.232847e+02 7.098804e-02
1.519911e+02 7.469990e-02
1.873817e+02 7.855898e-02
2.310130e+02 8.256011e-02
2.848036e+02 8.669522e-02
3.511192e+02 9.095270e-02
4.328761e+02 9.531677e-02
5.336699e+02 9.976667e-02
6.579332e+02 1.042757e-01
8.111308e+02 1.088101e-01
1.000000e+03 1.133276e-01
1.232847e+03 1.177760e-01
1.519911e+03 1.220910e-01
1.873817e+03 1.261936e-01
2.310130e+03 1.299882e-01
2.848036e+03 1.333586e-01
3.511192e+03 1.361662e-01
4.328761e+03 1.382474e-01
5.336699e+03 1.394132e-01
6.579332e+03 1.394526e-01
8.111308e+03 1.381415e-01
1.000000e+04 1.352600e-01
1.232847e+04 1.306201e-01
1.519911e+04 1.241042e-01
1.873817e+04 1.157091e-01
2.310130e+04 1.055876e-01
2.848036e+04 9.407053e-02
3.511192e+04 8.165626e-02
4.328761e+04 6.895831e-02
5.336699e+04 5.661837e-02
6.579332e+04 4.520684e-02
8.111308e+04 3.514086e-02
1.000000e+05 2.664298e-02
1.232847e+05 1.974728e-02
1.519911e+05 1.434176e-02
1.873817e+05 1.022648e-02
2.310130e+05 7.168278e-03
2.848036e+05 4.940517e-03
3.511192e+05 3.345434e-03
4.328761e+05 2.222045e-03
5.336699e+05 1.444861e-03
6.579332e+05 9.182720e-04
8.111308e+05 5.700676e-04
1.000000e+06 3.459803e-04
1.232847e+06 2.057463e-04
1.519911e+06 1.202831e-04
1.873817e+06 6.938949e-05
2.310130e+06 3.964262e-05
2.848036e+06 2.249822e-05
3.511192e+06 1.271432e-05
4.328761e+06 7.167173e-06
5.336699e+06 4.034739e-06
6.579332e+06 2.269905e-06
8.111308e+06 1.276730e-06
1.000000e+07 7.180773e-07
