1.000000e-02 1.485236e-02
1.232847e-02 1.558511e-02
1.519911e-02 1.635402e-02
1.873817e-02 1.716085e-02
2.310130e-02 1.800750e-02
2.848036e-02 1.889592e-02
3.511192e-02 1.982816e-02
4.328761e-02 2.080640e-02
5.336699e-02 2.183291e-02
6.579332e-02 2.291005e-02
8.111308e-02 2.404034e-02
1.000000e-01 2.522639e-02
1.232847e-01 2.647096e-02
1.519911e-01 2.777692e-02
1.873817e-01 2.914732e-02
2.310130e-01 3.058533e-02
2.848036e-01 3.209429e-02
3.511192e-01 3.367770e-02
4.328761e-01 3.533924e-02
5.336699e-01 3.708279e-02
6.579332e-01 3.891247e-02
8.111308e-01 4.083262e-02
1.000000e+00 4.284791e-02
1.232847e+00 4.496339e-02
1.519911e+00 4.718455e-02
1.873817e+00 4.951746e-02
2.310130e+00 5.196886e-02
2.848036e+00 5.454633e-02
3.511192e+00 5.725839e-02
4.328761e+00 6.011468e-02
5.336699e+00 6.312606e-02
6.579332e+00 6.630467e-02
8.111308e+00 6.966392e-02
1.000000e+01 7.321839e-02
1.232847e+01 7.698353e-02
1.519911e+01 8.097509e-02
1.873817e+01 8.520831e-02
2.310130e+01 8.969660e-02
2.848036e+01 9.444968e-02
3.511192e+01 9.947104e-02
4.328761e+01 1.047545e-01
5.336699e+01 1.102796e-01
6.579332e+01 1.160063e-01
8.111308e+01 1.218676e-01
1.000000e+02 1.277619e-01
1.232847e+02 1.335449e-01
1.519911e+02 1.390206e-01
1.873817e+02 1.439361e-01
2.310130e+02 1.479793e-01
2.848036e+02 1.507856e-01
3.511192e+02 1.519546e-01
4.328761e+02 1.510836e-01
5.336699e+02 1.478165e-01
6.579332e+02 1.419094e-01
8.111308e+02 1.333022e-01
1.000000e+03 1.221809e-01
1.232847e+03 1.090089e-01
1.519911e+03 9.450306e-02
1.873817e+03 7.954555e-02
2.310130e+03 6.504351e-02
2.848036e+03 5.177382e-02
3.511192e+03 4.026262e-02
4.328761e+03 3.073678e-02
5.336699e+03 2.315324e-02
6.579332e+03 1.728097e-02
8.111308e+03 1.279748e-02
1.000000e+04 9.370742e-03
1.232847e+04 6.715680e-03
1.519911e+04 4.627583e-03
1.873817e+04 2.993586e-03
2.310130e+04 1.773286e-03
2.848036e+04 9.451010e-04
3.511192e+04 4.520424e-04
4.328761e+04 1.967067e-04
5.336699e+04 7.971814e-05
6.579332e+04 3.082445e-05
8.111308e+04 1.159230e-05
1.000000e+05 4.294615e-06
1.232847e+05 1.579081e-06
1.519911e+05 5.785411e-07
1.873817e+05 2.116241e-07
2.310130e+05 7.735576e-08
2.848036e+05 2.826786e-08
3.511192e+05 1.032859e-08
4.328761e+05 3.773707e-09
5.336699e+05 1.378755e-09
6.579332e+05 5.037360e-10
8.111308e+05 1.840423e-10
1.000000e+06 6.724061e-11
1.232847e+06 2.456663e-11
1.519911e+06 8.975516e-12
1.873817e+06 3.279240e-12
2.310130e+06 1.198083e-12
2.848036e+06 4.377245e-13
3.511192e+06 1.599244e-13
4.328761e+06 5.842901e-14
5.336699e+06 2.134727e-14
6.579332e+06 7.799310e-15
8.111308e+06 2.849509e-15
1.000000e+07 1.041079e-15
