1.000000e-02 4.380556e-02
1.232847e-02 4.538294e-02
1.519911e-02 4.701713e-02
1.873817e-02 4.871016e-02
2.310130e-02 5.046415e-02
2.848036e-02 5.228130e-02
3.511192e-02 5.416389e-02
4.328761e-02 5.611427e-02
5.336699e-02 5.813488e-02
6.579332e-02 6.022824e-02
8.111308e-02 6.239699e-02
1.000000e-01 6.464383e-02
1.232847e-01 6.697158e-02
1.519911e-01 6.938314e-02
1.873817e-01 7.188154e-02
2.310130e-01 7.446989e-02
2.848036e-01 7.715139e-02
3.511192e-01 7.992922e-02
4.328761e-01 8.280643e-02
5.336699e-01 8.578553e-02
6.579332e-01 8.886791e-02
8.111308e-01 9.205287e-02
1.000000e+00 9.533618e-02
1.232847e+00 9.870816e-02
1.519911e+00 1.021513e-01
1.873817e+00 1.056373e-01
2.310130e+00 1.091243e-01
2.848036e+00 1.125535e-01
3.511192e+00 1.158469e-01
4.328761e+00 1.189059e-01
5.336699e+00 1.216119e-01
6.579332e+00 1.238290e-01
8.111308e+00 1.254109e-01
1.000000e+01 1.262103e-01
1.232847e+01 1.260923e-01
1.519911e+01 1.249492e-01
1.873817e+01 1.227153e-01
2.310130e+01 1.193799e-01
2.848036e+01 1.149935e-01
3.511192e+01 1.096680e-01
4.328761e+01 1.035680e-01
5.336699e+01 9.689550e-02
6.579332e+01 8.987015e-02
8.111308e+01 8.270840e-02
1.000000e+02 7.560541e-02
1.232847e+02 6.872184e-02
1.519911e+02 6.217676e-02
1.873817e+02 5.604651e-02
2.310130e+02 5.036826e-02
2.848036e+02 4.514657e-02
3.511192e+02 4.036164e-02
4.328761e+02 3.597774e-02
5.336699e+02 3.195111e-02
6.579332e+02 2.823687e-02
8.111308e+02 2.479453e-02
1.000000e+03 2.159188e-02
1.232847e+03 1.860723e-02
1.519911e+03 1.582970e-02
1.873817e+03 1.325795e-02
2.310130e+03 1.089777e-02
2.848036e+03 8.759087e-03
3.511192e+03 6.853338e-03
4.328761e+03 5.191413e-03
5.336699e+03 3.782046e-03
6.579332e+03 2.629791e-03
8.111308e+03 1.731657e-03
1.000000e+04 1.072680e-03
1.232847e+04 6.229512e-04
1.519911e+04 3.396603e-04
1.873817e+04 1.750469e-04
2.310130e+04 8.616784e-05
2.848036e+04 4.099559e-05
3.511192e+04 1.905493e-05
4.328761e+04 8.726450e-06
5.336699e+04 3.961092e-06
6.579332e+04 1.788968e-06
8.111308e+04 8.057457e-07
1.000000e+05 3.623819e-07
1.232847e+05 1.628602e-07
1.519911e+05 7.316502e-08
1.873817e+05 3.286352e-08
2.310130e+05 1.476002e-08
2.848036e+05 6.628911e-09
3.511192e+05 2.977069e-09
4.328761e+05 1.337001e-09
5.336699e+05 6.004442e-10
6.579332e+05 2.696577e-10
8.111308e+05 1.211023e-10
1.000000e+06 5.438662e-11
1.232847e+06 2.442483e-11
1.519911e+06 1.096910e-11
1.873817e+06 4.926182e-12
2.310130e+06 2.212330e-12
2.848036e+06 9.935492e-13
3.511192e+06 4.461992e-13
4.328761e+06 2.003864e-13
5.336699e+06 8.999278e-14
6.579332e+06 4.041542e-14
8.111308e+06 1.815041e-14
1.000000e+07 8.151283e-15
