1.000000e-02 6.340236e-03
1.232847e-02 6.698871e-03
1.519911e-02 7.077792e-03
1.873817e-02 7.478146e-03
2.310130e-02 7.901147e-03
2.848036e-02 8.348074e-03
3.511192e-02 8.820283e-03
4.328761e-02 9.319201e-03
5.336699e-02 9.846341e-03
6.579332e-02 1.040330e-02
8.111308e-02 1.099176e-02
1.000000e-01 1.161351e-02
1.232847e-01 1.227042e-02
1.519911e-01 1.296450e-02
1.873817e-01 1.369784e-02
2.310130e-01 1.447265e-02
2.848036e-01 1.529130e-02
3.511192e-01 1.615625e-02
4.328761e-01 1.707012e-02
5.336699e-01 1.803570e-02
6.579332e-01 1.905588e-02
8.111308e-01 2.013378e-02
1.000000e+00 2.127265e-02
1.232847e+00 2.247595e-02
1.519911e+00 2.374731e-02
1.873817e+00 2.509061e-02
2.310130e+00 2.650990e-02
2.848036e+00 2.800950e-02
3.511192e+00 2.959395e-02
4.328761e+00 3.126805e-02
5.336699e+00 3.303685e-02
6.579332e+00 3.490569e-02
8.111308e+00 3.688012e-02
1.000000e+01 3.896600e-02
1.232847e+01 4.116937e-02
1.519911e+01 4.349648e-02
1.873817e+01 4.595369e-02
2.310130e+01 4.854739e-02
2.848036e+01 5.128390e-02
3.511192e+01 5.416922e-02
4.328761e+01 5.720889e-02
5.336699e+01 6.040761e-02
6.579332e+01 6.376894e-02
8.111308e+01 6.729476e-02
1.000000e+02 7.098479e-02
1.232847e+02 7.483586e-02
1.519911e+02 7.884119e-02
1.873817e+02 8.298952e-02
2.310130e+02 8.726419e-02
2.848036e+02 9.164211e-02
3.511192e+02 9.609285e-02
4.328761e+02 1.005776e-01
5.336699e+02 1.050487e-01
6.579332e+02 1.094485e-01
8.111308e+02 1.137097e-01
1.000000e+03 1.177554e-01
1.232847e+03 1.214997e-01
1.519911e+03 1.248490e-01
1.873817e+03 1.277039e-01
2.310130e+03 1.299618e-01
2.848036e+03 1.315195e-01
3.511192e+03 1.322766e-01
4.328761e+03 1.321390e-01
5.336699e+03 1.310231e-01
6.579332e+03 1.288599e-01
8.111308e+03 1.255998e-01
1.000000e+04 1.212182e-01
1.232847e+04 1.157208e-01
1.519911e+04 1.091505e-01
1.873817e+04 1.015920e-01
2.310130e+04 9.317671e-02
2.848036e+04 8.408375e-02
3.511192e+04 7.453773e-02
4.328761e+04 6.480039e-02
5.336699e+04 5.515568e-02
6.579332e+04 4.588858e-02
8.111308e+04 3.725988e-02
1.000000e+05 2.948147e-02
1.232847e+05 2.269774e-02
1.519911e+05 1.697710e-02
1.873817e+05 1.231507e-02
2.310130e+05 8.646604e-03
2.848036e+05 5.863580e-03
3.511192e+05 3.832736e-03
4.328761e+05 2.411417e-03
5.336699e+05 1.460142e-03
6.579332e+05 8.523514e-04
8.111308e+05 4.814474e-04
1.000000e+06 2.645290e-04
1.232847e+06 1.422305e-04
1.519911e+06 7.527058e-05
1.873817e+06 3.940257e-05
2.310130e+06 2.048128e-05
2.848036e+06 1.060015e-05
3.511192e+06 5.472447e-06
4.328761e+06 2.821392e-06
5.336699e+06 1.453628e-06
6.579332e+06 7.487132e-07
8.111308e+06 3.855974e-07
1.000000e+07 1.985842e-07
