1.000000e-02 6.752333e-03
1.232847e-02 7.131668e-03
1.519911e-02 7.532314e-03
1.873817e-02 7.955467e-03
2.310130e-02 8.402392e-03
2.848036e-02 8.874425e-03
3.511192e-02 9.372976e-03
4.328761e-02 9.899535e-03
5.336699e-02 1.045567e-02
6.579332e-02 1.104306e-02
8.111308e-02 1.166344e-02
1.000000e-01 1.231867e-02
1.232847e-01 1.301072e-02
1.519911e-01 1.374164e-02
1.873817e-01 1.451362e-02
2.310130e-01 1.532897e-02
2.848036e-01 1.619013e-02
3.511192e-01 1.709966e-02
4.328761e-01 1.806029e-02
5.336699e-01 1.907489e-02
6.579332e-01 2.014649e-02
8.111308e-01 2.127828e-02
1.000000e+00 2.247365e-02
1.232847e+00 2.373617e-02
1.519911e+00 2.506960e-02
1.873817e+00 2.647790e-02
2.310130e+00 2.796527e-02
2.848036e+00 2.953611e-02
3.511192e+00 3.119504e-02
4.328761e+00 3.294692e-02
5.336699e+00 3.479684e-02
6.579332e+00 3.675010e-02
8.111308e+00 3.881217e-02
1.000000e+01 4.098874e-02
1.232847e+01 4.328557e-02
1.519911e+01 4.570850e-02
1.873817e+01 4.826333e-02
2.310130e+01 5.095568e-02
2.848036e+01 5.379086e-02
3.511192e+01 5.677362e-02
4.328761e+01 5.990792e-02
5.336699e+01 6.319659e-02
6.579332e+01 6.664091e-02
8.111308e+01 7.024020e-02
1.000000e+02 7.399123e-02
1.232847e+02 7.788766e-02
1.519911e+02 8.191933e-02
1.873817e+02 8.607159e-02
2.310130e+02 9.032455e-02
2.848036e+02 9.465239e-02
3.511192e+02 9.902270e-02
4.328761e+02 1.033960e-01
5.336699e+02 1.077251e-01
6.579332e+02 1.119553e-01
8.111308e+02 1.160240e-01
1.000000e+03 1.198613e-01
1.232847e+03 1.233898e-01
1.519911e+03 1.265259e-01
1.873817e+03 1.291796e-01
2.310130e+03 1.312557e-01
2.848036e+03 1.326536e-01
3.511192e+03 1.332681e-01
4.328761e+03 1.329902e-01
5.336699e+03 1.317092e-01
6.579332e+03 1.293164e-01
8.111308e+03 1.257119e-01
1.000000e+04 1.208163e-01
1.232847e+04 1.145856e-01
1.519911e+04 1.070315e-01
1.873817e+04 9.824212e-02
2.310130e+04 8.840055e-02
2.848036e+04 7.779262e-02
3.511192e+04 6.679737e-02
4.328761e+04 5.585493e-02
5.336699e+04 4.541425e-02
6.579332e+04 3.587156e-02
8.111308e+04 2.751651e-02
1.000000e+05 2.050192e-02
1.232847e+05 1.484396e-02
1.519911e+05 1.044859e-02
1.873817e+05 7.151649e-03
2.310130e+05 4.759011e-03
2.848036e+05 3.077403e-03
3.511192e+05 1.933011e-03
4.328761e+05 1.179657e-03
5.336699e+05 7.003590e-04
6.579332e+05 4.055780e-04
8.111308e+05 2.299541e-04
1.000000e+06 1.282000e-04
1.232847e+06 7.057557e-05
1.519911e+06 3.850787e-05
1.873817e+06 2.088586e-05
2.310130e+06 1.128504e-05
2.848036e+06 6.083473e-06
3.511192e+06 3.275078e-06
4.328761e+06 1.761886e-06
5.336699e+06 9.474949e-07
6.579332e+06 5.094561e-07
8.111308e+06 2.739131e-07
1.000000e+07 1.472700e-07
