1.000000e-02 5.058325e-03
1.232847e-02 5.366238e-03
1.519911e-02 5.692895e-03
1.873817e-02 6.039436e-03
2.310130e-02 6.407072e-03
2.848036e-02 6.797086e-03
3.511192e-02 7.210842e-03
4.328761e-02 7.649785e-03
5.336699e-02 8.115447e-03
6.579332e-02 8.609455e-03
8.111308e-02 9.133534e-03
1.000000e-01 9.689516e-03
1.232847e-01 1.027934e-02
1.519911e-01 1.090507e-02
1.873817e-01 1.156889e-02
2.310130e-01 1.227312e-02
2.848036e-01 1.302021e-02
3.511192e-01 1.381279e-02
4.328761e-01 1.465361e-02
5.336699e-01 1.554561e-02
6.579332e-01 1.649190e-02
8.111308e-01 1.749579e-02
1.000000e+00 1.856078e-02
1.232847e+00 1.969056e-02
1.519911e+00 2.088905e-02
1.873817e+00 2.216038e-02
2.310130e+00 2.350890e-02
2.848036e+00 2.493916e-02
3.511192e+00 2.645591e-02
4.328761e+00 2.806407e-02
5.336699e+00 2.976868e-02
6.579332e+00 3.157484e-02
8.111308e+00 3.348764e-02
1.000000e+01 3.551201e-02
1.232847e+01 3.765256e-02
1.519911e+01 3.991340e-02
1.873817e+01 4.229790e-02
2.310130e+01 4.480834e-02
2.848036e+01 4.744558e-02
3.511192e+01 5.020868e-02
4.328761e+01 5.309447e-02
5.336699e+01 5.609710e-02
6.579332e+01 5.920769e-02
8.111308e+01 6.241407e-02
1.000000e+02 6.570062e-02
1.232847e+02 6.904853e-02
1.519911e+02 7.243628e-02
1.873817e+02 7.584078e-02
2.310130e+02 7.923893e-02
2.848036e+02 8.261002e-02
3.511192e+02 8.593875e-02
4.328761e+02 8.921889e-02
5.336699e+02 9.245758e-02
6.579332e+02 9.567999e-02
8.111308e+02 9.893422e-02
1.000000e+03 1.022961e-01
1.232847e+03 1.058738e-01
1.519911e+03 1.098121e-01
1.873817e+03 1.142957e-01
2.310130e+03 1.195507e-01
2.848036e+03 1.258433e-01
3.511192e+03 1.334688e-01
4.328761e+03 1.427221e-01
5.336699e+03 1.538290e-01
6.579332e+03 1.667992e-01
8.111308e+03 1.811435e-01
1.000000e+04 1.953914e-01
1.232847e+04 2.064271e-01
1.519911e+04 2.089923e-01
1.873817e+04 1.964188e-01
2.310130e+04 1.641995e-01
2.848036e+04 1.160390e-01
3.511192e+04 6.599830e-02
4.328761e+04 2.933999e-02
5.336699e+04 1.028989e-02
6.579332e+04 2.989251e-03
8.111308e+04 7.679303e-04
1.000000e+05 1.844783e-04
1.232847e+05 4.294606e-05
1.519911e+05 9.869018e-06
1.873817e+05 2.257024e-06
2.310130e+05 5.153334e-07
2.848036e+05 1.176023e-07
3.511192e+05 2.683343e-08
4.328761e+05 6.122342e-09
5.336699e+05 1.396863e-09
6.579332e+05 3.187049e-10
8.111308e+05 7.271487e-11
1.000000e+06 1.659043e-11
1.232847e+06 3.785228e-12
1.519911e+06 8.636275e-13
1.873817e+06 1.970429e-13
2.310130e+06 4.495679e-14
2.848036e+06 1.025722e-14
3.511192e+06 2.340260e-15
4.328761e+06 5.339475e-16
5.336699e+06 1.218240e-16
6.579332e+06 2.779504e-17
8.111308e+06 6.341643e-18
1.000000e+07 1.446892e-18
