1.000000e-02 1.034449e-02
1.232847e-02 1.091102e-02
1.519911e-02 1.150858e-02
1.873817e-02 1.213887e-02
2.310130e-02 1.280368e-02
2.848036e-02 1.350489e-02
3.511192e-02 1.424451e-02
4.328761e-02 1.502464e-02
5.336699e-02 1.584749e-02
6.579332e-02 1.671540e-02
8.111308e-02 1.763085e-02
1.000000e-01 1.859644e-02
1.232847e-01 1.961491e-02
1.519911e-01 2.068915e-02
1.873817e-01 2.182223e-02
2.310130e-01 2.301736e-02
2.848036e-01 2.427795e-02
3.511192e-01 2.560758e-02
4.328761e-01 2.701003e-02
5.336699e-01 2.848929e-02
6.579332e-01 3.004960e-02
8.111308e-01 3.169541e-02
1.000000e+00 3.343145e-02
1.232847e+00 3.526272e-02
1.519911e+00 3.719455e-02
1.873817e+00 3.923257e-02
2.310130e+00 4.138276e-02
2.848036e+00 4.365141e-02
3.511192e+00 4.604512e-02
4.328761e+00 4.857076e-02
5.336699e+00 5.123533e-02
6.579332e+00 5.404580e-02
8.111308e+00 5.700889e-02
1.000000e+01 6.013072e-02
1.232847e+01 6.341638e-02
1.519911e+01 6.686934e-02
1.873817e+01 7.049070e-02
2.310130e+01 7.427841e-02
2.848036e+01 7.822624e-02
3.511192e+01 8.232277e-02
4.328761e+01 8.655029e-02
5.336699e+01 9.088391e-02
6.579332e+01 9.529087e-02
8.111308e+01 9.973041e-02
1.000000e+02 1.041543e-01
1.232847e+02 1.085086e-01
1.519911e+02 1.127362e-01
1.873817e+02 1.167816e-01
2.310130e+02 1.205960e-01
2.848036e+02 1.241444e-01
3.511192e+02 1.274123e-01
4.328761e+02 1.304120e-01
5.336699e+02 1.331865e-01
6.579332e+02 1.358085e-01
8.111308e+02 1.383712e-01
1.000000e+03 1.409658e-01
1.232847e+03 1.436367e-01
1.519911e+03 1.463005e-01
1.873817e+03 1.486102e-01
2.310130e+03 1.497462e-01
2.848036e+03 1.481549e-01
3.511192e+03 1.413960e-01
4.328761e+03 1.265625e-01
5.336699e+03 1.020100e-01
6.579332e+03 7.030913e-02
8.111308e+03 3.933005e-02
1.000000e+04 1.730790e-02
1.232847e+04 6.061790e-03
1.519911e+04 1.780456e-03
1.873817e+04 4.681808e-04
2.310130e+04 1.161391e-04
2.848036e+04 2.805501e-05
3.511192e+04 6.704646e-06
4.328761e+04 1.595980e-06
5.336699e+04 3.794002e-07
6.579332e+04 9.015357e-08
8.111308e+04 2.141966e-08
1.000000e+05 5.088927e-09
1.232847e+05 1.209025e-09
1.519911e+05 2.872390e-10
1.873817e+05 6.824189e-11
2.310130e+05 1.621282e-11
2.848036e+05 3.851822e-12
3.511192e+05 9.151109e-13
4.328761e+05 2.174109e-13
5.336699e+05 5.165220e-14
6.579332e+05 1.227146e-14
8.111308e+05 2.915439e-15
1.000000e+06 6.926462e-16
1.232847e+06 1.645580e-16
1.519911e+06 3.909548e-17
1.873817e+06 9.288255e-18
2.310130e+06 2.206692e-18
2.848036e+06 5.242630e-19
3.511192e+06 1.245537e-19
4.328761e+06 2.959132e-20
5.336699e+06 7.030268e-21
6.579332e+06 1.670242e-21
8.111308e+06 3.968140e-22
1.000000e+07 9.427456e-23
