1.000000e-02 3.524909e-02
1.232847e-02 3.623810e-02
1.519911e-02 3.725486e-02
1.873817e-02 3.830015e-02
2.310130e-02 3.937476e-02
2.848036e-02 4.047953e-02
3.511192e-02 4.161530e-02
4.328761e-02 4.278293e-02
5.336699e-02 4.398332e-02
6.579332e-02 4.521740e-02
8.111308e-02 4.648610e-02
1.000000e-01 4.779039e-02
1.232847e-01 4.913129e-02
1.519911e-01 5.050980e-02
1.873817e-01 5.192699e-02
2.310130e-01 5.338394e-02
2.848036e-01 5.488176e-02
3.511192e-01 5.642156e-02
4.328761e-01 5.800443e-02
5.336699e-01 5.963138e-02
6.579332e-01 6.130321e-02
8.111308e-01 6.302037e-02
1.000000e+00 6.478272e-02
1.232847e+00 6.658923e-02
1.519911e+00 6.843763e-02
1.873817e+00 7.032397e-02
2.310130e+00 7.224221e-02
2.848036e+00 7.418375e-02
3.511192e+00 7.613703e-02
4.328761e+00 7.808721e-02
5.336699e+00 8.001591e-02
6.579332e+00 8.190120e-02
8.111308e+00 8.371774e-02
1.000000e+01 8.543720e-02
1.232847e+01 8.702895e-02
1.519911e+01 8.846103e-02
1.873817e+01 8.970137e-02
2.310130e+01 9.071919e-02
2.848036e+01 9.148660e-02
3.511192e+01 9.198010e-02
4.328761e+01 9.218203e-02
5.336699e+01 9.208170e-02
6.579332e+01 9.167622e-02
8.111308e+01 9.097077e-02
1.000000e+02 8.997843e-02
1.232847e+02 8.871949e-02
1.519911e+02 8.722024e-02
1.873817e+02 8.551153e-02
2.310130e+02 8.362702e-02
2.848036e+02 8.160139e-02
3.511192e+02 7.946861e-02
4.328761e+02 7.726037e-02
5.336699e+02 7.500473e-02
6.579332e+02 7.272514e-02
8.111308e+02 7.043970e-02
1.000000e+03 6.816074e-02
1.232847e+03 6.589469e-02
1.519911e+03 6.364217e-02
1.873817e+03 6.139824e-02
2.310130e+03 5.915291e-02
2.848036e+03 5.689180e-02
3.511192e+03 5.459702e-02
4.328761e+03 5.224833e-02
5.336699e+03 4.982463e-02
6.579332e+03 4.730561e-02
8.111308e+03 4.467381e-02
1.000000e+04 4.191681e-02
1.232847e+04 3.902945e-02
1.519911e+04 3.601599e-02
1.873817e+04 3.289182e-02
2.310130e+04 2.968445e-02
2.848036e+04 2.643352e-02
3.511192e+04 2.318939e-02
4.328761e+04 2.001039e-02
5.336699e+04 1.695856e-02
6.579332e+04 1.409434e-02
8.111308e+04 1.147096e-02
1.000000e+05 9.129382e-03
1.232847e+05 7.094845e-03
1.519911e+05 5.375655e-03
1.873817e+05 3.964242e-03
2.310130e+05 2.839939e-03
2.848036e+05 1.972595e-03
3.511192e+05 1.326224e-03
4.328761e+05 8.622413e-04
5.336699e+05 5.422417e-04
6.579332e+05 3.304622e-04
8.111308e+05 1.958455e-04
1.000000e+06 1.133865e-04
1.232847e+06 6.445415e-05
1.519911e+06 3.614638e-05
1.873817e+06 2.008082e-05
2.310130e+06 1.108640e-05
2.848036e+06 6.096805e-06
3.511192e+06 3.345079e-06
4.328761e+06 1.832946e-06
5.336699e+06 1.003706e-06
6.579332e+06 5.494578e-07
8.111308e+06 3.007579e-07
1.000000e+07 1.646233e-07
