1.000000e-02 1.221055e-02
1.232847e-02 1.286524e-02
1.519911e-02 1.355503e-02
1.873817e-02 1.428181e-02
2.310130e-02 1.504755e-02
2.848036e-02 1.585435e-02
3.511192e-02 1.670441e-02
4.328761e-02 1.760005e-02
5.336699e-02 1.854370e-02
6.579332e-02 1.953796e-02
8.111308e-02 2.058552e-02
1.000000e-01 2.168924e-02
1.232847e-01 2.285215e-02
1.519911e-01 2.407741e-02
1.873817e-01 2.536836e-02
2.310130e-01 2.672853e-02
2.848036e-01 2.816162e-02
3.511192e-01 2.967155e-02
4.328761e-01 3.126245e-02
5.336699e-01 3.293864e-02
6.579332e-01 3.470471e-02
8.111308e-01 3.656548e-02
1.000000e+00 3.852602e-02
1.232847e+00 4.059170e-02
1.519911e+00 4.276811e-02
1.873817e+00 4.506115e-02
2.310130e+00 4.747695e-02
2.848036e+00 5.002187e-02
3.511192e+00 5.270240e-02
4.328761e+00 5.552509e-02
5.336699e+00 5.849640e-02
6.579332e+00 6.162243e-02
8.111308e+00 6.490867e-02
1.000000e+01 6.835959e-02
1.232847e+01 7.197804e-02
1.519911e+01 7.576464e-02
1.873817e+01 7.971686e-02
2.310130e+01 8.382802e-02
2.848036e+01 8.808596e-02
3.511192e+01 9.247167e-02
4.328761e+01 9.695763e-02
5.336699e+01 1.015061e-01
6.579332e+01 1.060674e-01
8.111308e+01 1.105782e-01
1.000000e+02 1.149606e-01
1.232847e+02 1.191212e-01
1.519911e+02 1.229514e-01
1.873817e+02 1.263293e-01
2.310130e+02 1.291225e-01
2.848036e+02 1.311935e-01
3.511192e+02 1.324060e-01
4.328761e+02 1.326337e-01
5.336699e+02 1.317699e-01
6.579332e+02 1.297374e-01
8.111308e+02 1.264971e-01
1.000000e+03 1.220552e-01
1.232847e+03 1.164658e-01
1.519911e+03 1.098311e-01
1.873817e+03 1.022962e-01
2.310130e+03 9.404159e-02
2.848036e+03 8.527320e-02
3.511192e+03 7.621100e-02
4.328761e+03 6.707812e-02
5.336699e+03 5.809049e-02
6.579332e+03 4.944769e-02
8.111308e+03 4.132506e-02
1.000000e+04 3.386718e-02
1.232847e+04 2.718262e-02
1.519911e+04 2.134026e-02
1.873817e+04 1.636746e-02
2.310130e+04 1.225087e-02
2.848036e+04 8.940477e-03
3.511192e+04 6.356886e-03
4.328761e+04 4.401181e-03
5.336699e+04 2.965756e-03
6.579332e+04 1.944359e-03
8.111308e+04 1.239834e-03
1.000000e+05 7.688624e-04
1.232847e+05 4.638261e-04
1.519911e+05 2.724577e-04
1.873817e+05 1.561320e-04
2.310130e+05 8.753089e-05
2.848036e+05 4.817853e-05
3.511192e+05 2.613645e-05
4.328761e+05 1.402635e-05
5.336699e+05 7.470114e-06
6.579332e+05 3.958026e-06
8.111308e+05 2.090216e-06
1.000000e+06 1.101562e-06
1.232847e+06 5.798135e-07
1.519911e+06 3.049664e-07
1.873817e+06 1.603376e-07
2.310130e+06 8.427886e-08
2.848036e+06 4.429425e-08
3.511192e+06 2.327809e-08
4.328761e+06 1.223300e-08
5.336699e+06 6.428534e-09
6.579332e+06 3.378221e-09
8.111308e+06 1.775265e-09
1.000000e+07 9.329065e-10
