1.000000e-02 1.128676e-02
1.232847e-02 1.187561e-02
1.519911e-02 1.249517e-02
1.873817e-02 1.314706e-02
2.310130e-02 1.383296e-02
2.848036e-02 1.455464e-02
3.511192e-02 1.531397e-02
4.328761e-02 1.611292e-02
5.336699e-02 1.695355e-02
6.579332e-02 1.783804e-02
8.111308e-02 1.876867e-02
1.000000e-01 1.974785e-02
1.232847e-01 2.077812e-02
1.519911e-01 2.186214e-02
1.873817e-01 2.300271e-02
2.310130e-01 2.420279e-02
2.848036e-01 2.546548e-02
3.511192e-01 2.679405e-02
4.328761e-01 2.819192e-02
5.336699e-01 2.966271e-02
6.579332e-01 3.121023e-02
8.111308e-01 3.283844e-02
1.000000e+00 3.455152e-02
1.232847e+00 3.635384e-02
1.519911e+00 3.824992e-02
1.873817e+00 4.024447e-02
2.310130e+00 4.234233e-02
2.848036e+00 4.454845e-02
3.511192e+00 4.686781e-02
4.328761e+00 4.930538e-02
5.336699e+00 5.186598e-02
6.579332e+00 5.455420e-02
8.111308e+00 5.737419e-02
1.000000e+01 6.032949e-02
1.232847e+01 6.342274e-02
1.519911e+01 6.665535e-02
1.873817e+01 7.002716e-02
2.310130e+01 7.353594e-02
2.848036e+01 7.717684e-02
3.511192e+01 8.094179e-02
4.328761e+01 8.481880e-02
5.336699e+01 8.879114e-02
6.579332e+01 9.283658e-02
8.111308e+01 9.692648e-02
1.000000e+02 1.010250e-01
1.232847e+02 1.050883e-01
1.519911e+02 1.090640e-01
1.873817e+02 1.128908e-01
2.310130e+02 1.164985e-01
2.848036e+02 1.198085e-01
3.511192e+02 1.227345e-01
4.328761e+02 1.251844e-01
5.336699e+02 1.270626e-01
6.579332e+02 1.282729e-01
8.111308e+02 1.287216e-01
1.000000e+03 1.283224e-01
1.232847e+03 1.269995e-01
1.519911e+03 1.246923e-01
1.873817e+03 1.213594e-01
2.310130e+03 1.169821e-01
2.848036e+03 1.115679e-01
3.511192e+03 1.051537e-01
4.328761e+03 9.780817e-02
5.336699e+03 8.963505e-02
6.579332e+03 8.077568e-02
8.111308e+03 7.141163e-02
1.000000e+04 6.176586e-02
1.232847e+04 5.210020e-02
1.519911e+04 4.270561e-02
1.873817e+04 3.388240e-02
2.310130e+04 2.591037e-02
2.848036e+04 1.901360e-02
3.511192e+04 1.332869e-02
4.328761e+04 8.886142e-03
5.336699e+04 5.611401e-03
6.579332e+04 3.345721e-03
8.111308e+04 1.880900e-03
1.000000e+05 9.983872e-04
1.232847e+05 5.027770e-04
1.519911e+05 2.421302e-04
1.873817e+05 1.126072e-04
2.310130e+05 5.107261e-05
2.848036e+05 2.278047e-05
3.511192e+05 1.005634e-05
4.328761e+05 4.412550e-06
5.336699e+05 1.929659e-06
6.579332e+05 8.423564e-07
8.111308e+05 3.673781e-07
1.000000e+06 1.601520e-07
1.232847e+06 6.980000e-08
1.519911e+06 3.041814e-08
1.873817e+06 1.325527e-08
2.310130e+06 5.776098e-09
2.848036e+06 2.516959e-09
3.511192e+06 1.096771e-09
4.328761e+06 4.779193e-10
5.336699e+06 2.082539e-10
6.579332e+06 9.074682e-11
8.111308e+06 3.954301e-11
1.000000e+07 1.723090e-11
