1.000000e-02 1.285849e-02
1.232847e-02 1.349255e-02
1.519911e-02 1.415788e-02
1.873817e-02 1.485602e-02
2.310130e-02 1.558858e-02
2.848036e-02 1.635727e-02
3.511192e-02 1.716386e-02
4.328761e-02 1.801023e-02
5.336699e-02 1.889833e-02
6.579332e-02 1.983022e-02
8.111308e-02 2.080807e-02
1.000000e-01 2.183413e-02
1.232847e-01 2.291079e-02
1.519911e-01 2.404054e-02
1.873817e-01 2.522601e-02
2.310130e-01 2.646992e-02
2.848036e-01 2.777518e-02
3.511192e-01 2.914481e-02
4.328761e-01 3.058198e-02
5.336699e-01 3.209005e-02
6.579332e-01 3.367255e-02
8.111308e-01 3.533323e-02
1.000000e+00 3.707609e-02
1.232847e+00 3.890543e-02
1.519911e+00 4.082591e-02
1.873817e+00 4.284266e-02
2.310130e+00 4.496132e-02
2.848036e+00 4.718823e-02
3.511192e+00 4.953048e-02
4.328761e+00 5.199609e-02
5.336699e+00 5.459414e-02
6.579332e+00 5.733484e-02
8.111308e+00 6.022965e-02
1.000000e+01 6.329126e-02
1.232847e+01 6.653360e-02
1.519911e+01 6.997153e-02
1.873817e+01 7.362059e-02
2.310130e+01 7.749632e-02
2.848036e+01 8.161337e-02
3.511192e+01 8.598422e-02
4.328761e+01 9.061739e-02
5.336699e+01 9.551506e-02
6.579332e+01 1.006701e-01
8.111308e+01 1.060623e-01
1.000000e+02 1.116541e-01
1.232847e+02 1.173856e-01
1.519911e+02 1.231696e-01
1.873817e+02 1.288865e-01
2.310130e+02 1.343815e-01
2.848036e+02 1.394629e-01
3.511192e+02 1.439044e-01
4.328761e+02 1.474525e-01
5.336699e+02 1.498380e-01
6.579332e+02 1.507933e-01
8.111308e+02 1.500721e-01
1.000000e+03 1.474701e-01
1.232847e+03 1.428420e-01
1.519911e+03 1.361121e-01
1.873817e+03 1.272779e-01
2.310130e+03 1.164098e-01
2.848036e+03 1.036557e-01
3.511192e+03 8.926709e-02
4.328761e+03 7.365897e-02
5.336699e+03 5.749930e-02
6.579332e+03 4.177520e-02
8.111308e+03 2.771903e-02
1.000000e+04 1.648669e-02
1.232847e+04 8.672849e-03
1.519911e+04 4.025925e-03
1.873817e+04 1.669011e-03
2.310130e+04 6.326385e-04
2.848036e+04 2.253517e-04
3.511192e+04 7.726571e-05
4.328761e+04 2.593931e-05
5.336699e+04 8.616143e-06
6.579332e+04 2.847792e-06
8.111308e+04 9.391945e-07
1.000000e+05 3.094622e-07
1.232847e+05 1.019300e-07
1.519911e+05 3.356878e-08
1.873817e+05 1.105468e-08
2.310130e+05 3.640397e-09
2.848036e+05 1.198804e-09
3.511192e+05 3.947722e-10
4.328761e+05 1.300004e-10
5.336699e+05 4.280973e-11
6.579332e+05 1.409744e-11
8.111308e+05 4.642353e-12
1.000000e+06 1.528748e-12
1.232847e+06 5.034240e-13
1.519911e+06 1.657798e-13
1.873817e+06 5.459207e-14
2.310130e+06 1.797742e-14
2.848036e+06 5.920048e-15
3.511192e+06 1.949499e-15
4.328761e+06 6.419791e-16
5.336699e+06 2.114067e-16
6.579332e+06 6.961720e-17
8.111308e+06 2.292527e-17
1.000000e+07 7.549397e-18
