1.000000e-02 1.083707e-02
1.232847e-02 1.141908e-02
1.519911e-02 1.203235e-02
1.873817e-02 1.267855e-02
2.310130e-02 1.335946e-02
2.848036e-02 1.407694e-02
3.511192e-02 1.483295e-02
4.328761e-02 1.562957e-02
5.336699e-02 1.646896e-02
6.579332e-02 1.735344e-02
8.111308e-02 1.828542e-02
1.000000e-01 1.926745e-02
1.232847e-01 2.030222e-02
1.519911e-01 2.139256e-02
1.873817e-01 2.254146e-02
2.310130e-01 2.375206e-02
2.848036e-01 2.502768e-02
3.511192e-01 2.637181e-02
4.328761e-01 2.778812e-02
5.336699e-01 2.928048e-02
6.579332e-01 3.085296e-02
8.111308e-01 3.250983e-02
1.000000e+00 3.425556e-02
1.232847e+00 3.609479e-02
1.519911e+00 3.803236e-02
1.873817e+00 4.007323e-02
2.310130e+00 4.222243e-02
2.848036e+00 4.448503e-02
3.511192e+00 4.686600e-02
4.328761e+00 4.937011e-02
5.336699e+00 5.200174e-02
6.579332e+00 5.476468e-02
8.111308e+00 5.766186e-02
1.000000e+01 6.069502e-02
1.232847e+01 6.386428e-02
1.519911e+01 6.716774e-02
1.873817e+01 7.060083e-02
2.310130e+01 7.415576e-02
2.848036e+01 7.782073e-02
3.511192e+01 8.157925e-02
4.328761e+01 8.540926e-02
5.336699e+01 8.928237e-02
6.579332e+01 9.316316e-02
8.111308e+01 9.700857e-02
1.000000e+02 1.007676e-01
1.232847e+02 1.043813e-01
1.519911e+02 1.077833e-01
1.873817e+02 1.109010e-01
2.310130e+02 1.136572e-01
2.848036e+02 1.159728e-01
3.511192e+02 1.177699e-01
4.328761e+02 1.189761e-01
5.336699e+02 1.195284e-01
6.579332e+02 1.193779e-01
8.111308e+02 1.184942e-01
1.000000e+03 1.168680e-01
1.232847e+03 1.145138e-01
1.519911e+03 1.114695e-01
1.873817e+03 1.077949e-01
2.310130e+03 1.035677e-01
2.848036e+03 9.887817e-02
3.511192e+03 9.382200e-02
4.328761e+03 8.849279e-02
5.336699e+03 8.297466e-02
6.579332e+03 7.733577e-02
8.111308e+03 7.162366e-02
1.000000e+04 6.586331e-02
1.232847e+04 6.005856e-02
1.519911e+04 5.419778e-02
1.873817e+04 4.826439e-02
2.310130e+04 4.225238e-02
2.848036e+04 3.618575e-02
3.511192e+04 3.013797e-02
4.328761e+04 2.424421e-02
5.336699e+04 1.869675e-02
6.579332e+04 1.371653e-02
8.111308e+04 9.503114e-03
1.000000e+05 6.179332e-03
1.232847e+05 3.755180e-03
1.519911e+05 2.129724e-03
1.873817e+05 1.129699e-03
2.310130e+05 5.638684e-04
2.848036e+05 2.673301e-04
3.511192e+05 1.217506e-04
4.328761e+05 5.386886e-05
5.336699e+05 2.338012e-05
6.579332e+05 1.002713e-05
8.111308e+05 4.270650e-06
1.000000e+06 1.811973e-06
1.232847e+06 7.672508e-07
1.519911e+06 3.245503e-07
1.873817e+06 1.372181e-07
2.310130e+06 5.800143e-08
2.848036e+06 2.451427e-08
3.511192e+06 1.036044e-08
4.328761e+06 4.378530e-09
5.336699e+06 1.850439e-09
6.579332e+06 7.820236e-10
8.111308e+06 3.304947e-10
1.000000e+07 1.396720e-10
