1.000000e-02 1.339736e-02
1.232847e-02 1.403503e-02
1.519911e-02 1.470305e-02
1.873817e-02 1.540287e-02
2.310130e-02 1.613599e-02
2.848036e-02 1.690401e-02
3.511192e-02 1.770859e-02
4.328761e-02 1.855145e-02
5.336699e-02 1.943444e-02
6.579332e-02 2.035945e-02
8.111308e-02 2.132850e-02
1.000000e-01 2.234366e-02
1.232847e-01 2.340714e-02
1.519911e-01 2.452124e-02
1.873817e-01 2.568837e-02
2.310130e-01 2.691105e-02
2.848036e-01 2.819193e-02
3.511192e-01 2.953377e-02
4.328761e-01 3.093948e-02
5.336699e-01 3.241211e-02
6.579332e-01 3.395486e-02
8.111308e-01 3.557109e-02
1.000000e+00 3.726435e-02
1.232847e+00 3.903842e-02
1.519911e+00 4.089728e-02
1.873817e+00 4.284523e-02
2.310130e+00 4.488687e-02
2.848036e+00 4.702721e-02
3.511192e+00 4.927170e-02
4.328761e+00 5.162635e-02
5.336699e+00 5.409777e-02
6.579332e+00 5.669329e-02
8.111308e+00 5.942105e-02
1.000000e+01 6.229008e-02
1.232847e+01 6.531033e-02
1.519911e+01 6.849275e-02
1.873817e+01 7.184921e-02
2.310130e+01 7.539244e-02
2.848036e+01 7.913575e-02
3.511192e+01 8.309271e-02
4.328761e+01 8.727651e-02
5.336699e+01 9.169917e-02
6.579332e+01 9.637029e-02
8.111308e+01 1.012954e-01
1.000000e+02 1.064740e-01
1.232847e+02 1.118963e-01
1.519911e+02 1.175398e-01
1.873817e+02 1.233648e-01
2.310130e+02 1.293082e-01
2.848036e+02 1.352765e-01
3.511192e+02 1.411371e-01
4.328761e+02 1.467078e-01
5.336699e+02 1.517443e-01
6.579332e+02 1.559266e-01
8.111308e+02 1.588454e-01
1.000000e+03 1.599919e-01
1.232847e+03 1.587597e-01
1.519911e+03 1.544726e-01
1.873817e+03 1.464639e-01
2.310130e+03 1.342351e-01
2.848036e+03 1.177102e-01
3.511192e+03 9.754309e-02
4.328761e+03 7.532473e-02
5.336699e+03 5.343906e-02
6.579332e+03 3.440896e-02
8.111308e+03 1.996196e-02
1.000000e+04 1.043395e-02
1.232847e+04 4.953806e-03
1.519911e+04 2.168409e-03
1.873817e+04 8.914213e-04
2.310130e+04 3.505633e-04
2.848036e+04 1.339576e-04
3.511192e+04 5.031561e-05
4.328761e+04 1.871922e-05
5.336699e+04 6.929642e-06
6.579332e+04 2.558996e-06
8.111308e+04 9.439077e-07
1.000000e+05 3.479886e-07
1.232847e+05 1.282635e-07
1.519911e+05 4.727159e-08
1.873817e+05 1.742129e-08
2.310130e+05 6.420276e-09
2.848036e+05 2.366052e-09
3.511192e+05 8.719545e-10
4.328761e+05 3.213386e-10
5.336699e+05 1.184219e-10
6.579332e+05 4.364162e-11
8.111308e+05 1.608310e-11
1.000000e+06 5.927050e-12
1.232847e+06 2.184276e-12
1.519911e+06 8.049638e-13
1.873817e+06 2.966506e-13
2.310130e+06 1.093236e-13
2.848036e+06 4.028868e-14
3.511192e+06 1.484745e-14
4.328761e+06 5.471681e-15
5.336699e+06 2.016460e-15
6.579332e+06 7.431192e-16
8.111308e+06 2.738592e-16
1.000000e+07 1.009244e-16
