1.000000e-02 5.264756e-03
1.232847e-02 5.599115e-03
1.519911e-02 5.954708e-03
1.873817e-02 6.332885e-03
2.310130e-02 6.735079e-03
2.848036e-02 7.162816e-03
3.511192e-02 7.617719e-03
4.328761e-02 8.101511e-03
5.336699e-02 8.616029e-03
6.579332e-02 9.163223e-03
8.111308e-02 9.745169e-03
1.000000e-01 1.036407e-02
1.232847e-01 1.102228e-02
1.519911e-01 1.172230e-02
1.873817e-01 1.246677e-02
2.310130e-01 1.325852e-02
2.848036e-01 1.410055e-02
3.511192e-01 1.499606e-02
4.328761e-01 1.594843e-02
5.336699e-01 1.696128e-02
6.579332e-01 1.803842e-02
8.111308e-01 1.918391e-02
1.000000e+00 2.040201e-02
1.232847e+00 2.169719e-02
1.519911e+00 2.307414e-02
1.873817e+00 2.453767e-02
2.310130e+00 2.609270e-02
2.848036e+00 2.774414e-02
3.511192e+00 2.949679e-02
4.328761e+00 3.135516e-02
5.336699e+00 3.332326e-02
6.579332e+00 3.540438e-02
8.111308e+00 3.760068e-02
1.000000e+01 3.991289e-02
1.232847e+01 4.233985e-02
1.519911e+01 4.487799e-02
1.873817e+01 4.752090e-02
2.310130e+01 5.025877e-02
2.848036e+01 5.307800e-02
3.511192e+01 5.596093e-02
4.328761e+01 5.888574e-02
5.336699e+01 6.182670e-02
6.579332e+01 6.475487e-02
8.111308e+01 6.763929e-02
1.000000e+02 7.044878e-02
1.232847e+02 7.315440e-02
1.519911e+02 7.573246e-02
1.873817e+02 7.816813e-02
2.310130e+02 8.045927e-02
2.848036e+02 8.262047e-02
3.511192e+02 8.468693e-02
4.328761e+02 8.671808e-02
5.336699e+02 8.880093e-02
6.579332e+02 9.105315e-02
8.111308e+02 9.362637e-02
1.000000e+03 9.671002e-02
1.232847e+03 1.005362e-01
1.519911e+03 1.053853e-01
1.873817e+03 1.115915e-01
2.310130e+03 1.195438e-01
2.848036e+03 1.296720e-01
3.511192e+03 1.423967e-01
4.328761e+03 1.580009e-01
5.336699e+03 1.763484e-01
6.579332e+03 1.963552e-01
8.111308e+03 2.151691e-01
1.000000e+04 2.273301e-01
1.232847e+04 2.249749e-01
1.519911e+04 2.010021e-01
1.873817e+04 1.556635e-01
2.310130e+04 1.009511e-01
2.848036e+04 5.406481e-02
3.511192e+04 2.433177e-02
4.328761e+04 9.643183e-03
5.336699e+04 3.578371e-03
6.579332e+04 1.317811e-03
8.111308e+04 5.032171e-04
1.000000e+05 2.045392e-04
1.232847e+05 8.945041e-05
1.519911e+05 4.207159e-05
1.873817e+05 2.112875e-05
2.310130e+05 1.121307e-05
2.848036e+05 6.218966e-06
3.511192e+05 3.567569e-06
4.328761e+05 2.098304e-06
5.336699e+05 1.256453e-06
6.579332e+05 7.618460e-07
8.111308e+05 4.659193e-07
1.000000e+06 2.865817e-07
1.232847e+06 1.769402e-07
1.519911e+06 1.095125e-07
1.873817e+06 6.788466e-08
2.310130e+06 4.212073e-08
2.848036e+06 2.615000e-08
3.511192e+06 1.624032e-08
4.328761e+06 1.008786e-08
5.336699e+06 6.266801e-09
6.579332e+06 3.893248e-09
8.111308e+06 2.418718e-09
1.000000e+07 1.502656e-09
