1.000000e-02 7.450690e-03
1.232847e-02 7.856638e-03
1.519911e-02 8.284703e-03
1.873817e-02 8.736092e-03
2.310130e-02 9.212074e-03
2.848036e-02 9.713991e-03
3.511192e-02 1.024325e-02
4.328761e-02 1.080135e-02
5.336699e-02 1.138986e-02
6.579332e-02 1.201043e-02
8.111308e-02 1.266482e-02
1.000000e-01 1.335485e-02
1.232847e-01 1.408249e-02
1.519911e-01 1.484977e-02
1.873817e-01 1.565885e-02
2.310130e-01 1.651202e-02
2.848036e-01 1.741167e-02
3.511192e-01 1.836033e-02
4.328761e-01 1.936069e-02
5.336699e-01 2.041556e-02
6.579332e-01 2.152790e-02
8.111308e-01 2.270087e-02
1.000000e+00 2.393778e-02
1.232847e+00 2.524215e-02
1.519911e+00 2.661770e-02
1.873817e+00 2.806839e-02
2.310130e+00 2.959843e-02
2.848036e+00 3.121231e-02
3.511192e+00 3.291485e-02
4.328761e+00 3.471118e-02
5.336699e+00 3.660685e-02
6.579332e+00 3.860779e-02
8.111308e+00 4.072037e-02
1.000000e+01 4.295145e-02
1.232847e+01 4.530833e-02
1.519911e+01 4.779878e-02
1.873817e+01 5.043098e-02
2.310130e+01 5.321347e-02
2.848036e+01 5.615498e-02
3.511192e+01 5.926424e-02
4.328761e+01 6.254970e-02
5.336699e+01 6.601915e-02
6.579332e+01 6.967915e-02
8.111308e+01 7.353440e-02
1.000000e+02 7.758687e-02
1.232847e+02 8.183476e-02
1.519911e+02 8.627125e-02
1.873817e+02 9.088308e-02
2.310130e+02 9.564891e-02
2.848036e+02 1.005375e-01
3.511192e+02 1.055061e-01
4.328761e+02 1.104985e-01
5.336699e+02 1.154433e-01
6.579332e+02 1.202534e-01
8.111308e+02 1.248250e-01
1.000000e+03 1.290383e-01
1.232847e+03 1.327591e-01
1.519911e+03 1.358415e-01
1.873817e+03 1.381326e-01
2.310130e+03 1.394777e-01
2.848036e+03 1.397278e-01
3.511192e+03 1.387472e-01
4.328761e+03 1.364225e-01
5.336699e+03 1.326729e-01
6.579332e+03 1.274600e-01
8.111308e+03 1.207991e-01
1.000000e+04 1.127686e-01
1.232847e+04 1.035184e-01
1.519911e+04 9.327348e-02
1.873817e+04 8.233154e-02
2.310130e+04 7.105072e-02
2.848036e+04 5.982626e-02
3.511192e+04 4.905624e-02
4.328761e+04 3.910094e-02
5.336699e+04 3.024400e-02
6.579332e+04 2.266486e-02
8.111308e+04 1.642912e-02
1.000000e+05 1.149816e-02
1.232847e+05 7.753056e-03
1.519911e+05 5.024798e-03
1.873817e+05 3.122959e-03
2.310130e+05 1.858362e-03
2.848036e+05 1.058800e-03
3.511192e+05 5.789259e-04
4.328761e+05 3.052252e-04
5.336699e+05 1.561859e-04
6.579332e+05 7.812495e-05
8.111308e+05 3.845417e-05
1.000000e+06 1.872630e-05
1.232847e+06 9.058281e-06
1.519911e+06 4.364139e-06
1.873817e+06 2.097758e-06
2.310130e+06 1.007080e-06
2.848036e+06 4.831495e-07
3.511192e+06 2.317134e-07
4.328761e+06 1.111089e-07
5.336699e+06 5.327381e-08
6.579332e+06 2.554264e-08
8.111308e+06 1.224654e-08
1.000000e+07 5.871654e-09
