1.000000e-02 1.218048e-02
1.232847e-02 1.281582e-02
1.519911e-02 1.348429e-02
1.873817e-02 1.418764e-02
2.310130e-02 1.492767e-02
2.848036e-02 1.570630e-02
3.511192e-02 1.652555e-02
4.328761e-02 1.738753e-02
5.336699e-02 1.829447e-02
6.579332e-02 1.924871e-02
8.111308e-02 2.025273e-02
1.000000e-01 2.130912e-02
1.232847e-01 2.242061e-02
1.519911e-01 2.359008e-02
1.873817e-01 2.482054e-02
2.310130e-01 2.611519e-02
2.848036e-01 2.747737e-02
3.511192e-01 2.891060e-02
4.328761e-01 3.041858e-02
5.336699e-01 3.200523e-02
6.579332e-01 3.367464e-02
8.111308e-01 3.543114e-02
1.000000e+00 3.727927e-02
1.232847e+00 3.922383e-02
1.519911e+00 4.126983e-02
1.873817e+00 4.342257e-02
2.310130e+00 4.568758e-02
2.848036e+00 4.807063e-02
3.511192e+00 5.057769e-02
4.328761e+00 5.321489e-02
5.336699e+00 5.598845e-02
6.579332e+00 5.890452e-02
8.111308e+00 6.196903e-02
1.000000e+01 6.518743e-02
1.232847e+01 6.856437e-02
1.519911e+01 7.210322e-02
1.873817e+01 7.580556e-02
2.310130e+01 7.967041e-02
2.848036e+01 8.369336e-02
3.511192e+01 8.786553e-02
4.328761e+01 9.217227e-02
5.336699e+01 9.659174e-02
6.579332e+01 1.010933e-01
8.111308e+01 1.056359e-01
1.000000e+02 1.101663e-01
1.232847e+02 1.146175e-01
1.519911e+02 1.189078e-01
1.873817e+02 1.229400e-01
2.310130e+02 1.266018e-01
2.848036e+02 1.297677e-01
3.511192e+02 1.323017e-01
4.328761e+02 1.340627e-01
5.336699e+02 1.349105e-01
6.579332e+02 1.347145e-01
8.111308e+02 1.333626e-01
1.000000e+03 1.307703e-01
1.232847e+03 1.268892e-01
1.519911e+03 1.217136e-01
1.873817e+03 1.152840e-01
2.310130e+03 1.076888e-01
2.848036e+03 9.906361e-02
3.511192e+03 8.958804e-02
4.328761e+03 7.948268e-02
5.336699e+03 6.900449e-02
6.579332e+03 5.844128e-02
8.111308e+03 4.810350e-02
1.000000e+04 3.831097e-02
1.232847e+04 2.937189e-02
1.519911e+04 2.155314e-02
1.873817e+04 1.504516e-02
2.310130e+04 9.929853e-03
2.848036e+04 6.163498e-03
3.511192e+04 3.585189e-03
4.328761e+04 1.953394e-03
5.336699e+04 1.000513e-03
6.579332e+04 4.854821e-04
8.111308e+04 2.255631e-04
1.000000e+05 1.015046e-04
1.232847e+05 4.469941e-05
1.519911e+05 1.941812e-05
1.873817e+05 8.368190e-06
2.310130e+05 3.590185e-06
2.848036e+05 1.536639e-06
3.511192e+05 6.569011e-07
4.328761e+05 2.806517e-07
5.336699e+05 1.198698e-07
6.579332e+05 5.119093e-08
8.111308e+05 2.185993e-08
1.000000e+06 9.334523e-09
1.232847e+06 3.985932e-09
1.519911e+06 1.702022e-09
1.873817e+06 7.267737e-10
2.310130e+06 3.103365e-10
2.848036e+06 1.325154e-10
3.511192e+06 5.658478e-11
4.328761e+06 2.416200e-11
5.336699e+06 1.031730e-11
6.579332e+06 4.405544e-12
8.111308e+06 1.881191e-12
1.000000e+07 8.032784e-13
