1.000000e-02 1.510521e-02
1.232847e-02 1.573740e-02
1.519911e-02 1.639605e-02
1.873817e-02 1.708226e-02
2.310130e-02 1.779720e-02
2.848036e-02 1.854205e-02
3.511192e-02 1.931808e-02
4.328761e-02 2.012659e-02
5.336699e-02 2.096893e-02
6.579332e-02 2.184653e-02
8.111308e-02 2.276086e-02
1.000000e-01 2.371346e-02
1.232847e-01 2.470592e-02
1.519911e-01 2.573992e-02
1.873817e-01 2.681720e-02
2.310130e-01 2.793956e-02
2.848036e-01 2.910890e-02
3.511192e-01 3.032718e-02
4.328761e-01 3.159643e-02
5.336699e-01 3.291881e-02
6.579332e-01 3.429650e-02
8.111308e-01 3.573182e-02
1.000000e+00 3.722715e-02
1.232847e+00 3.878497e-02
1.519911e+00 4.040786e-02
1.873817e+00 4.209851e-02
2.310130e+00 4.385980e-02
2.848036e+00 4.569479e-02
3.511192e+00 4.760684e-02
4.328761e+00 4.959972e-02
5.336699e+00 5.167777e-02
6.579332e+00 5.384609e-02
8.111308e+00 5.611081e-02
1.000000e+01 5.847941e-02
1.232847e+01 6.096108e-02
1.519911e+01 6.356721e-02
1.873817e+01 6.631179e-02
2.310130e+01 6.921204e-02
2.848036e+01 7.228888e-02
3.511192e+01 7.556749e-02
4.328761e+01 7.907782e-02
5.336699e+01 8.285484e-02
6.579332e+01 8.693871e-02
8.111308e+01 9.137439e-02
1.000000e+02 9.621071e-02
1.232847e+02 1.014984e-01
1.519911e+02 1.072864e-01
1.873817e+02 1.136163e-01
2.310130e+02 1.205130e-01
2.848036e+02 1.279709e-01
3.511192e+02 1.359340e-01
4.328761e+02 1.442673e-01
5.336699e+02 1.527208e-01
6.579332e+02 1.608849e-01
8.111308e+02 1.681454e-01
1.000000e+03 1.736522e-01
1.232847e+03 1.763294e-01
1.519911e+03 1.749665e-01
1.873817e+03 1.684317e-01
2.310130e+03 1.560177e-01
2.848036e+03 1.378518e-01
3.511192e+03 1.151884e-01
4.328761e+03 9.034438e-02
5.336699e+03 6.615154e-02
6.579332e+03 4.510439e-02
8.111308e+03 2.865000e-02
1.000000e+04 1.699919e-02
1.232847e+04 9.456857e-03
1.519911e+04 4.951280e-03
1.873817e+04 2.449147e-03
2.310130e+04 1.150286e-03
2.848036e+04 5.166343e-04
3.511192e+04 2.239199e-04
4.328761e+04 9.456564e-05
5.336699e+04 3.925195e-05
6.579332e+04 1.612021e-05
8.111308e+04 6.580144e-06
1.000000e+05 2.677162e-06
1.232847e+05 1.087386e-06
1.519911e+05 4.413000e-07
1.873817e+05 1.790251e-07
2.310130e+05 7.261324e-08
2.848036e+05 2.944979e-08
3.511192e+05 1.194354e-08
4.328761e+05 4.843700e-09
5.336699e+05 1.964348e-09
6.579332e+05 7.966333e-10
8.111308e+05 3.230710e-10
1.000000e+06 1.310199e-10
1.232847e+06 5.313447e-11
1.519911e+06 2.154842e-11
1.873817e+06 8.738856e-12
2.310130e+06 3.544000e-12
2.848036e+06 1.437251e-12
3.511192e+06 5.828702e-13
4.328761e+06 2.363801e-13
5.336699e+06 9.586279e-14
6.579332e+06 3.887668e-14
8.111308e+06 1.576624e-14
1.000000e+07 6.393922e-15
