1.000000e-02 1.204343e-02
1.232847e-02 1.258927e-02
1.519911e-02 1.315984e-02
1.873817e-02 1.375627e-02
2.310130e-02 1.437974e-02
2.848036e-02 1.503146e-02
3.511192e-02 1.571273e-02
4.328761e-02 1.642486e-02
5.336699e-02 1.716928e-02
6.579332e-02 1.794743e-02
8.111308e-02 1.876085e-02
1.000000e-01 1.961113e-02
1.232847e-01 2.049995e-02
1.519911e-01 2.142906e-02
1.873817e-01 2.240027e-02
2.310130e-01 2.341551e-02
2.848036e-01 2.447675e-02
3.511192e-01 2.558610e-02
4.328761e-01 2.674571e-02
5.336699e-01 2.795789e-02
6.579332e-01 2.922498e-02
8.111308e-01 3.054949e-02
1.000000e+00 3.193400e-02
1.232847e+00 3.338119e-02
1.519911e+00 3.489390e-02
1.873817e+00 3.647505e-02
2.310130e+00 3.812774e-02
2.848036e+00 3.985522e-02
3.511192e+00 4.166095e-02
4.328761e+00 4.354865e-02
5.336699e+00 4.552236e-02
6.579332e+00 4.758657e-02
8.111308e+00 4.974628e-02
1.000000e+01 5.200724e-02
1.232847e+01 5.437607e-02
1.519911e+01 5.686048e-02
1.873817e+01 5.946961e-02
2.310130e+01 6.221420e-02
2.848036e+01 6.510701e-02
3.511192e+01 6.816309e-02
4.328761e+01 7.140009e-02
5.336699e+01 7.483858e-02
6.579332e+01 7.850224e-02
8.111308e+01 8.241791e-02
1.000000e+02 8.661545e-02
1.232847e+02 9.112722e-02
1.519911e+02 9.598702e-02
1.873817e+02 1.012283e-01
2.310130e+02 1.068810e-01
2.848036e+02 1.129670e-01
3.511192e+02 1.194930e-01
4.328761e+02 1.264404e-01
5.336699e+02 1.337504e-01
6.579332e+02 1.413044e-01
8.111308e+02 1.488980e-01
1.000000e+03 1.562102e-01
1.232847e+03 1.627702e-01
1.519911e+03 1.679309e-01
1.873817e+03 1.708657e-01
2.310130e+03 1.706134e-01
2.848036e+03 1.662026e-01
3.511192e+03 1.568774e-01
4.328761e+03 1.424057e-01
5.336699e+03 1.233765e-01
6.579332e+03 1.013171e-01
8.111308e+03 7.846376e-02
1.000000e+04 5.718256e-02
1.232847e+04 3.928086e-02
1.519911e+04 2.557653e-02
1.873817e+04 1.592280e-02
2.310130e+04 9.574176e-03
2.848036e+04 5.612288e-03
3.511192e+04 3.228257e-03
4.328761e+04 1.826682e-03
5.336699e+04 1.015214e-03
6.579332e+04 5.518897e-04
8.111308e+04 2.921722e-04
1.000000e+05 1.502807e-04
1.232847e+05 7.516937e-05
1.519911e+05 3.670334e-05
1.873817e+05 1.758809e-05
2.310130e+05 8.316413e-06
2.848036e+05 3.897954e-06
3.511192e+05 1.817104e-06
4.328761e+05 8.443872e-07
5.336699e+05 3.916776e-07
6.579332e+05 1.815083e-07
8.111308e+05 8.407050e-08
1.000000e+06 3.892940e-08
1.232847e+06 1.802416e-08
1.519911e+06 8.344570e-09
1.873817e+06 3.863130e-09
2.310130e+06 1.788414e-09
2.848036e+06 8.279303e-10
3.511192e+06 3.832816e-10
4.328761e+06 1.774359e-10
5.336699e+06 8.214192e-11
6.579332e+06 3.802665e-11
8.111308e+06 1.760400e-11
1.000000e+07 8.149565e-12
