1.000000e-02 1.343313e-02
1.232847e-02 1.416156e-02
1.519911e-02 1.492951e-02
1.873817e-02 1.573909e-02
2.310130e-02 1.659257e-02
2.848036e-02 1.749234e-02
3.511192e-02 1.844090e-02
4.328761e-02 1.944090e-02
5.336699e-02 2.049512e-02
6.579332e-02 2.160651e-02
8.111308e-02 2.277817e-02
1.000000e-01 2.401336e-02
1.232847e-01 2.531554e-02
1.519911e-01 2.668833e-02
1.873817e-01 2.813556e-02
2.310130e-01 2.966127e-02
2.848036e-01 3.126971e-02
3.511192e-01 3.296538e-02
4.328761e-01 3.475299e-02
5.336699e-01 3.663753e-02
6.579332e-01 3.862423e-02
8.111308e-01 4.071860e-02
1.000000e+00 4.292641e-02
1.232847e+00 4.525366e-02
1.519911e+00 4.770658e-02
1.873817e+00 5.029153e-02
2.310130e+00 5.301495e-02
2.848036e+00 5.588318e-02
3.511192e+00 5.890230e-02
4.328761e+00 6.207779e-02
5.336699e+00 6.541420e-02
6.579332e+00 6.891461e-02
8.111308e+00 7.258002e-02
1.000000e+01 7.640849e-02
1.232847e+01 8.039420e-02
1.519911e+01 8.452615e-02
1.873817e+01 8.878686e-02
2.310130e+01 9.315069e-02
2.848036e+01 9.758210e-02
3.511192e+01 1.020339e-01
4.328761e+01 1.064454e-01
5.336699e+01 1.107409e-01
6.579332e+01 1.148290e-01
8.111308e+01 1.186020e-01
1.000000e+02 1.219375e-01
1.232847e+02 1.247011e-01
1.519911e+02 1.267511e-01
1.873817e+02 1.279461e-01
2.310130e+02 1.281543e-01
2.848036e+02 1.272655e-01
3.511192e+02 1.252034e-01
4.328761e+02 1.219384e-01
5.336699e+02 1.174976e-01
6.579332e+02 1.119709e-01
8.111308e+02 1.055109e-01
1.000000e+03 9.832505e-02
1.232847e+03 9.066093e-02
1.519911e+03 8.278560e-02
1.873817e+03 7.496210e-02
2.310130e+03 6.742703e-02
2.848036e+03 6.037250e-02
3.511192e+03 5.393485e-02
4.328761e+03 4.819075e-02
5.336699e+03 4.315922e-02
6.579332e+03 3.880725e-02
8.111308e+03 3.505586e-02
1.000000e+04 3.178445e-02
1.232847e+04 2.883314e-02
1.519911e+04 2.600625e-02
1.873817e+04 2.308609e-02
2.310130e+04 1.987201e-02
2.848036e+04 1.625815e-02
3.511192e+04 1.233666e-02
4.328761e+04 8.453673e-03
5.336699e+04 5.107744e-03
6.579332e+04 2.683091e-03
8.111308e+04 1.228116e-03
1.000000e+05 4.994807e-04
1.232847e+05 1.860090e-04
1.519911e+05 6.539897e-05
1.873817e+05 2.223868e-05
2.310130e+05 7.430721e-06
2.848036e+05 2.461910e-06
3.511192e+05 8.125556e-07
4.328761e+05 2.677483e-07
5.336699e+05 8.816839e-08
6.579332e+05 2.902596e-08
8.111308e+05 9.554715e-09
1.000000e+06 3.145090e-09
1.232847e+06 1.035244e-09
1.519911e+06 3.407615e-10
1.873817e+06 1.121650e-10
2.310130e+06 3.692022e-11
2.848036e+06 1.215265e-11
3.511192e+06 4.000162e-12
4.328761e+06 1.316692e-12
5.336699e+06 4.334019e-13
6.579332e+06 1.426584e-13
8.111308e+06 4.695740e-14
1.000000e+07 1.545648e-14
