1.000000e-02 9.982654e-03
1.232847e-02 1.050955e-02
1.519911e-02 1.106426e-02
1.873817e-02 1.164824e-02
2.310130e-02 1.226305e-02
2.848036e-02 1.291031e-02
3.511192e-02 1.359173e-02
4.328761e-02 1.430911e-02
5.336699e-02 1.506437e-02
6.579332e-02 1.585948e-02
8.111308e-02 1.669656e-02
1.000000e-01 1.757782e-02
1.232847e-01 1.850560e-02
1.519911e-01 1.948235e-02
1.873817e-01 2.051065e-02
2.310130e-01 2.159323e-02
2.848036e-01 2.273294e-02
3.511192e-01 2.393281e-02
4.328761e-01 2.519602e-02
5.336699e-01 2.652592e-02
6.579332e-01 2.792604e-02
8.111308e-01 2.940012e-02
1.000000e+00 3.095214e-02
1.232847e+00 3.258631e-02
1.519911e+00 3.430716e-02
1.873817e+00 3.611953e-02
2.310130e+00 3.802867e-02
2.848036e+00 4.004025e-02
3.511192e+00 4.216045e-02
4.328761e+00 4.439605e-02
5.336699e+00 4.675443e-02
6.579332e+00 4.924367e-02
8.111308e+00 5.187258e-02
1.000000e+01 5.465067e-02
1.232847e+01 5.758816e-02
1.519911e+01 6.069582e-02
1.873817e+01 6.398480e-02
2.310130e+01 6.746628e-02
2.848036e+01 7.115103e-02
3.511192e+01 7.504870e-02
4.328761e+01 7.916690e-02
5.336699e+01 8.350998e-02
6.579332e+01 8.807750e-02
8.111308e+01 9.286222e-02
1.000000e+02 9.784780e-02
1.232847e+02 1.030060e-01
1.519911e+02 1.082937e-01
1.873817e+02 1.136494e-01
2.310130e+02 1.189902e-01
2.848036e+02 1.242089e-01
3.511192e+02 1.291721e-01
4.328761e+02 1.337198e-01
5.336699e+02 1.376674e-01
6.579332e+02 1.408108e-01
8.111308e+02 1.429347e-01
1.000000e+03 1.438253e-01
1.232847e+03 1.432856e-01
1.519911e+03 1.411542e-01
1.873817e+03 1.373236e-01
2.310130e+03 1.317578e-01
2.848036e+03 1.245059e-01
3.511192e+03 1.157097e-01
4.328761e+03 1.056044e-01
5.336699e+03 9.450996e-02
6.579332e+03 8.281377e-02
8.111308e+03 7.094441e-02
1.000000e+04 5.933809e-02
1.232847e+04 4.840045e-02
1.519911e+04 3.846849e-02
1.873817e+04 2.977956e-02
2.310130e+04 2.245413e-02
2.848036e+04 1.649706e-02
3.511192e+04 1.181657e-02
4.328761e+04 8.255264e-03
5.336699e+04 5.624375e-03
6.579332e+04 3.733232e-03
8.111308e+04 2.409143e-03
1.000000e+05 1.506995e-03
1.232847e+05 9.107769e-04
1.519911e+05 5.304778e-04
1.873817e+05 2.975810e-04
2.310130e+05 1.610990e-04
2.848036e+05 8.454409e-05
3.511192e+05 4.327235e-05
4.328761e+05 2.173944e-05
5.336699e+05 1.078128e-05
6.579332e+05 5.301816e-06
8.111308e+05 2.593620e-06
1.000000e+06 1.264854e-06
1.232847e+06 6.157503e-07
1.519911e+06 2.994627e-07
1.873817e+06 1.455632e-07
2.310130e+06 7.073593e-08
2.848036e+06 3.436902e-08
3.511192e+06 1.669797e-08
4.328761e+06 8.112334e-09
5.336699e+06 3.941136e-09
6.579332e+06 1.914673e-09
8.111308e+06 9.301795e-10
1.000000e+07 4.518964e-10
