1.000000e-02 5.280559e-03
1.232847e-02 5.583760e-03
1.519911e-02 5.904371e-03
1.873817e-02 6.243391e-03
2.310130e-02 6.601877e-03
2.848036e-02 6.980946e-03
3.511192e-02 7.381782e-03
4.328761e-02 7.805632e-03
5.336699e-02 8.253819e-03
6.579332e-02 8.727741e-03
8.111308e-02 9.228874e-03
1.000000e-01 9.758782e-03
1.232847e-01 1.031912e-02
1.519911e-01 1.091162e-02
1.873817e-01 1.153815e-02
2.310130e-01 1.220066e-02
2.848036e-01 1.290120e-02
3.511192e-01 1.364197e-02
4.328761e-01 1.442527e-02
5.336699e-01 1.525354e-02
6.579332e-01 1.612937e-02
8.111308e-01 1.705549e-02
1.000000e+00 1.803478e-02
1.232847e+00 1.907029e-02
1.519911e+00 2.016524e-02
1.873817e+00 2.132303e-02
2.310130e+00 2.254726e-02
2.848036e+00 2.384170e-02
3.511192e+00 2.521038e-02
4.328761e+00 2.665749e-02
5.336699e+00 2.818748e-02
6.579332e+00 2.980502e-02
8.111308e+00 3.151502e-02
1.000000e+01 3.332262e-02
1.232847e+01 3.523318e-02
1.519911e+01 3.725230e-02
1.873817e+01 3.938575e-02
2.310130e+01 4.163947e-02
2.848036e+01 4.401947e-02
3.511192e+01 4.653180e-02
4.328761e+01 4.918241e-02
5.336699e+01 5.197702e-02
6.579332e+01 5.492089e-02
8.111308e+01 5.801868e-02
1.000000e+02 6.127406e-02
1.232847e+02 6.468944e-02
1.519911e+02 6.826556e-02
1.873817e+02 7.200101e-02
2.310130e+02 7.589174e-02
2.848036e+02 7.993055e-02
3.511192e+02 8.410650e-02
4.328761e+02 8.840436e-02
5.336699e+02 9.280412e-02
6.579332e+02 9.728048e-02
8.111308e+02 1.018025e-01
1.000000e+03 1.063333e-01
1.232847e+03 1.108297e-01
1.519911e+03 1.152424e-01
1.873817e+03 1.195152e-01
2.310130e+03 1.235852e-01
2.848036e+03 1.273816e-01
3.511192e+03 1.308249e-01
4.328761e+03 1.338244e-01
5.336699e+03 1.362762e-01
6.579332e+03 1.380597e-01
8.111308e+03 1.390340e-01
1.000000e+04 1.390355e-01
1.232847e+04 1.378781e-01
1.519911e+04 1.353577e-01
1.873817e+04 1.312663e-01
2.310130e+04 1.254180e-01
2.848036e+04 1.176887e-01
3.511192e+04 1.080685e-01
4.328761e+04 9.671688e-02
5.336699e+04 8.400187e-02
6.579332e+04 7.050245e-02
8.111308e+04 5.695351e-02
1.000000e+05 4.413383e-02
1.232847e+05 3.272387e-02
1.519911e+05 2.318136e-02
1.873817e+05 1.568043e-02
2.310130e+05 1.013072e-02
2.848036e+05 6.257068e-03
3.511192e+05 3.699548e-03
4.328761e+05 2.098087e-03
5.336699e+05 1.144506e-03
6.579332e+05 6.029169e-04
8.111308e+05 3.083050e-04
1.000000e+06 1.539444e-04
1.232847e+06 7.551116e-05
1.519911e+06 3.658035e-05
1.873817e+06 1.757668e-05
2.310130e+06 8.403020e-06
2.848036e+06 4.005503e-06
3.511192e+06 1.906234e-06
4.328761e+06 9.064268e-07
5.336699e+06 4.308412e-07
6.579332e+06 2.047528e-07
8.111308e+06 9.730135e-08
1.000000e+07 4.623851e-08
