1.000000e-02 6.523449e-03
1.232847e-02 6.871400e-03
1.519911e-02 7.237910e-03
1.873817e-02 7.623969e-03
2.310130e-02 8.030620e-03
2.848036e-02 8.458961e-03
3.511192e-02 8.910149e-03
4.328761e-02 9.385403e-03
5.336699e-02 9.886006e-03
6.579332e-02 1.041331e-02
8.111308e-02 1.096874e-02
1.000000e-01 1.155380e-02
1.232847e-01 1.217006e-02
1.519911e-01 1.281919e-02
1.873817e-01 1.350295e-02
2.310130e-01 1.422317e-02
2.848036e-01 1.498182e-02
3.511192e-01 1.578092e-02
4.328761e-01 1.662265e-02
5.336699e-01 1.750928e-02
6.579332e-01 1.844320e-02
8.111308e-01 1.942693e-02
1.000000e+00 2.046313e-02
1.232847e+00 2.155461e-02
1.519911e+00 2.270431e-02
1.873817e+00 2.391536e-02
2.310130e+00 2.519104e-02
2.848036e+00 2.653483e-02
3.511192e+00 2.795044e-02
4.328761e+00 2.944176e-02
5.336699e+00 3.101299e-02
6.579332e+00 3.266858e-02
8.111308e+00 3.441330e-02
1.000000e+01 3.625228e-02
1.232847e+01 3.819106e-02
1.519911e+01 4.023560e-02
1.873817e+01 4.239236e-02
2.310130e+01 4.466831e-02
2.848036e+01 4.707101e-02
3.511192e+01 4.960857e-02
4.328761e+01 5.228973e-02
5.336699e+01 5.512378e-02
6.579332e+01 5.812056e-02
8.111308e+01 6.129028e-02
1.000000e+02 6.464343e-02
1.232847e+02 6.819044e-02
1.519911e+02 7.194135e-02
1.873817e+02 7.590530e-02
2.310130e+02 8.008982e-02
2.848036e+02 8.449992e-02
3.511192e+02 8.913701e-02
4.328761e+02 9.399739e-02
5.336699e+02 9.907048e-02
6.579332e+02 1.043367e-01
8.111308e+02 1.097647e-01
1.000000e+03 1.153088e-01
1.232847e+03 1.209050e-01
1.519911e+03 1.264675e-01
1.873817e+03 1.318848e-01
2.310130e+03 1.370155e-01
2.848036e+03 1.416854e-01
3.511192e+03 1.456846e-01
4.328761e+03 1.487684e-01
5.336699e+03 1.506613e-01
6.579332e+03 1.510669e-01
8.111308e+03 1.496860e-01
1.000000e+04 1.462446e-01
1.232847e+04 1.405323e-01
1.519911e+04 1.324491e-01
1.873817e+04 1.220561e-01
2.310130e+04 1.096168e-01
2.848036e+04 9.561599e-02
3.511192e+04 8.073743e-02
4.328761e+04 6.579316e-02
5.336699e+04 5.160881e-02
6.579332e+04 3.889183e-02
8.111308e+04 2.812201e-02
1.000000e+05 1.949949e-02
1.232847e+05 1.296280e-02
1.519911e+05 8.260736e-03
1.873817e+05 5.044789e-03
2.310130e+05 2.950686e-03
2.848036e+05 1.652135e-03
3.511192e+05 8.858393e-04
4.328761e+05 4.557621e-04
5.336699e+05 2.259694e-04
6.579332e+05 1.086398e-04
8.111308e+05 5.101062e-05
1.000000e+06 2.355308e-05
1.232847e+06 1.075551e-05
1.519911e+06 4.878060e-06
1.873817e+06 2.203604e-06
2.310130e+06 9.932574e-07
2.848036e+06 4.471818e-07
3.511192e+06 2.012109e-07
4.328761e+06 9.051010e-08
5.336699e+06 4.070884e-08
6.579332e+06 1.830877e-08
8.111308e+06 8.234229e-09
1.000000e+07 3.703272e-09
