1.000000e-02 1.788503e-02
1.232847e-02 1.875971e-02
1.519911e-02 1.967716e-02
1.873817e-02 2.063949e-02
2.310130e-02 2.164888e-02
2.848036e-02 2.270763e-02
3.511192e-02 2.381816e-02
4.328761e-02 2.498301e-02
5.336699e-02 2.620482e-02
6.579332e-02 2.748638e-02
8.111308e-02 2.883062e-02
1.000000e-01 3.024061e-02
1.232847e-01 3.171954e-02
1.519911e-01 3.327081e-02
1.873817e-01 3.489794e-02
2.310130e-01 3.660465e-02
2.848036e-01 3.839483e-02
3.511192e-01 4.027254e-02
4.328761e-01 4.224207e-02
5.336699e-01 4.430787e-02
6.579332e-01 4.647458e-02
8.111308e-01 4.874698e-02
1.000000e+00 5.112995e-02
1.232847e+00 5.362840e-02
1.519911e+00 5.624713e-02
1.873817e+00 5.899067e-02
2.310130e+00 6.186305e-02
2.848036e+00 6.486749e-02
3.511192e+00 6.800602e-02
4.328761e+00 7.127901e-02
5.336699e+00 7.468460e-02
6.579332e+00 7.821798e-02
8.111308e+00 8.187066e-02
1.000000e+01 8.562952e-02
1.232847e+01 8.947585e-02
1.519911e+01 9.338435e-02
1.873817e+01 9.732204e-02
2.310130e+01 1.012473e-01
2.848036e+01 1.051091e-01
3.511192e+01 1.088465e-01
4.328761e+01 1.123881e-01
5.336699e+01 1.156534e-01
6.579332e+01 1.185530e-01
8.111308e+01 1.209912e-01
1.000000e+02 1.228689e-01
1.232847e+02 1.240877e-01
1.519911e+02 1.245543e-01
1.873817e+02 1.241868e-01
2.310130e+02 1.229195e-01
2.848036e+02 1.207096e-01
3.511192e+02 1.175412e-01
4.328761e+02 1.134296e-01
5.336699e+02 1.084225e-01
6.579332e+02 1.026006e-01
8.111308e+02 9.607460e-02
1.000000e+03 8.898104e-02
1.232847e+03 8.147583e-02
1.519911e+03 7.372636e-02
1.873817e+03 6.590301e-02
2.310130e+03 5.817048e-02
2.848036e+03 5.068009e-02
3.511192e+03 4.356332e-02
4.328761e+03 3.692737e-02
5.336699e+03 3.085245e-02
6.579332e+03 2.539102e-02
8.111308e+03 2.056860e-02
1.000000e+04 1.638604e-02
1.232847e+04 1.282307e-02
1.519911e+04 9.842827e-03
1.873817e+04 7.396850e-03
2.310130e+04 5.429794e-03
2.848036e+04 3.883340e-03
3.511192e+04 2.698795e-03
4.328761e+04 1.818498e-03
5.336699e+04 1.186592e-03
6.579332e+04 7.500097e-04
8.111308e+04 4.601577e-04
1.000000e+05 2.750399e-04
1.232847e+05 1.608892e-04
1.519911e+05 9.255334e-05
1.873817e+05 5.259132e-05
2.310130e+05 2.962714e-05
2.848036e+05 1.659373e-05
3.511192e+05 9.258887e-06
4.328761e+05 5.153926e-06
5.336699e+05 2.864700e-06
6.579332e+05 1.590868e-06
8.111308e+05 8.829981e-07
1.000000e+06 4.899493e-07
1.232847e+06 2.718096e-07
1.519911e+06 1.507767e-07
1.873817e+06 8.363315e-08
2.310130e+06 4.638834e-08
2.848036e+06 2.572952e-08
3.511192e+06 1.427087e-08
4.328761e+06 7.915293e-09
5.336699e+06 4.390184e-09
6.579332e+06 2.434994e-09
8.111308e+06 1.350558e-09
1.000000e+07 7.490800e-10
