1.000000e-02 5.595603e-03
1.232847e-02 5.905159e-03
1.519911e-02 6.231840e-03
1.873817e-02 6.576594e-03
2.310130e-02 6.940419e-03
2.848036e-02 7.324372e-03
3.511192e-02 7.729566e-03
4.328761e-02 8.157176e-03
5.336699e-02 8.608442e-03
6.579332e-02 9.084672e-03
8.111308e-02 9.587248e-03
1.000000e-01 1.011763e-02
1.232847e-01 1.067735e-02
1.519911e-01 1.126803e-02
1.873817e-01 1.189139e-02
2.310130e-01 1.254924e-02
2.848036e-01 1.324348e-02
3.511192e-01 1.397613e-02
4.328761e-01 1.474931e-02
5.336699e-01 1.556526e-02
6.579332e-01 1.642635e-02
8.111308e-01 1.733507e-02
1.000000e+00 1.829406e-02
1.232847e+00 1.930610e-02
1.519911e+00 2.037413e-02
1.873817e+00 2.150122e-02
2.310130e+00 2.269067e-02
2.848036e+00 2.394592e-02
3.511192e+00 2.527062e-02
4.328761e+00 2.666864e-02
5.336699e+00 2.814408e-02
6.579332e+00 2.970130e-02
8.111308e+00 3.134491e-02
1.000000e+01 3.307985e-02
1.232847e+01 3.491135e-02
1.519911e+01 3.684503e-02
1.873817e+01 3.888685e-02
2.310130e+01 4.104318e-02
2.848036e+01 4.332078e-02
3.511192e+01 4.572685e-02
4.328761e+01 4.826895e-02
5.336699e+01 5.095500e-02
6.579332e+01 5.379322e-02
8.111308e+01 5.679197e-02
1.000000e+02 5.995964e-02
1.232847e+02 6.330436e-02
1.519911e+02 6.683374e-02
1.873817e+02 7.055444e-02
2.310130e+02 7.447162e-02
2.848036e+02 7.858831e-02
3.511192e+02 8.290463e-02
4.328761e+02 8.741674e-02
5.336699e+02 9.211578e-02
6.579332e+02 9.698648e-02
8.111308e+02 1.020057e-01
1.000000e+03 1.071407e-01
1.232847e+03 1.123473e-01
1.519911e+03 1.175678e-01
1.873817e+03 1.227291e-01
2.310130e+03 1.277400e-01
2.848036e+03 1.324896e-01
3.511192e+03 1.368450e-01
4.328761e+03 1.406495e-01
5.336699e+03 1.437218e-01
6.579332e+03 1.458571e-01
8.111308e+03 1.468304e-01
1.000000e+04 1.464044e-01
1.232847e+04 1.443437e-01
1.519911e+04 1.404363e-01
1.873817e+04 1.345243e-01
2.310130e+04 1.265406e-01
2.848036e+04 1.165494e-01
3.511192e+04 1.047799e-01
4.328761e+04 9.164316e-02
5.336699e+04 7.771783e-02
6.579332e+04 6.369735e-02
8.111308e+04 5.030078e-02
1.000000e+05 3.816578e-02
1.232847e+05 2.775373e-02
1.519911e+05 1.929581e-02
1.873817e+05 1.279367e-02
2.310130e+05 8.066645e-03
2.848036e+05 4.822305e-03
3.511192e+05 2.726166e-03
4.328761e+05 1.455826e-03
5.336699e+05 7.356481e-04
6.579332e+05 3.536179e-04
8.111308e+05 1.630672e-04
1.000000e+06 7.286173e-05
1.232847e+06 3.184923e-05
1.519911e+06 1.372716e-05
1.873817e+06 5.866921e-06
2.310130e+06 2.495718e-06
2.848036e+06 1.059012e-06
3.511192e+06 4.488141e-07
4.328761e+06 1.900983e-07
5.336699e+06 8.049695e-08
6.579332e+06 3.408300e-08
8.111308e+06 1.443056e-08
1.000000e+07 6.109794e-09
