1.000000e-02 1.015488e-02
1.232847e-02 1.079426e-02
1.519911e-02 1.147391e-02
1.873817e-02 1.219634e-02
2.310130e-02 1.296427e-02
2.848036e-02 1.378054e-02
3.511192e-02 1.464821e-02
4.328761e-02 1.557051e-02
5.336699e-02 1.655088e-02
6.579332e-02 1.759298e-02
8.111308e-02 1.870069e-02
1.000000e-01 1.987815e-02
1.232847e-01 2.112975e-02
1.519911e-01 2.246015e-02
1.873817e-01 2.387431e-02
2.310130e-01 2.537752e-02
2.848036e-01 2.697538e-02
3.511192e-01 2.867387e-02
4.328761e-01 3.047938e-02
5.336699e-01 3.239875e-02
6.579332e-01 3.443942e-02
8.111308e-01 3.660958e-02
1.000000e+00 3.891837e-02
1.232847e+00 4.137627e-02
1.519911e+00 4.399551e-02
1.873817e+00 4.679065e-02
2.310130e+00 4.977928e-02
2.848036e+00 5.298282e-02
3.511192e+00 5.642734e-02
4.328761e+00 6.014449e-02
5.336699e+00 6.417222e-02
6.579332e+00 6.855529e-02
8.111308e+00 7.334533e-02
1.000000e+01 7.859999e-02
1.232847e+01 8.438084e-02
1.519911e+01 9.074923e-02
1.873817e+01 9.775925e-02
2.310130e+01 1.054465e-01
2.848036e+01 1.138114e-01
3.511192e+01 1.227959e-01
4.328761e+01 1.322528e-01
5.336699e+01 1.419100e-01
6.579332e+01 1.513345e-01
8.111308e+01 1.599075e-01
1.000000e+02 1.668280e-01
1.232847e+02 1.711688e-01
1.519911e+02 1.719990e-01
1.873817e+02 1.685755e-01
2.310130e+02 1.605623e-01
2.848036e+02 1.482058e-01
3.511192e+02 1.323769e-01
4.328761e+02 1.144321e-01
5.336699e+02 9.592474e-02
6.579332e+02 7.827305e-02
8.111308e+02 6.251034e-02
1.000000e+03 4.918812e-02
1.232847e+03 3.842412e-02
1.519911e+03 3.003310e-02
1.873817e+03 2.367154e-02
2.310130e+03 1.895215e-02
2.848036e+03 1.551459e-02
3.511192e+03 1.305827e-02
4.328761e+03 1.135008e-02
5.336699e+03 1.021913e-02
6.579332e+03 9.546324e-03
8.111308e+03 9.252996e-03
1.000000e+04 9.289985e-03
1.232847e+04 9.626283e-03
1.519911e+04 1.023521e-02
1.873817e+04 1.107501e-02
2.310130e+04 1.206124e-02
2.848036e+04 1.303283e-02
3.511192e+04 1.372556e-02
4.328761e+04 1.378724e-02
5.336699e+04 1.288159e-02
6.579332e+04 1.089144e-02
8.111308e+04 8.110945e-03
1.000000e+05 5.204813e-03
1.232847e+05 2.848084e-03
1.519911e+05 1.337642e-03
1.873817e+05 5.521105e-04
2.310130e+05 2.071163e-04
2.848036e+05 7.301510e-05
3.511192e+05 2.482951e-05
4.328761e+05 8.285347e-06
5.336699e+05 2.739584e-06
6.579332e+05 9.021294e-07
8.111308e+05 2.965451e-07
1.000000e+06 9.740986e-08
1.232847e+06 3.198852e-08
1.519911e+06 1.050363e-08
1.873817e+06 3.448800e-09
2.310130e+06 1.132376e-09
2.848036e+06 3.718012e-10
3.511192e+06 1.220760e-10
4.328761e+06 4.008203e-11
5.336699e+06 1.316039e-11
6.579332e+06 4.321038e-12
8.111308e+06 1.418755e-12
1.000000e+07 4.658290e-13
