1.000000e-02 3.957647e-03
1.232847e-02 4.210856e-03
1.519911e-02 4.480265e-03
1.873817e-02 4.766911e-03
2.310130e-02 5.071897e-03
2.848036e-02 5.396395e-03
3.511192e-02 5.741655e-03
4.328761e-02 6.109004e-03
5.336699e-02 6.499856e-03
6.579332e-02 6.915715e-03
8.111308e-02 7.358180e-03
1.000000e-01 7.828954e-03
1.232847e-01 8.329848e-03
1.519911e-01 8.862789e-03
1.873817e-01 9.429828e-03
2.310130e-01 1.003315e-02
2.848036e-01 1.067506e-02
3.511192e-01 1.135805e-02
4.328761e-01 1.208473e-02
5.336699e-01 1.285791e-02
6.579332e-01 1.368055e-02
8.111308e-01 1.455581e-02
1.000000e+00 1.548704e-02
1.232847e+00 1.647782e-02
1.519911e+00 1.753192e-02
1.873817e+00 1.865332e-02
2.310130e+00 1.984623e-02
2.848036e+00 2.111510e-02
3.511192e+00 2.246454e-02
4.328761e+00 2.389938e-02
5.336699e+00 2.542458e-02
6.579332e+00 2.704523e-02
8.111308e+00 2.876643e-02
1.000000e+01 3.059324e-02
1.232847e+01 3.253052e-02
1.519911e+01 3.458281e-02
1.873817e+01 3.675410e-02
2.310130e+01 3.904757e-02
2.848036e+01 4.146534e-02
3.511192e+01 4.400807e-02
4.328761e+01 4.667463e-02
5.336699e+01 4.946165e-02
6.579332e+01 5.236315e-02
8.111308e+01 5.537010e-02
1.000000e+02 5.847021e-02
1.232847e+02 6.164773e-02
1.519911e+02 6.488358e-02
1.873817e+02 6.815578e-02
2.310130e+02 7.144031e-02
2.848036e+02 7.471252e-02
3.511192e+02 7.794903e-02
4.328761e+02 8.113038e-02
5.336699e+02 8.424411e-02
6.579332e+02 8.728845e-02
8.111308e+02 9.027624e-02
1.000000e+03 9.323900e-02
1.232847e+03 9.623095e-02
1.519911e+03 9.933270e-02
1.873817e+03 1.026545e-01
2.310130e+03 1.063390e-01
2.848036e+03 1.105628e-01
3.511192e+03 1.155368e-01
4.328761e+03 1.215025e-01
5.336699e+03 1.287206e-01
6.579332e+03 1.374435e-01
8.111308e+03 1.478551e-01
1.000000e+04 1.599513e-01
1.232847e+04 1.733247e-01
1.519911e+04 1.868182e-01
1.873817e+04 1.980769e-01
2.310130e+04 2.032228e-01
2.848036e+04 1.972522e-01
3.511192e+04 1.760195e-01
4.328761e+04 1.398209e-01
5.336699e+04 9.590038e-02
6.579332e+04 5.563821e-02
8.111308e+04 2.721927e-02
1.000000e+05 1.141651e-02
1.232847e+05 4.235060e-03
1.519911e+05 1.440423e-03
1.873817e+05 4.638319e-04
2.310130e+05 1.447952e-04
2.848036e+05 4.448321e-05
3.511192e+05 1.356254e-05
4.328761e+05 4.121286e-06
5.336699e+05 1.250613e-06
6.579332e+05 3.792951e-07
8.111308e+05 1.150120e-07
1.000000e+06 3.487200e-08
1.232847e+06 1.057303e-08
1.519911e+06 3.205666e-09
1.873817e+06 9.719320e-10
2.310130e+06 2.946816e-10
2.848036e+06 8.934496e-11
3.511192e+06 2.708863e-11
4.328761e+06 8.213042e-12
5.336699e+06 2.490124e-12
6.579332e+06 7.549844e-13
8.111308e+06 2.289048e-13
1.000000e+07 6.940199e-14
