1.000000e-02 7.040348e-03
1.232847e-02 7.417864e-03
1.519911e-02 7.815623e-03
1.873817e-02 8.234710e-03
2.310130e-02 8.676270e-03
2.848036e-02 9.141507e-03
3.511192e-02 9.631691e-03
4.328761e-02 1.014816e-02
5.336699e-02 1.069232e-02
6.579332e-02 1.126566e-02
8.111308e-02 1.186975e-02
1.000000e-01 1.250623e-02
1.232847e-01 1.317683e-02
1.519911e-01 1.388340e-02
1.873817e-01 1.462785e-02
2.310130e-01 1.541222e-02
2.848036e-01 1.623865e-02
3.511192e-01 1.710940e-02
4.328761e-01 1.802683e-02
5.336699e-01 1.899346e-02
6.579332e-01 2.001191e-02
8.111308e-01 2.108495e-02
1.000000e+00 2.221550e-02
1.232847e+00 2.340661e-02
1.519911e+00 2.466149e-02
1.873817e+00 2.598348e-02
2.310130e+00 2.737608e-02
2.848036e+00 2.884294e-02
3.511192e+00 3.038785e-02
4.328761e+00 3.201472e-02
5.336699e+00 3.372762e-02
6.579332e+00 3.553072e-02
8.111308e+00 3.742833e-02
1.000000e+01 3.942484e-02
1.232847e+01 4.152473e-02
1.519911e+01 4.373256e-02
1.873817e+01 4.605294e-02
2.310130e+01 4.849047e-02
2.848036e+01 5.104975e-02
3.511192e+01 5.373531e-02
4.328761e+01 5.655153e-02
5.336699e+01 5.950259e-02
6.579332e+01 6.259233e-02
8.111308e+01 6.582416e-02
1.000000e+02 6.920083e-02
1.232847e+02 7.272429e-02
1.519911e+02 7.639538e-02
1.873817e+02 8.021355e-02
2.310130e+02 8.417644e-02
2.848036e+02 8.827946e-02
3.511192e+02 9.251516e-02
4.328761e+02 9.687262e-02
5.336699e+02 1.013366e-01
6.579332e+02 1.058865e-01
8.111308e+02 1.104953e-01
1.000000e+03 1.151277e-01
1.232847e+03 1.197386e-01
1.519911e+03 1.242703e-01
1.873817e+03 1.286496e-01
2.310130e+03 1.327836e-01
2.848036e+03 1.365552e-01
3.511192e+03 1.398169e-01
4.328761e+03 1.423856e-01
5.336699e+03 1.440369e-01
6.579332e+03 1.445038e-01
8.111308e+03 1.434803e-01
1.000000e+04 1.406378e-01
1.232847e+04 1.356563e-01
1.519911e+04 1.282781e-01
1.873817e+04 1.183818e-01
2.310130e+04 1.060695e-01
2.848036e+04 9.174233e-02
3.511192e+04 7.612754e-02
4.328761e+04 6.022076e-02
5.336699e+04 4.512863e-02
6.579332e+04 3.184634e-02
8.111308e+04 2.104690e-02
1.000000e+05 1.296556e-02
1.232847e+05 7.419587e-03
1.519911e+05 3.939476e-03
1.873817e+05 1.945312e-03
2.310130e+05 8.995075e-04
2.848036e+05 3.937836e-04
3.511192e+05 1.653803e-04
4.328761e+05 6.749335e-05
5.336699e+05 2.704992e-05
6.579332e+05 1.072677e-05
8.111308e+05 4.229213e-06
1.000000e+06 1.662475e-06
1.232847e+06 6.525523e-07
1.519911e+06 2.559624e-07
1.873817e+06 1.003692e-07
2.310130e+06 3.935183e-08
2.848036e+06 1.542778e-08
3.511192e+06 6.048268e-09
4.328761e+06 2.371124e-09
5.336699e+06 9.295567e-10
6.579332e+06 3.644156e-10
8.111308e+06 1.428623e-10
1.000000e+07 5.600652e-11
