1.000000e-02 1.689115e-02
1.232847e-02 1.755268e-02
1.519911e-02 1.824012e-02
1.873817e-02 1.895448e-02
2.310130e-02 1.969682e-02
2.848036e-02 2.046824e-02
3.511192e-02 2.126986e-02
4.328761e-02 2.210288e-02
5.336699e-02 2.296853e-02
6.579332e-02 2.386808e-02
8.111308e-02 2.480286e-02
1.000000e-01 2.577424e-02
1.232847e-01 2.678368e-02
1.519911e-01 2.783264e-02
1.873817e-01 2.892269e-02
2.310130e-01 3.005543e-02
2.848036e-01 3.123253e-02
3.511192e-01 3.245572e-02
4.328761e-01 3.372682e-02
5.336699e-01 3.504766e-02
6.579332e-01 3.642017e-02
8.111308e-01 3.784630e-02
1.000000e+00 3.932803e-02
1.232847e+00 4.086734e-02
1.519911e+00 4.246619e-02
1.873817e+00 4.412646e-02
2.310130e+00 4.584998e-02
2.848036e+00 4.763843e-02
3.511192e+00 4.949334e-02
4.328761e+00 5.141608e-02
5.336699e+00 5.340784e-02
6.579332e+00 5.546964e-02
8.111308e+00 5.760233e-02
1.000000e+01 5.980661e-02
1.232847e+01 6.208311e-02
1.519911e+01 6.443236e-02
1.873817e+01 6.685486e-02
2.310130e+01 6.935110e-02
2.848036e+01 7.192148e-02
3.511192e+01 7.456633e-02
4.328761e+01 7.728566e-02
5.336699e+01 8.007898e-02
6.579332e+01 8.294494e-02
8.111308e+01 8.588075e-02
1.000000e+02 8.888157e-02
1.232847e+02 9.193958e-02
1.519911e+02 9.504295e-02
1.873817e+02 9.817451e-02
2.310130e+02 1.013103e-01
2.848036e+02 1.044181e-01
3.511192e+02 1.074554e-01
4.328761e+02 1.103683e-01
5.336699e+02 1.130897e-01
6.579332e+02 1.155386e-01
8.111308e+02 1.176199e-01
1.000000e+03 1.192253e-01
1.232847e+03 1.202352e-01
1.519911e+03 1.205232e-01
1.873817e+03 1.199616e-01
2.310130e+03 1.184289e-01
2.848036e+03 1.158202e-01
3.511192e+03 1.120572e-01
4.328761e+03 1.071005e-01
5.336699e+03 1.009602e-01
6.579332e+03 9.370590e-02
8.111308e+03 8.547334e-02
1.000000e+04 7.646570e-02
1.232847e+04 6.694839e-02
1.519911e+04 5.723503e-02
1.873817e+04 4.766458e-02
2.310130e+04 3.857127e-02
2.848036e+04 3.025143e-02
3.511192e+04 2.293307e-02
4.328761e+04 1.675490e-02
5.336699e+04 1.175930e-02
6.579332e+04 7.900015e-03
8.111308e+04 5.061067e-03
1.000000e+05 3.081100e-03
1.232847e+05 1.778331e-03
1.519911e+05 9.731314e-04
1.873817e+05 5.065254e-04
2.310130e+05 2.524286e-04
2.848036e+05 1.214967e-04
3.511192e+05 5.699878e-05
4.328761e+05 2.627771e-05
5.336699e+05 1.198092e-05
6.579332e+05 5.426318e-06
8.111308e+05 2.448367e-06
1.000000e+06 1.102429e-06
1.232847e+06 4.958522e-07
1.519911e+06 2.229014e-07
1.873817e+06 1.001735e-07
2.310130e+06 4.501269e-08
2.848036e+06 2.022503e-08
3.511192e+06 9.087211e-09
4.328761e+06 4.082877e-09
5.336699e+06 1.834423e-09
6.579332e+06 8.241988e-10
8.111308e+06 3.703088e-10
1.000000e+07 1.663781e-10
