1.000000e-02 6.286255e-03
1.232847e-02 6.650921e-03
1.519911e-02 7.036742e-03
1.873817e-02 7.444944e-03
2.310130e-02 7.876826e-03
2.848036e-02 8.333761e-03
3.511192e-02 8.817204e-03
4.328761e-02 9.328691e-03
5.336699e-02 9.869850e-03
6.579332e-02 1.044240e-02
8.111308e-02 1.104817e-02
1.000000e-01 1.168907e-02
1.232847e-01 1.236716e-02
1.519911e-01 1.308458e-02
1.873817e-01 1.384361e-02
2.310130e-01 1.464668e-02
2.848036e-01 1.549634e-02
3.511192e-01 1.639528e-02
4.328761e-01 1.734638e-02
5.336699e-01 1.835264e-02
6.579332e-01 1.941728e-02
8.111308e-01 2.054369e-02
1.000000e+00 2.173544e-02
1.232847e+00 2.299634e-02
1.519911e+00 2.433040e-02
1.873817e+00 2.574186e-02
2.310130e+00 2.723523e-02
2.848036e+00 2.881526e-02
3.511192e+00 3.048695e-02
4.328761e+00 3.225559e-02
5.336699e+00 3.412671e-02
6.579332e+00 3.610611e-02
8.111308e+00 3.819979e-02
1.000000e+01 4.041393e-02
1.232847e+01 4.275482e-02
1.519911e+01 4.522873e-02
1.873817e+01 4.784180e-02
2.310130e+01 5.059981e-02
2.848036e+01 5.350796e-02
3.511192e+01 5.657052e-02
4.328761e+01 5.979041e-02
5.336699e+01 6.316878e-02
6.579332e+01 6.670435e-02
8.111308e+01 7.039279e-02
1.000000e+02 7.422598e-02
1.232847e+02 7.819122e-02
1.519911e+02 8.227042e-02
1.873817e+02 8.643941e-02
2.310130e+02 9.066727e-02
2.848036e+02 9.491599e-02
3.511192e+02 9.914042e-02
4.328761e+02 1.032886e-01
5.336699e+02 1.073029e-01
6.579332e+02 1.111210e-01
8.111308e+02 1.146788e-01
1.000000e+03 1.179120e-01
1.232847e+03 1.207595e-01
1.519911e+03 1.231656e-01
1.873817e+03 1.250823e-01
2.310130e+03 1.264699e-01
2.848036e+03 1.272969e-01
3.511192e+03 1.275370e-01
4.328761e+03 1.271655e-01
5.336699e+03 1.261523e-01
6.579332e+03 1.244553e-01
8.111308e+03 1.220120e-01
1.000000e+04 1.187345e-01
1.232847e+04 1.145087e-01
1.519911e+04 1.092025e-01
1.873817e+04 1.026874e-01
2.310130e+04 9.487608e-02
2.848036e+04 8.577400e-02
3.511192e+04 7.553458e-02
4.328761e+04 6.449646e-02
5.336699e+04 5.317625e-02
6.579332e+04 4.219885e-02
8.111308e+04 3.217525e-02
1.000000e+05 2.357051e-02
1.232847e+05 1.661720e-02
1.519911e+05 1.130721e-02
1.873817e+05 7.452210e-03
2.310130e+05 4.773247e-03
2.848036e+05 2.979363e-03
3.511192e+05 1.815733e-03
4.328761e+05 1.081977e-03
5.336699e+05 6.313220e-04
6.579332e+05 3.614057e-04
8.111308e+05 2.035067e-04
1.000000e+06 1.130661e-04
1.232847e+06 6.217603e-05
1.519911e+06 3.393861e-05
1.873817e+06 1.843184e-05
2.310130e+06 9.977482e-06
2.848036e+06 5.390116e-06
3.511192e+06 2.908471e-06
4.328761e+06 1.568381e-06
5.336699e+06 8.454686e-07
6.579332e+06 4.557019e-07
8.111308e+06 2.456079e-07
1.000000e+07 1.323732e-07
