1.000000e-02 1.081100e-02
1.232847e-02 1.139235e-02
1.519911e-02 1.200497e-02
1.873817e-02 1.265053e-02
2.310130e-02 1.333081e-02
2.848036e-02 1.404766e-02
3.511192e-02 1.480307e-02
4.328761e-02 1.559909e-02
5.336699e-02 1.643793e-02
6.579332e-02 1.732187e-02
8.111308e-02 1.825334e-02
1.000000e-01 1.923491e-02
1.232847e-01 2.026925e-02
1.519911e-01 2.135922e-02
1.873817e-01 2.250780e-02
2.310130e-01 2.371815e-02
2.848036e-01 2.499358e-02
3.511192e-01 2.633760e-02
4.328761e-01 2.775389e-02
5.336699e-01 2.924636e-02
6.579332e-01 3.081911e-02
8.111308e-01 3.247649e-02
1.000000e+00 3.422311e-02
1.232847e+00 3.606384e-02
1.519911e+00 3.800389e-02
1.873817e+00 4.004882e-02
2.310130e+00 4.220453e-02
2.848036e+00 4.447737e-02
3.511192e+00 4.687412e-02
4.328761e+00 4.940199e-02
5.336699e+00 5.206864e-02
6.579332e+00 5.488212e-02
8.111308e+00 5.785076e-02
1.000000e+01 6.098302e-02
1.232847e+01 6.428722e-02
1.519911e+01 6.777117e-02
1.873817e+01 7.144165e-02
2.310130e+01 7.530366e-02
2.848036e+01 7.935956e-02
3.511192e+01 8.360783e-02
4.328761e+01 8.804166e-02
5.336699e+01 9.264716e-02
6.579332e+01 9.740136e-02
8.111308e+01 1.022700e-01
1.000000e+02 1.072049e-01
1.232847e+02 1.121420e-01
1.519911e+02 1.169990e-01
1.873817e+02 1.216739e-01
2.310130e+02 1.260448e-01
2.848036e+02 1.299709e-01
3.511192e+02 1.332958e-01
4.328761e+02 1.358528e-01
5.336699e+02 1.374736e-01
6.579332e+02 1.379978e-01
8.111308e+02 1.372858e-01
1.000000e+03 1.352306e-01
1.232847e+03 1.317703e-01
1.519911e+03 1.268964e-01
1.873817e+03 1.206600e-01
2.310130e+03 1.131730e-01
2.848036e+03 1.046046e-01
3.511192e+03 9.517562e-02
4.328761e+03 8.514778e-02
5.336699e+03 7.481181e-02
6.579332e+03 6.447203e-02
8.111308e+03 5.442843e-02
1.000000e+04 4.495677e-02
1.232847e+04 3.628856e-02
1.519911e+04 2.859429e-02
1.873817e+04 2.197294e-02
2.310130e+04 1.645032e-02
2.848036e+04 1.198640e-02
3.511192e+04 8.489849e-03
4.328761e+04 5.836325e-03
5.336699e+04 3.886675e-03
6.579332e+04 2.501911e-03
8.111308e+04 1.553504e-03
1.000000e+05 9.291653e-04
1.232847e+05 5.353405e-04
1.519911e+05 2.977201e-04
1.873817e+05 1.604716e-04
2.310130e+05 8.429526e-05
2.848036e+05 4.341491e-05
3.511192e+05 2.204636e-05
4.328761e+05 1.108909e-05
5.336699e+05 5.543791e-06
6.579332e+05 2.761200e-06
8.111308e+05 1.372254e-06
1.000000e+06 6.811249e-07
1.232847e+06 3.378444e-07
1.519911e+06 1.675107e-07
1.873817e+06 8.303881e-08
2.310130e+06 4.115990e-08
2.848036e+06 2.040067e-08
3.511192e+06 1.011121e-08
4.328761e+06 5.011366e-09
5.336699e+06 2.483743e-09
6.579332e+06 1.230995e-09
8.111308e+06 6.101066e-10
1.000000e+07 3.023814e-10
