1.000000e-02 8.970924e-02
1.232847e-02 9.083077e-02
1.519911e-02 9.196632e-02
1.873817e-02 9.311607e-02
2.310130e-02 9.428020e-02
2.848036e-02 9.545888e-02
3.511192e-02 9.665229e-02
4.328761e-02 9.786062e-02
5.336699e-02 9.908406e-02
6.579332e-02 1.003228e-01
8.111308e-02 1.015770e-01
1.000000e-01 1.028469e-01
1.232847e-01 1.041327e-01
1.519911e-01 1.054346e-01
1.873817e-01 1.067527e-01
2.310130e-01 1.080872e-01
2.848036e-01 1.094383e-01
3.511192e-01 1.108056e-01
4.328761e-01 1.121881e-01
5.336699e-01 1.135833e-01
6.579332e-01 1.149858e-01
8.111308e-01 1.163855e-01
1.000000e+00 1.177653e-01
1.232847e+00 1.190982e-01
1.519911e+00 1.203444e-01
1.873817e+00 1.214487e-01
2.310130e+00 1.223381e-01
2.848036e+00 1.229217e-01
3.511192e+00 1.230917e-01
4.328761e+00 1.227275e-01
5.336699e+00 1.217031e-01
6.579332e+00 1.198977e-01
8.111308e+00 1.172087e-01
1.000000e+01 1.135664e-01
1.232847e+01 1.089481e-01
1.519911e+01 1.033883e-01
1.873817e+01 9.698368e-02
2.310130e+01 8.988975e-02
2.848036e+01 8.230932e-02
3.511192e+01 7.447441e-02
4.328761e+01 6.662415e-02
5.336699e+01 5.898273e-02
6.579332e+01 5.174104e-02
8.111308e+01 4.504453e-02
1.000000e+02 3.898840e-02
1.232847e+02 3.361944e-02
1.519911e+02 2.894279e-02
1.873817e+02 2.493145e-02
2.310130e+02 2.153652e-02
2.848036e+02 1.869661e-02
3.511192e+02 1.634547e-02
4.328761e+02 1.441770e-02
5.336699e+02 1.285239e-02
6.579332e+02 1.159526e-02
8.111308e+02 1.059945e-02
1.000000e+03 9.825585e-03
1.232847e+03 9.241220e-03
1.519911e+03 8.820012e-03
1.873817e+03 8.540679e-03
2.310130e+03 8.385837e-03
2.848036e+03 8.340700e-03
3.511192e+03 8.391603e-03
4.328761e+03 8.524272e-03
5.336699e+03 8.721770e-03
6.579332e+03 8.962124e-03
8.111308e+03 9.215722e-03
1.000000e+04 9.442880e-03
1.232847e+04 9.592341e-03
1.519911e+04 9.602008e-03
1.873817e+04 9.403766e-03
2.310130e+04 8.934377e-03
2.848036e+04 8.153417e-03
3.511192e+04 7.066043e-03
4.328761e+04 5.742438e-03
5.336699e+04 4.319695e-03
6.579332e+04 2.972708e-03
8.111308e+04 1.856822e-03
1.000000e+05 1.051518e-03
1.232847e+05 5.438588e-04
1.519911e+05 2.607410e-04
1.873817e+05 1.180466e-04
2.310130e+05 5.138573e-05
2.848036e+05 2.182259e-05
3.511192e+05 9.134955e-06
4.328761e+05 3.793752e-06
5.336699e+05 1.569062e-06
6.579332e+05 6.476144e-07
8.111308e+05 2.670311e-07
1.000000e+06 1.100538e-07
1.232847e+06 4.534781e-08
1.519911e+06 1.868383e-08
1.873817e+06 7.697637e-09
2.310130e+06 3.171327e-09
2.848036e+06 1.306535e-09
3.511192e+06 5.382697e-10
4.328761e+06 2.217574e-10
5.336699e+06 9.136001e-11
6.579332e+06 3.763865e-11
8.111308e+06 1.550643e-11
1.000000e+07 6.388365e-12
