1.000000e-02 9.877736e-03
1.232847e-02 1.042955e-02
1.519911e-02 1.101219e-02
1.873817e-02 1.162738e-02
2.310130e-02 1.227694e-02
2.848036e-02 1.296278e-02
3.511192e-02 1.368694e-02
4.328761e-02 1.445155e-02
5.336699e-02 1.525888e-02
6.579332e-02 1.611130e-02
8.111308e-02 1.701135e-02
1.000000e-01 1.796168e-02
1.232847e-01 1.896510e-02
1.519911e-01 2.002457e-02
1.873817e-01 2.114323e-02
2.310130e-01 2.232438e-02
2.848036e-01 2.357152e-02
3.511192e-01 2.488833e-02
4.328761e-01 2.627870e-02
5.336699e-01 2.774674e-02
6.579332e-01 2.929680e-02
8.111308e-01 3.093345e-02
1.000000e+00 3.266152e-02
1.232847e+00 3.448611e-02
1.519911e+00 3.641258e-02
1.873817e+00 3.844656e-02
2.310130e+00 4.059393e-02
2.848036e+00 4.286084e-02
3.511192e+00 4.525358e-02
4.328761e+00 4.777861e-02
5.336699e+00 5.044239e-02
6.579332e+00 5.325124e-02
8.111308e+00 5.621116e-02
1.000000e+01 5.932749e-02
1.232847e+01 6.260458e-02
1.519911e+01 6.604529e-02
1.873817e+01 6.965039e-02
2.310130e+01 7.341780e-02
2.848036e+01 7.734174e-02
3.511192e+01 8.141168e-02
4.328761e+01 8.561116e-02
5.336699e+01 8.991658e-02
6.579332e+01 9.429586e-02
8.111308e+01 9.870716e-02
1.000000e+02 1.030978e-01
1.232847e+02 1.074036e-01
1.519911e+02 1.115481e-01
1.873817e+02 1.154439e-01
2.310130e+02 1.189931e-01
2.848036e+02 1.220903e-01
3.511192e+02 1.246263e-01
4.328761e+02 1.264928e-01
5.336699e+02 1.275885e-01
6.579332e+02 1.278255e-01
8.111308e+02 1.271357e-01
1.000000e+03 1.254769e-01
1.232847e+03 1.228373e-01
1.519911e+03 1.192375e-01
1.873817e+03 1.147308e-01
2.310130e+03 1.094002e-01
2.848036e+03 1.033539e-01
3.511192e+03 9.671864e-02
4.328761e+03 8.963279e-02
5.336699e+03 8.223922e-02
6.579332e+03 7.467890e-02
8.111308e+03 6.708583e-02
1.000000e+04 5.958338e-02
1.232847e+04 5.228230e-02
1.519911e+04 4.528016e-02
1.873817e+04 3.866164e-02
2.310130e+04 3.249918e-02
2.848036e+04 2.685301e-02
3.511192e+04 2.177020e-02
4.328761e+04 1.728268e-02
5.336699e+04 1.340503e-02
6.579332e+04 1.013285e-02
8.111308e+04 7.442719e-03
1.000000e+05 5.294045e-03
1.232847e+05 3.632461e-03
1.519911e+05 2.394009e-03
1.873817e+05 1.509295e-03
2.310130e+05 9.073686e-04
2.848036e+05 5.196206e-04
3.511192e+05 2.839885e-04
4.328761e+05 1.488699e-04
5.336699e+05 7.540435e-05
6.579332e+05 3.720865e-05
8.111308e+05 1.802565e-05
1.000000e+06 8.627065e-06
1.232847e+06 4.097851e-06
1.519911e+06 1.937814e-06
1.873817e+06 9.140576e-07
2.310130e+06 4.305665e-07
2.848036e+06 2.026730e-07
3.511192e+06 9.536629e-08
4.328761e+06 4.486617e-08
5.336699e+06 2.110617e-08
6.579332e+06 9.928568e-09
8.111308e+06 4.670459e-09
1.000000e+07 2.197009e-09
