1.000000e-02 8.702131e-03
1.232847e-02 9.178274e-03
1.519911e-02 9.680469e-03
1.873817e-02 1.021014e-02
2.310130e-02 1.076880e-02
2.848036e-02 1.135802e-02
3.511192e-02 1.197948e-02
4.328761e-02 1.263494e-02
5.336699e-02 1.332627e-02
6.579332e-02 1.405543e-02
8.111308e-02 1.482448e-02
1.000000e-01 1.563561e-02
1.232847e-01 1.649113e-02
1.519911e-01 1.739345e-02
1.873817e-01 1.834514e-02
2.310130e-01 1.934891e-02
2.848036e-01 2.040760e-02
3.511192e-01 2.152421e-02
4.328761e-01 2.270193e-02
5.336699e-01 2.394409e-02
6.579332e-01 2.525422e-02
8.111308e-01 2.663607e-02
1.000000e+00 2.809358e-02
1.232847e+00 2.963093e-02
1.519911e+00 3.125256e-02
1.873817e+00 3.296318e-02
2.310130e+00 3.476782e-02
2.848036e+00 3.667182e-02
3.511192e+00 3.868088e-02
4.328761e+00 4.080108e-02
5.336699e+00 4.303889e-02
6.579332e+00 4.540117e-02
8.111308e+00 4.789517e-02
1.000000e+01 5.052846e-02
1.232847e+01 5.330885e-02
1.519911e+01 5.624429e-02
1.873817e+01 5.934260e-02
2.310130e+01 6.261125e-02
2.848036e+01 6.605689e-02
3.511192e+01 6.968490e-02
4.328761e+01 7.349862e-02
5.336699e+01 7.749855e-02
6.579332e+01 8.168124e-02
8.111308e+01 8.603806e-02
1.000000e+02 9.055370e-02
1.232847e+02 9.520451e-02
1.519911e+02 9.995676e-02
1.873817e+02 1.047648e-01
2.310130e+02 1.095693e-01
2.848036e+02 1.142961e-01
3.511192e+02 1.188552e-01
4.328761e+02 1.231410e-01
5.336699e+02 1.270332e-01
6.579332e+02 1.303999e-01
8.111308e+02 1.331014e-01
1.000000e+03 1.349961e-01
1.232847e+03 1.359479e-01
1.519911e+03 1.358343e-01
1.873817e+03 1.345551e-01
2.310130e+03 1.320401e-01
2.848036e+03 1.282563e-01
3.511192e+03 1.232124e-01
4.328761e+03 1.169612e-01
5.336699e+03 1.096006e-01
6.579332e+03 1.012721e-01
8.111308e+03 9.215935e-02
1.000000e+04 8.248394e-02
1.232847e+04 7.249978e-02
1.519911e+04 6.248337e-02
1.873817e+04 5.271906e-02
2.310130e+04 4.347962e-02
2.848036e+04 3.500383e-02
3.511192e+04 2.747531e-02
4.328761e+04 2.100694e-02
5.336699e+04 1.563473e-02
6.579332e+04 1.132257e-02
8.111308e+04 7.976591e-03
1.000000e+05 5.465325e-03
1.232847e+05 3.640910e-03
1.519911e+05 2.357189e-03
1.873817e+05 1.482202e-03
2.310130e+05 9.047399e-04
2.848036e+05 5.360691e-04
3.511192e+05 3.085872e-04
4.328761e+05 1.729486e-04
5.336699e+05 9.468872e-05
6.579332e+05 5.085674e-05
8.111308e+05 2.691507e-05
1.000000e+06 1.409343e-05
1.232847e+06 7.326223e-06
1.519911e+06 3.790494e-06
1.873817e+06 1.955433e-06
2.310130e+06 1.007018e-06
2.848036e+06 5.180862e-07
3.511192e+06 2.663994e-07
4.328761e+06 1.369442e-07
5.336699e+06 7.038762e-08
6.579332e+06 3.617632e-08
8.111308e+06 1.859278e-08
1.000000e+07 9.555711e-09
