1.000000e-02 7.132008e-03
1.232847e-02 7.526661e-03
1.519911e-02 7.943152e-03
1.873817e-02 8.382689e-03
2.310130e-02 8.846549e-03
2.848036e-02 9.336077e-03
3.511192e-02 9.852693e-03
4.328761e-02 1.039790e-02
5.336699e-02 1.097327e-02
6.579332e-02 1.158048e-02
8.111308e-02 1.222129e-02
1.000000e-01 1.289756e-02
1.232847e-01 1.361125e-02
1.519911e-01 1.436444e-02
1.873817e-01 1.515930e-02
2.310130e-01 1.599814e-02
2.848036e-01 1.688341e-02
3.511192e-01 1.781766e-02
4.328761e-01 1.880361e-02
5.336699e-01 1.984412e-02
6.579332e-01 2.094221e-02
8.111308e-01 2.210106e-02
1.000000e+00 2.332406e-02
1.232847e+00 2.461476e-02
1.519911e+00 2.597693e-02
1.873817e+00 2.741455e-02
2.310130e+00 2.893184e-02
2.848036e+00 3.053327e-02
3.511192e+00 3.222358e-02
4.328761e+00 3.400780e-02
5.336699e+00 3.589124e-02
6.579332e+00 3.787954e-02
8.111308e+00 3.997864e-02
1.000000e+01 4.219482e-02
1.232847e+01 4.453460e-02
1.519911e+01 4.700480e-02
1.873817e+01 4.961239e-02
2.310130e+01 5.236443e-02
2.848036e+01 5.526790e-02
3.511192e+01 5.832950e-02
4.328761e+01 6.155535e-02
5.336699e+01 6.495064e-02
6.579332e+01 6.851914e-02
8.111308e+01 7.226264e-02
1.000000e+02 7.618017e-02
1.232847e+02 8.026721e-02
1.519911e+02 8.451467e-02
1.873817e+02 8.890774e-02
2.310130e+02 9.342466e-02
2.848036e+02 9.803543e-02
3.511192e+02 1.027005e-01
4.328761e+02 1.073695e-01
5.336699e+02 1.119803e-01
6.579332e+02 1.164582e-01
8.111308e+02 1.207160e-01
1.000000e+03 1.246541e-01
1.232847e+03 1.281620e-01
1.519911e+03 1.311203e-01
1.873817e+03 1.334039e-01
2.310130e+03 1.348854e-01
2.848036e+03 1.354406e-01
3.511192e+03 1.349533e-01
4.328761e+03 1.333220e-01
5.336699e+03 1.304670e-01
6.579332e+03 1.263382e-01
8.111308e+03 1.209239e-01
1.000000e+04 1.142591e-01
1.232847e+04 1.064339e-01
1.519911e+04 9.759865e-02
1.873817e+04 8.796599e-02
2.310130e+04 7.780582e-02
2.848036e+04 6.743245e-02
3.511192e+04 5.718280e-02
4.328761e+04 4.738698e-02
5.336699e+04 3.833587e-02
6.579332e+04 3.025233e-02
8.111308e+04 2.327276e-02
1.000000e+05 1.744302e-02
1.232847e+05 1.272860e-02
1.519911e+05 9.034569e-03
1.873817e+05 6.229207e-03
2.310130e+05 4.165539e-03
2.848036e+05 2.697453e-03
3.511192e+05 1.689880e-03
4.328761e+05 1.024381e-03
5.336699e+05 6.019465e-04
6.579332e+05 3.440687e-04
8.111308e+05 1.921938e-04
1.000000e+06 1.054508e-04
1.232847e+06 5.710381e-05
1.519911e+06 3.064404e-05
1.873817e+06 1.634736e-05
2.310130e+06 8.688373e-06
2.848036e+06 4.607540e-06
3.511192e+06 2.440368e-06
4.328761e+06 1.291667e-06
5.336699e+06 6.834423e-07
6.579332e+06 3.615687e-07
8.111308e+06 1.912751e-07
1.000000e+07 1.011864e-07
