1.000000e-02 6.573135e-03
1.232847e-02 6.931155e-03
1.519911e-02 7.308676e-03
1.873817e-02 7.706760e-03
2.310130e-02 8.126526e-03
2.848036e-02 8.569156e-03
3.511192e-02 9.035894e-03
4.328761e-02 9.528054e-03
5.336699e-02 1.004702e-02
6.579332e-02 1.059426e-02
8.111308e-02 1.117130e-02
1.000000e-01 1.177976e-02
1.232847e-01 1.242138e-02
1.519911e-01 1.309793e-02
1.873817e-01 1.381134e-02
2.310130e-01 1.456361e-02
2.848036e-01 1.535685e-02
3.511192e-01 1.619329e-02
4.328761e-01 1.707530e-02
5.336699e-01 1.800535e-02
6.579332e-01 1.898605e-02
8.111308e-01 2.002018e-02
1.000000e+00 2.111065e-02
1.232847e+00 2.226054e-02
1.519911e+00 2.347312e-02
1.873817e+00 2.475182e-02
2.310130e+00 2.610031e-02
2.848036e+00 2.752249e-02
3.511192e+00 2.902248e-02
4.328761e+00 3.060471e-02
5.336699e+00 3.227391e-02
6.579332e+00 3.403513e-02
8.111308e+00 3.589382e-02
1.000000e+01 3.785581e-02
1.232847e+01 3.992738e-02
1.519911e+01 4.211529e-02
1.873817e+01 4.442673e-02
2.310130e+01 4.686943e-02
2.848036e+01 4.945153e-02
3.511192e+01 5.218160e-02
4.328761e+01 5.506851e-02
5.336699e+01 5.812130e-02
6.579332e+01 6.134893e-02
8.111308e+01 6.476001e-02
1.000000e+02 6.836233e-02
1.232847e+02 7.216237e-02
1.519911e+02 7.616454e-02
1.873817e+02 8.037036e-02
2.310130e+02 8.477739e-02
2.848036e+02 8.937796e-02
3.511192e+02 9.415773e-02
4.328761e+02 9.909406e-02
5.336699e+02 1.041542e-01
6.579332e+02 1.092935e-01
8.111308e+02 1.144534e-01
1.000000e+03 1.195599e-01
1.232847e+03 1.245220e-01
1.519911e+03 1.292308e-01
1.873817e+03 1.335590e-01
2.310130e+03 1.373614e-01
2.848036e+03 1.404766e-01
3.511192e+03 1.427296e-01
4.328761e+03 1.439363e-01
5.336699e+03 1.439095e-01
6.579332e+03 1.424674e-01
8.111308e+03 1.394459e-01
1.000000e+04 1.347147e-01
1.232847e+04 1.281986e-01
1.519911e+04 1.199034e-01
1.873817e+04 1.099427e-01
2.310130e+04 9.856035e-02
2.848036e+04 8.613766e-02
3.511192e+04 7.317694e-02
4.328761e+04 6.025645e-02
5.336699e+04 4.796126e-02
6.579332e+04 3.680480e-02
8.111308e+04 2.716134e-02
1.000000e+05 1.922754e-02
1.232847e+05 1.302099e-02
1.519911e+05 8.410820e-03
1.873817e+05 5.166739e-03
2.310130e+05 3.011068e-03
2.848036e+05 1.663247e-03
3.511192e+05 8.723312e-04
4.328761e+05 4.365785e-04
5.336699e+05 2.101259e-04
6.579332e+05 9.815230e-05
8.111308e+05 4.489014e-05
1.000000e+06 2.024883e-05
1.232847e+06 9.056800e-06
1.519911e+06 4.031122e-06
1.873817e+06 1.789409e-06
2.310130e+06 7.931928e-07
2.848036e+06 3.513481e-07
3.511192e+06 1.555771e-07
4.328761e+06 6.887862e-08
5.336699e+06 3.049251e-08
6.579332e+06 1.349865e-08
8.111308e+06 5.975631e-09
1.000000e+07 2.645311e-09
