1.000000e-02 1.123100e-02
1.232847e-02 1.183672e-02
1.519911e-02 1.247512e-02
1.873817e-02 1.314794e-02
2.310130e-02 1.385704e-02
2.848036e-02 1.460440e-02
3.511192e-02 1.539206e-02
4.328761e-02 1.622220e-02
5.336699e-02 1.709711e-02
6.579332e-02 1.801921e-02
8.111308e-02 1.899104e-02
1.000000e-01 2.001529e-02
1.232847e-01 2.109477e-02
1.519911e-01 2.223248e-02
1.873817e-01 2.343154e-02
2.310130e-01 2.469528e-02
2.848036e-01 2.602717e-02
3.511192e-01 2.743089e-02
4.328761e-01 2.891032e-02
5.336699e-01 3.046952e-02
6.579332e-01 3.211280e-02
8.111308e-01 3.384464e-02
1.000000e+00 3.566977e-02
1.232847e+00 3.759309e-02
1.519911e+00 3.961972e-02
1.873817e+00 4.175490e-02
2.310130e+00 4.400398e-02
2.848036e+00 4.637233e-02
3.511192e+00 4.886521e-02
4.328761e+00 5.148768e-02
5.336699e+00 5.424436e-02
6.579332e+00 5.713920e-02
8.111308e+00 6.017519e-02
1.000000e+01 6.335398e-02
1.232847e+01 6.667542e-02
1.519911e+01 7.013700e-02
1.873817e+01 7.373324e-02
2.310130e+01 7.745499e-02
2.848036e+01 8.128857e-02
3.511192e+01 8.521497e-02
4.328761e+01 8.920896e-02
5.336699e+01 9.323821e-02
6.579332e+01 9.726258e-02
8.111308e+01 1.012335e-01
1.000000e+02 1.050938e-01
1.232847e+02 1.087778e-01
1.519911e+02 1.122117e-01
1.873817e+02 1.153155e-01
2.310130e+02 1.180044e-01
2.848036e+02 1.201920e-01
3.511192e+02 1.217935e-01
4.328761e+02 1.227299e-01
5.336699e+02 1.229322e-01
6.579332e+02 1.223457e-01
8.111308e+02 1.209341e-01
1.000000e+03 1.186824e-01
1.232847e+03 1.155989e-01
1.519911e+03 1.117157e-01
1.873817e+03 1.070877e-01
2.310130e+03 1.017908e-01
2.848036e+03 9.591825e-02
3.511192e+03 8.957665e-02
4.328761e+03 8.288140e-02
5.336699e+03 7.595204e-02
6.579332e+03 6.890800e-02
8.111308e+03 6.186488e-02
1.000000e+04 5.493149e-02
1.232847e+04 4.820768e-02
1.519911e+04 4.178280e-02
1.873817e+04 3.573455e-02
2.310130e+04 3.012801e-02
2.848036e+04 2.501462e-02
3.511192e+04 2.043089e-02
4.328761e+04 1.639710e-02
5.336699e+04 1.291631e-02
6.579332e+04 9.974318e-03
8.111308e+04 7.541008e-03
1.000000e+05 5.573268e-03
1.232847e+05 4.018978e-03
1.519911e+05 2.821425e-03
1.873817e+05 1.923278e-03
2.310130e+05 1.269591e-03
2.848036e+05 8.096903e-04
3.511192e+05 4.982335e-04
4.328761e+05 2.959094e-04
5.336699e+05 1.700324e-04
6.579332e+05 9.492723e-05
8.111308e+05 5.176986e-05
1.000000e+06 2.773556e-05
1.232847e+06 1.467196e-05
1.519911e+06 7.695385e-06
1.873817e+06 4.014210e-06
2.310130e+06 2.087001e-06
2.848036e+06 1.082933e-06
3.511192e+06 5.613216e-07
4.328761e+06 2.907876e-07
5.336699e+06 1.505986e-07
6.579332e+06 7.798564e-08
8.111308e+06 4.038231e-08
1.000000e+07 2.091051e-08
