1.000000e-02 2.145175e-02
1.232847e-02 2.244483e-02
1.519911e-02 2.348389e-02
1.873817e-02 2.457105e-02
2.310130e-02 2.570854e-02
2.848036e-02 2.689869e-02
3.511192e-02 2.814393e-02
4.328761e-02 2.944683e-02
5.336699e-02 3.081003e-02
6.579332e-02 3.223635e-02
8.111308e-02 3.372870e-02
1.000000e-01 3.529013e-02
1.232847e-01 3.692385e-02
1.519911e-01 3.863320e-02
1.873817e-01 4.042168e-02
2.310130e-01 4.229295e-02
2.848036e-01 4.425085e-02
3.511192e-01 4.629936e-02
4.328761e-01 4.844264e-02
5.336699e-01 5.068496e-02
6.579332e-01 5.303064e-02
8.111308e-01 5.548396e-02
1.000000e+00 5.804897e-02
1.232847e+00 6.072924e-02
1.519911e+00 6.352748e-02
1.873817e+00 6.644514e-02
2.310130e+00 6.948180e-02
2.848036e+00 7.263451e-02
3.511192e+00 7.589703e-02
4.328761e+00 7.925897e-02
5.336699e+00 8.270496e-02
6.579332e+00 8.621370e-02
8.111308e+00 8.975728e-02
1.000000e+01 9.330051e-02
1.232847e+01 9.680066e-02
1.519911e+01 1.002074e-01
1.873817e+01 1.034635e-01
2.310130e+01 1.065055e-01
2.848036e+01 1.092656e-01
3.511192e+01 1.116735e-01
4.328761e+01 1.136589e-01
5.336699e+01 1.151541e-01
6.579332e+01 1.160962e-01
8.111308e+01 1.164299e-01
1.000000e+02 1.161086e-01
1.232847e+02 1.150962e-01
1.519911e+02 1.133677e-01
1.873817e+02 1.109096e-01
2.310130e+02 1.077207e-01
2.848036e+02 1.038134e-01
3.511192e+02 9.921537e-02
4.328761e+02 9.397321e-02
5.336699e+02 8.815573e-02
6.579332e+02 8.185761e-02
8.111308e+02 7.520112e-02
1.000000e+03 6.833456e-02
1.232847e+03 6.142621e-02
1.519911e+03 5.465351e-02
1.873817e+03 4.818864e-02
2.310130e+03 4.218337e-02
2.848036e+03 3.675616e-02
3.511192e+03 3.198455e-02
4.328761e+03 2.790402e-02
5.336699e+03 2.451300e-02
6.579332e+03 2.178177e-02
8.111308e+03 1.966277e-02
1.000000e+04 1.809938e-02
1.232847e+04 1.703088e-02
1.519911e+04 1.639121e-02
1.873817e+04 1.609899e-02
2.310130e+04 1.603595e-02
2.848036e+04 1.601384e-02
3.511192e+04 1.574229e-02
4.328761e+04 1.483990e-02
5.336699e+04 1.296387e-02
6.579332e+04 1.008900e-02
8.111308e+04 6.738928e-03
1.000000e+05 3.775529e-03
1.232847e+05 1.778432e-03
1.519911e+05 7.244461e-04
1.873817e+05 2.660225e-04
2.310130e+05 9.160484e-05
2.848036e+05 3.044941e-05
3.511192e+05 9.944853e-06
4.328761e+05 3.221843e-06
5.336699e+05 1.040152e-06
6.579332e+05 3.353292e-07
8.111308e+05 1.080449e-07
1.000000e+06 3.480535e-08
1.232847e+06 1.121126e-08
1.519911e+06 3.611195e-09
1.873817e+06 1.163170e-09
2.310130e+06 3.746572e-10
2.848036e+06 1.206770e-10
3.511192e+06 3.887001e-11
4.328761e+06 1.252001e-11
5.336699e+06 4.032690e-12
6.579332e+06 1.298928e-12
8.111308e+06 4.183840e-13
1.000000e+07 1.347613e-13
