1.000000e-02 1.266747e-02
1.232847e-02 1.332576e-02
1.519911e-02 1.401825e-02
1.873817e-02 1.474673e-02
2.310130e-02 1.551306e-02
2.848036e-02 1.631922e-02
3.511192e-02 1.716728e-02
4.328761e-02 1.805940e-02
5.336699e-02 1.899788e-02
6.579332e-02 1.998513e-02
8.111308e-02 2.102369e-02
1.000000e-01 2.211622e-02
1.232847e-01 2.326552e-02
1.519911e-01 2.447454e-02
1.873817e-01 2.574640e-02
2.310130e-01 2.708435e-02
2.848036e-01 2.849182e-02
3.511192e-01 2.997244e-02
4.328761e-01 3.153000e-02
5.336699e-01 3.316849e-02
6.579332e-01 3.489212e-02
8.111308e-01 3.670529e-02
1.000000e+00 3.861261e-02
1.232847e+00 4.061891e-02
1.519911e+00 4.272922e-02
1.873817e+00 4.494874e-02
2.310130e+00 4.728282e-02
2.848036e+00 4.973691e-02
3.511192e+00 5.231646e-02
4.328761e+00 5.502683e-02
5.336699e+00 5.787317e-02
6.579332e+00 6.086014e-02
8.111308e+00 6.399173e-02
1.000000e+01 6.727091e-02
1.232847e+01 7.069920e-02
1.519911e+01 7.427615e-02
1.873817e+01 7.799878e-02
2.310130e+01 8.186076e-02
2.848036e+01 8.585166e-02
3.511192e+01 8.995589e-02
4.328761e+01 9.415172e-02
5.336699e+01 9.841009e-02
6.579332e+01 1.026935e-01
8.111308e+01 1.069550e-01
1.000000e+02 1.111373e-01
1.232847e+02 1.151718e-01
1.519911e+02 1.189790e-01
1.873817e+02 1.224686e-01
2.310130e+02 1.255408e-01
2.848036e+02 1.280882e-01
3.511192e+02 1.299991e-01
4.328761e+02 1.311611e-01
5.336699e+02 1.314660e-01
6.579332e+02 1.308144e-01
8.111308e+02 1.291217e-01
1.000000e+03 1.263224e-01
1.232847e+03 1.223757e-01
1.519911e+03 1.172695e-01
1.873817e+03 1.110244e-01
2.310130e+03 1.036976e-01
2.848036e+03 9.538748e-02
3.511192e+03 8.623784e-02
4.328761e+03 7.644320e-02
5.336699e+03 6.625205e-02
6.579332e+03 5.596512e-02
8.111308e+03 4.592362e-02
1.000000e+04 3.648298e-02
1.232847e+04 2.797209e-02
1.519911e+04 2.064549e-02
1.873817e+04 1.464304e-02
2.310130e+04 9.972555e-03
2.848036e+04 6.522907e-03
3.511192e+04 4.102002e-03
4.328761e+04 2.484376e-03
5.336699e+04 1.452367e-03
6.579332e+04 8.217964e-04
8.111308e+04 4.515806e-04
1.000000e+05 2.419526e-04
1.232847e+05 1.269728e-04
1.519911e+05 6.556825e-05
1.873817e+05 3.346208e-05
2.310130e+05 1.693813e-05
2.848036e+05 8.527969e-06
3.511192e+05 4.279178e-06
4.328761e+05 2.142840e-06
5.336699e+05 1.071770e-06
6.579332e+05 5.356979e-07
8.111308e+05 2.676548e-07
1.000000e+06 1.337031e-07
1.232847e+06 6.678217e-08
1.519911e+06 3.335451e-08
1.873817e+06 1.665849e-08
2.310130e+06 8.319745e-09
2.848036e+06 4.155096e-09
3.511192e+06 2.075155e-09
4.328761e+06 1.036380e-09
5.336699e+06 5.175918e-10
6.579332e+06 2.584970e-10
8.111308e+06 1.290992e-10
1.000000e+07 6.447506e-11
