1.000000e-02 7.306289e-03
1.232847e-02 7.711654e-03
1.519911e-02 8.139508e-03
1.873817e-02 8.591101e-03
2.310130e-02 9.067750e-03
2.848036e-02 9.570843e-03
3.511192e-02 1.010185e-02
4.328761e-02 1.066232e-02
5.336699e-02 1.125388e-02
6.579332e-02 1.187826e-02
8.111308e-02 1.253729e-02
1.000000e-01 1.323287e-02
1.232847e-01 1.396706e-02
1.519911e-01 1.474197e-02
1.873817e-01 1.555988e-02
2.310130e-01 1.642317e-02
2.848036e-01 1.733435e-02
3.511192e-01 1.829609e-02
4.328761e-01 1.931119e-02
5.336699e-01 2.038261e-02
6.579332e-01 2.151349e-02
8.111308e-01 2.270714e-02
1.000000e+00 2.396708e-02
1.232847e+00 2.529702e-02
1.519911e+00 2.670094e-02
1.873817e+00 2.818307e-02
2.310130e+00 2.974792e-02
2.848036e+00 3.140037e-02
3.511192e+00 3.314565e-02
4.328761e+00 3.498941e-02
5.336699e+00 3.693777e-02
6.579332e+00 3.899734e-02
8.111308e+00 4.117528e-02
1.000000e+01 4.347933e-02
1.232847e+01 4.591781e-02
1.519911e+01 4.849956e-02
1.873817e+01 5.123395e-02
2.310130e+01 5.413072e-02
2.848036e+01 5.719978e-02
3.511192e+01 6.045097e-02
4.328761e+01 6.389360e-02
5.336699e+01 6.753590e-02
6.579332e+01 7.138432e-02
8.111308e+01 7.544254e-02
1.000000e+02 7.971030e-02
1.232847e+02 8.418198e-02
1.519911e+02 8.884486e-02
1.873817e+02 9.367720e-02
2.310130e+02 9.864616e-02
2.848036e+02 1.037056e-01
3.511192e+02 1.087941e-01
4.328761e+02 1.138330e-01
5.336699e+02 1.187259e-01
6.579332e+02 1.233582e-01
8.111308e+02 1.275988e-01
1.000000e+03 1.313033e-01
1.232847e+03 1.343192e-01
1.519911e+03 1.364929e-01
1.873817e+03 1.376789e-01
2.310130e+03 1.377490e-01
2.848036e+03 1.366031e-01
3.511192e+03 1.341775e-01
4.328761e+03 1.304525e-01
5.336699e+03 1.254565e-01
6.579332e+03 1.192669e-01
8.111308e+03 1.120074e-01
1.000000e+04 1.038417e-01
1.232847e+04 9.496542e-02
1.519911e+04 8.559608e-02
1.873817e+04 7.596272e-02
2.310130e+04 6.629658e-02
2.848036e+04 5.682254e-02
3.511192e+04 4.775157e-02
4.328761e+04 3.927320e-02
5.336699e+04 3.154733e-02
6.579332e+04 2.469567e-02
8.111308e+04 1.879408e-02
1.000000e+05 1.386792e-02
1.232847e+05 9.892545e-03
1.519911e+05 6.799380e-03
1.873817e+05 4.486509e-03
2.310130e+05 2.831437e-03
2.848036e+05 1.703632e-03
3.511192e+05 9.755908e-04
4.328761e+05 5.321398e-04
5.336699e+05 2.775486e-04
6.579332e+05 1.393482e-04
8.111308e+05 6.790176e-05
1.000000e+06 3.237848e-05
1.232847e+06 1.521606e-05
1.519911e+06 7.085307e-06
1.873817e+06 3.281271e-06
2.310130e+06 1.514904e-06
2.848036e+06 6.982421e-07
3.511192e+06 3.215557e-07
4.328761e+06 1.480221e-07
5.336699e+06 6.812639e-08
6.579332e+06 3.135247e-08
8.111308e+06 1.442839e-08
1.000000e+07 6.639915e-09
