1.000000e-02 1.097839e-02
1.232847e-02 1.151006e-02
1.519911e-02 1.206747e-02
1.873817e-02 1.265188e-02
2.310130e-02 1.326459e-02
2.848036e-02 1.390697e-02
3.511192e-02 1.458046e-02
4.328761e-02 1.528657e-02
5.336699e-02 1.602688e-02
6.579332e-02 1.680303e-02
8.111308e-02 1.761678e-02
1.000000e-01 1.846993e-02
1.232847e-01 1.936440e-02
1.519911e-01 2.030218e-02
1.873817e-01 2.128538e-02
2.310130e-01 2.231620e-02
2.848036e-01 2.339694e-02
3.511192e-01 2.453001e-02
4.328761e-01 2.571796e-02
5.336699e-01 2.696344e-02
6.579332e-01 2.826923e-02
8.111308e-01 2.963825e-02
1.000000e+00 3.107357e-02
1.232847e+00 3.257838e-02
1.519911e+00 3.415606e-02
1.873817e+00 3.581013e-02
2.310130e+00 3.754433e-02
2.848036e+00 3.936256e-02
3.511192e+00 4.126901e-02
4.328761e+00 4.326809e-02
5.336699e+00 4.536454e-02
6.579332e+00 4.756349e-02
8.111308e+00 4.987048e-02
1.000000e+01 5.229158e-02
1.232847e+01 5.483347e-02
1.519911e+01 5.750352e-02
1.873817e+01 6.030990e-02
2.310130e+01 6.326168e-02
2.848036e+01 6.636888e-02
3.511192e+01 6.964252e-02
4.328761e+01 7.309458e-02
5.336699e+01 7.673789e-02
6.579332e+01 8.058583e-02
8.111308e+01 8.465183e-02
1.000000e+02 8.894862e-02
1.232847e+02 9.348700e-02
1.519911e+02 9.827411e-02
1.873817e+02 1.033110e-01
2.310130e+02 1.085891e-01
2.848036e+02 1.140861e-01
3.511192e+02 1.197595e-01
4.328761e+02 1.255399e-01
5.336699e+02 1.313217e-01
6.579332e+02 1.369530e-01
8.111308e+02 1.422257e-01
1.000000e+03 1.468666e-01
1.232847e+03 1.505330e-01
1.519911e+03 1.528178e-01
1.873817e+03 1.532694e-01
2.310130e+03 1.514316e-01
2.848036e+03 1.469090e-01
3.511192e+03 1.394538e-01
4.328761e+03 1.290616e-01
5.336699e+03 1.160488e-01
6.579332e+03 1.010761e-01
8.111308e+03 8.508779e-02
1.000000e+04 6.916205e-02
1.232847e+04 5.431034e-02
1.519911e+04 4.129246e-02
1.873817e+04 3.051276e-02
2.310130e+04 2.202404e-02
2.848036e+04 1.561599e-02
3.511192e+04 1.093681e-02
4.328761e+04 7.600489e-03
5.336699e+04 5.256305e-03
6.579332e+04 3.620095e-03
8.111308e+04 2.478717e-03
1.000000e+05 1.680682e-03
1.232847e+05 1.122104e-03
1.519911e+05 7.329541e-04
1.873817e+05 4.656263e-04
2.310130e+05 2.864980e-04
2.848036e+05 1.705064e-04
3.511192e+05 9.831417e-05
4.328761e+05 5.514752e-05
5.336699e+05 3.025662e-05
6.579332e+05 1.632757e-05
8.111308e+05 8.708960e-06
1.000000e+06 4.609377e-06
1.232847e+06 2.427581e-06
1.519911e+06 1.274655e-06
1.873817e+06 6.680918e-07
2.310130e+06 3.498125e-07
2.848036e+06 1.830579e-07
3.511192e+06 9.576579e-08
4.328761e+06 5.009165e-08
5.336699e+06 2.619924e-08
6.579332e+06 1.370246e-08
8.111308e+06 7.166450e-09
1.000000e+07 3.748079e-09
