1.000000e-02 2.203500e-02
1.232847e-02 2.316204e-02
1.519911e-02 2.434673e-02
1.873817e-02 2.559201e-02
2.310130e-02 2.690098e-02
2.848036e-02 2.827691e-02
3.511192e-02 2.972321e-02
4.328761e-02 3.124348e-02
5.336699e-02 3.284152e-02
6.579332e-02 3.452129e-02
8.111308e-02 3.628698e-02
1.000000e-01 3.814297e-02
1.232847e-01 4.009390e-02
1.519911e-01 4.214462e-02
1.873817e-01 4.430022e-02
2.310130e-01 4.656607e-02
2.848036e-01 4.894781e-02
3.511192e-01 5.145133e-02
4.328761e-01 5.408279e-02
5.336699e-01 5.684851e-02
6.579332e-01 5.975494e-02
8.111308e-01 6.280833e-02
1.000000e+00 6.601451e-02
1.232847e+00 6.937828e-02
1.519911e+00 7.290273e-02
1.873817e+00 7.658829e-02
2.310130e+00 8.043150e-02
2.848036e+00 8.442350e-02
3.511192e+00 8.854837e-02
4.328761e+00 9.278127e-02
5.336699e+00 9.708650e-02
6.579332e+00 1.014159e-01
8.111308e+00 1.057074e-01
1.000000e+01 1.098846e-01
1.232847e+01 1.138574e-01
1.519911e+01 1.175240e-01
1.873817e+01 1.207742e-01
2.310130e+01 1.234953e-01
2.848036e+01 1.255784e-01
3.511192e+01 1.269258e-01
4.328761e+01 1.274591e-01
5.336699e+01 1.271246e-01
6.579332e+01 1.258977e-01
8.111308e+01 1.237836e-01
1.000000e+02 1.208151e-01
1.232847e+02 1.170466e-01
1.519911e+02 1.125472e-01
1.873817e+02 1.073925e-01
2.310130e+02 1.016580e-01
2.848036e+02 9.541416e-02
3.511192e+02 8.872571e-02
4.328761e+02 8.165407e-02
5.336699e+02 7.426330e-02
6.579332e+02 6.662793e-02
8.111308e+02 5.884053e-02
1.000000e+03 5.101650e-02
1.232847e+03 4.329397e-02
1.519911e+03 3.582827e-02
1.873817e+03 2.878235e-02
2.310130e+03 2.231583e-02
2.848036e+03 1.657493e-02
3.511192e+03 1.168296e-02
4.328761e+03 7.727116e-03
5.336699e+03 4.737859e-03
6.579332e+03 2.664729e-03
8.111308e+03 1.367302e-03
1.000000e+04 6.419580e-04
1.232847e+04 2.791060e-04
1.519911e+04 1.143818e-04
1.873817e+04 4.501069e-05
2.310130e+04 1.727211e-05
2.848036e+04 6.533899e-06
3.511192e+04 2.453192e-06
4.328761e+04 9.176403e-07
5.336699e+04 3.426512e-07
6.579332e+04 1.278465e-07
8.111308e+04 4.768438e-08
1.000000e+05 1.778280e-08
1.232847e+05 6.631288e-09
1.519911e+05 2.472778e-09
1.873817e+05 9.220789e-10
2.310130e+05 3.438345e-10
2.848036e+05 1.282124e-10
3.511192e+05 4.780909e-11
4.328761e+05 1.782751e-11
5.336699e+05 6.647695e-12
6.579332e+05 2.478856e-12
8.111308e+05 9.243397e-13
1.000000e+06 3.446767e-13
1.232847e+06 1.285263e-13
1.519911e+06 4.792613e-14
1.873817e+06 1.787116e-14
2.310130e+06 6.663968e-15
2.848036e+06 2.484924e-15
3.511192e+06 9.266024e-16
4.328761e+06 3.455204e-16
5.336699e+06 1.288410e-16
6.579332e+06 4.804345e-17
8.111308e+06 1.791490e-17
1.000000e+07 6.680281e-18
