1.000000e-02 3.966573e-02
1.232847e-02 4.089430e-02
1.519911e-02 4.216092e-02
1.873817e-02 4.346678e-02
2.310130e-02 4.481308e-02
2.848036e-02 4.620108e-02
3.511192e-02 4.763207e-02
4.328761e-02 4.910739e-02
5.336699e-02 5.062840e-02
6.579332e-02 5.219652e-02
8.111308e-02 5.381321e-02
1.000000e-01 5.547997e-02
1.232847e-01 5.719836e-02
1.519911e-01 5.896997e-02
1.873817e-01 6.079645e-02
2.310130e-01 6.267950e-02
2.848036e-01 6.462081e-02
3.511192e-01 6.662209e-02
4.328761e-01 6.868485e-02
5.336699e-01 7.081023e-02
6.579332e-01 7.299852e-02
8.111308e-01 7.524860e-02
1.000000e+00 7.755701e-02
1.232847e+00 7.991686e-02
1.519911e+00 8.231651e-02
1.873817e+00 8.473816e-02
2.310130e+00 8.715642e-02
2.848036e+00 8.953715e-02
3.511192e+00 9.183675e-02
4.328761e+00 9.400220e-02
5.336699e+00 9.597211e-02
6.579332e+00 9.767907e-02
8.111308e+00 9.905326e-02
1.000000e+01 1.000275e-01
1.232847e+01 1.005431e-01
1.519911e+01 1.005562e-01
1.873817e+01 1.000435e-01
2.310130e+01 9.900650e-02
2.848036e+01 9.747390e-02
3.511192e+01 9.550091e-02
4.328761e+01 9.316596e-02
5.336699e+01 9.056509e-02
6.579332e+01 8.780475e-02
8.111308e+01 8.499427e-02
1.000000e+02 8.223874e-02
1.232847e+02 7.963328e-02
1.519911e+02 7.725887e-02
1.873817e+02 7.517982e-02
2.310130e+02 7.344253e-02
2.848036e+02 7.207500e-02
3.511192e+02 7.108654e-02
4.328761e+02 7.046714e-02
5.336699e+02 7.018611e-02
6.579332e+02 7.018989e-02
8.111308e+02 7.039933e-02
1.000000e+03 7.070697e-02
1.232847e+03 7.097550e-02
1.519911e+03 7.103905e-02
1.873817e+03 7.070906e-02
2.310130e+03 6.978642e-02
2.848036e+03 6.808084e-02
3.511192e+03 6.543636e-02
4.328761e+03 6.176006e-02
5.336699e+03 5.704820e-02
6.579332e+03 5.140283e-02
8.111308e+03 4.503213e-02
1.000000e+04 3.823150e-02
1.232847e+04 3.134741e-02
1.519911e+04 2.473151e-02
1.873817e+04 1.869515e-02
2.310130e+04 1.347335e-02
2.848036e+04 9.203675e-03
3.511192e+04 5.920543e-03
4.328761e+04 3.563332e-03
5.336699e+04 1.996337e-03
6.579332e+04 1.039303e-03
8.111308e+04 5.044972e-04
1.000000e+05 2.303871e-04
1.232847e+05 1.002506e-04
1.519911e+05 4.213972e-05
1.873817e+05 1.731731e-05
2.310130e+05 7.020387e-06
2.848036e+05 2.824415e-06
3.511192e+05 1.131737e-06
4.328761e+05 4.525675e-07
5.336699e+05 1.807994e-07
6.579332e+05 7.219601e-08
8.111308e+05 2.882306e-08
1.000000e+06 1.150608e-08
1.232847e+06 4.593010e-09
1.519911e+06 1.833412e-09
1.873817e+06 7.318462e-10
2.310130e+06 2.921314e-10
2.848036e+06 1.166101e-10
3.511192e+06 4.654722e-11
4.328761e+06 1.858024e-11
5.336699e+06 7.416669e-12
6.579332e+06 2.960509e-12
8.111308e+06 1.181745e-12
1.000000e+07 4.717169e-13
