1.000000e-02 5.178035e-02
1.232847e-02 5.324524e-02
1.519911e-02 5.475157e-02
1.873817e-02 5.630052e-02
2.310130e-02 5.789328e-02
2.848036e-02 5.953111e-02
3.511192e-02 6.121527e-02
4.328761e-02 6.294708e-02
5.336699e-02 6.472788e-02
6.579332e-02 6.655906e-02
8.111308e-02 6.844204e-02
1.000000e-01 7.037830e-02
1.232847e-01 7.236933e-02
1.519911e-01 7.441669e-02
1.873817e-01 7.652197e-02
2.310130e-01 7.868680e-02
2.848036e-01 8.091282e-02
3.511192e-01 8.320167e-02
4.328761e-01 8.555480e-02
5.336699e-01 8.797329e-02
6.579332e-01 9.045743e-02
8.111308e-01 9.300606e-02
1.000000e+00 9.561573e-02
1.232847e+00 9.827946e-02
1.519911e+00 1.009854e-01
1.873817e+00 1.037149e-01
2.310130e+00 1.064413e-01
2.848036e+00 1.091275e-01
3.511192e+00 1.117249e-01
4.328761e+00 1.141720e-01
5.336699e+00 1.163942e-01
6.579332e+00 1.183046e-01
8.111308e+00 1.198057e-01
1.000000e+01 1.207934e-01
1.232847e+01 1.211620e-01
1.519911e+01 1.208108e-01
1.873817e+01 1.196524e-01
2.310130e+01 1.176202e-01
2.848036e+01 1.146767e-01
3.511192e+01 1.108193e-01
4.328761e+01 1.060835e-01
5.336699e+01 1.005436e-01
6.579332e+01 9.430928e-02
8.111308e+01 8.751898e-02
1.000000e+02 8.033112e-02
1.232847e+02 7.291374e-02
1.519911e+02 6.543419e-02
1.873817e+02 5.805001e-02
2.310130e+02 5.090172e-02
2.848036e+02 4.410808e-02
3.511192e+02 3.776361e-02
4.328761e+02 3.193796e-02
5.336699e+02 2.667662e-02
6.579332e+02 2.200235e-02
8.111308e+02 1.791718e-02
1.000000e+03 1.440480e-02
1.232847e+03 1.143343e-02
1.519911e+03 8.959286e-03
1.873817e+03 6.930351e-03
2.310130e+03 5.290433e-03
2.848036e+03 3.982897e-03
3.511192e+03 2.953809e-03
4.328761e+03 2.154195e-03
5.336699e+03 1.541286e-03
6.579332e+03 1.078819e-03
8.111308e+03 7.365421e-04
1.000000e+04 4.892543e-04
1.232847e+04 3.157437e-04
1.519911e+04 1.980044e-04
1.873817e+04 1.208939e-04
2.310130e+04 7.211302e-05
2.848036e+04 4.220411e-05
3.511192e+04 2.434068e-05
4.328761e+04 1.388887e-05
5.336699e+04 7.866193e-06
6.579332e+04 4.432951e-06
8.111308e+04 2.490083e-06
1.000000e+05 1.395873e-06
1.232847e+05 7.815012e-07
1.519911e+05 4.372005e-07
1.873817e+05 2.444743e-07
2.310130e+05 1.366685e-07
2.848036e+05 7.638982e-08
3.511192e+05 4.269361e-08
4.328761e+05 2.385984e-08
5.336699e+05 1.333396e-08
6.579332e+05 7.451495e-09
8.111308e+05 4.164122e-09
1.000000e+06 2.327025e-09
1.232847e+06 1.300402e-09
1.519911e+06 7.266965e-10
1.873817e+06 4.060956e-10
2.310130e+06 2.269359e-10
2.848036e+06 1.268172e-10
3.511192e+06 7.086843e-11
4.328761e+06 3.960295e-11
5.336699e+06 2.213106e-11
6.579332e+06 1.236736e-11
8.111308e+06 6.911173e-12
1.000000e+07 3.862126e-12
