1.000000e-02 7.034391e-03
1.232847e-02 7.408868e-03
1.519911e-02 7.803280e-03
1.873817e-02 8.218689e-03
2.310130e-02 8.656212e-03
2.848036e-02 9.117027e-03
3.511192e-02 9.602373e-03
4.328761e-02 1.011356e-02
5.336699e-02 1.065195e-02
6.579332e-02 1.121901e-02
8.111308e-02 1.181626e-02
1.000000e-01 1.244530e-02
1.232847e-01 1.310783e-02
1.519911e-01 1.380562e-02
1.873817e-01 1.454057e-02
2.310130e-01 1.531464e-02
2.848036e-01 1.612992e-02
3.511192e-01 1.698859e-02
4.328761e-01 1.789298e-02
5.336699e-01 1.884552e-02
6.579332e-01 1.984876e-02
8.111308e-01 2.090540e-02
1.000000e+00 2.201828e-02
1.232847e+00 2.319038e-02
1.519911e+00 2.442485e-02
1.873817e+00 2.572498e-02
2.310130e+00 2.709425e-02
2.848036e+00 2.853629e-02
3.511192e+00 3.005496e-02
4.328761e+00 3.165426e-02
5.336699e+00 3.333845e-02
6.579332e+00 3.511199e-02
8.111308e+00 3.697957e-02
1.000000e+01 3.894613e-02
1.232847e+01 4.101688e-02
1.519911e+01 4.319730e-02
1.873817e+01 4.549314e-02
2.310130e+01 4.791047e-02
2.848036e+01 5.045559e-02
3.511192e+01 5.313511e-02
4.328761e+01 5.595584e-02
5.336699e+01 5.892477e-02
6.579332e+01 6.204899e-02
8.111308e+01 6.533555e-02
1.000000e+02 6.879132e-02
1.232847e+02 7.242279e-02
1.519911e+02 7.623576e-02
1.873817e+02 8.023503e-02
2.310130e+02 8.442393e-02
2.848036e+02 8.880379e-02
3.511192e+02 9.337323e-02
4.328761e+02 9.812728e-02
5.336699e+02 1.030563e-01
6.579332e+02 1.081444e-01
8.111308e+02 1.133679e-01
1.000000e+03 1.186926e-01
1.232847e+03 1.240706e-01
1.519911e+03 1.294361e-01
1.873817e+03 1.346999e-01
2.310130e+03 1.397421e-01
2.848036e+03 1.444032e-01
3.511192e+03 1.484736e-01
4.328761e+03 1.516826e-01
5.336699e+03 1.536903e-01
6.579332e+03 1.540851e-01
8.111308e+03 1.523978e-01
1.000000e+04 1.481393e-01
1.232847e+04 1.408756e-01
1.519911e+04 1.303448e-01
1.873817e+04 1.166034e-01
2.310130e+04 1.001622e-01
2.848036e+04 8.203682e-02
3.511192e+04 6.364048e-02
4.328761e+04 4.649869e-02
5.336699e+04 3.187317e-02
6.579332e+04 2.046052e-02
8.111308e+04 1.230742e-02
1.000000e+05 6.956850e-03
1.232847e+05 3.713180e-03
1.519911e+05 1.883409e-03
1.873817e+05 9.147226e-04
2.310130e+05 4.288966e-04
2.848036e+05 1.957594e-04
3.511192e+05 8.763833e-05
4.328761e+05 3.872686e-05
5.336699e+05 1.697293e-05
6.579332e+05 7.402354e-06
8.111308e+05 3.219402e-06
1.000000e+06 1.398063e-06
1.232847e+06 6.066495e-07
1.519911e+06 2.631342e-07
1.873817e+06 1.141124e-07
2.310130e+06 4.948210e-08
2.848036e+06 2.145581e-08
3.511192e+06 9.303218e-09
4.328761e+06 4.033833e-09
5.336699e+06 1.749045e-09
6.579332e+06 7.583743e-10
8.111308e+06 3.288259e-10
1.000000e+07 1.425767e-10
