1.000000e-02 8.623810e-03
1.232847e-02 9.076807e-03
1.519911e-02 9.553599e-03
1.873817e-02 1.005544e-02
2.310130e-02 1.058363e-02
2.848036e-02 1.113958e-02
3.511192e-02 1.172472e-02
4.328761e-02 1.234061e-02
5.336699e-02 1.298884e-02
6.579332e-02 1.367113e-02
8.111308e-02 1.438925e-02
1.000000e-01 1.514510e-02
1.232847e-01 1.594065e-02
1.519911e-01 1.677799e-02
1.873817e-01 1.765932e-02
2.310130e-01 1.858694e-02
2.848036e-01 1.956328e-02
3.511192e-01 2.059091e-02
4.328761e-01 2.167252e-02
5.336699e-01 2.281093e-02
6.579332e-01 2.400912e-02
8.111308e-01 2.527019e-02
1.000000e+00 2.659741e-02
1.232847e+00 2.799414e-02
1.519911e+00 2.946391e-02
1.873817e+00 3.101030e-02
2.310130e+00 3.263699e-02
2.848036e+00 3.434770e-02
3.511192e+00 3.614613e-02
4.328761e+00 3.803592e-02
5.336699e+00 4.002059e-02
6.579332e+00 4.210344e-02
8.111308e+00 4.428754e-02
1.000000e+01 4.657557e-02
1.232847e+01 4.896981e-02
1.519911e+01 5.147203e-02
1.873817e+01 5.408350e-02
2.310130e+01 5.680489e-02
2.848036e+01 5.963638e-02
3.511192e+01 6.257767e-02
4.328761e+01 6.562818e-02
5.336699e+01 6.878724e-02
6.579332e+01 7.205444e-02
8.111308e+01 7.543006e-02
1.000000e+02 7.891561e-02
1.232847e+02 8.251444e-02
1.519911e+02 8.623241e-02
1.873817e+02 9.007863e-02
2.310130e+02 9.406600e-02
2.848036e+02 9.821164e-02
3.511192e+02 1.025368e-01
4.328761e+02 1.070663e-01
5.336699e+02 1.118264e-01
6.579332e+02 1.168414e-01
8.111308e+02 1.221277e-01
1.000000e+03 1.276840e-01
1.232847e+03 1.334765e-01
1.519911e+03 1.394178e-01
1.873817e+03 1.453374e-01
2.310130e+03 1.509452e-01
2.848036e+03 1.557893e-01
3.511192e+03 1.592226e-01
4.328761e+03 1.603978e-01
5.336699e+03 1.583292e-01
6.579332e+03 1.520629e-01
8.111308e+03 1.409728e-01
1.000000e+04 1.251247e-01
1.232847e+04 1.055431e-01
1.519911e+04 8.415464e-02
1.873817e+04 6.330490e-02
2.310130e+04 4.503126e-02
2.848036e+04 3.049352e-02
3.511192e+04 1.985659e-02
4.328761e+04 1.258070e-02
5.336699e+04 7.842658e-03
6.579332e+04 4.851706e-03
8.111308e+04 2.991780e-03
1.000000e+05 1.838482e-03
1.232847e+05 1.120775e-03
1.519911e+05 6.728238e-04
1.873817e+05 3.945532e-04
2.310130e+05 2.245763e-04
2.848036e+05 1.237157e-04
3.511192e+05 6.603559e-05
4.328761e+05 3.430000e-05
5.336699e+05 1.743947e-05
6.579332e+05 8.731379e-06
8.111308e+05 4.326496e-06
1.000000e+06 2.129810e-06
1.232847e+06 1.044304e-06
1.519911e+06 5.108799e-07
1.873817e+06 2.496063e-07
2.310130e+06 1.218687e-07
2.848036e+06 5.948005e-08
3.511192e+06 2.902493e-08
4.328761e+06 1.416226e-08
5.336699e+06 6.909973e-09
6.579332e+06 3.371423e-09
8.111308e+06 1.644932e-09
1.000000e+07 8.025688e-10
