1.000000e-02 1.727452e-02
1.232847e-02 1.838867e-02
1.519911e-02 1.957467e-02
1.873817e-02 2.083717e-02
2.310130e-02 2.218109e-02
2.848036e-02 2.361170e-02
3.511192e-02 2.513457e-02
4.328761e-02 2.675566e-02
5.336699e-02 2.848130e-02
6.579332e-02 3.031825e-02
8.111308e-02 3.227367e-02
1.000000e-01 3.435520e-02
1.232847e-01 3.657099e-02
1.519911e-01 3.892969e-02
1.873817e-01 4.144052e-02
2.310130e-01 4.411328e-02
2.848036e-01 4.695840e-02
3.511192e-01 4.998695e-02
4.328761e-01 5.321060e-02
5.336699e-01 5.664149e-02
6.579332e-01 6.029203e-02
8.111308e-01 6.417435e-02
1.000000e+00 6.829948e-02
1.232847e+00 7.267602e-02
1.519911e+00 7.730822e-02
1.873817e+00 8.219321e-02
2.310130e+00 8.731754e-02
2.848036e+00 9.265264e-02
3.511192e+00 9.814963e-02
4.328761e+00 1.037337e-01
5.336699e+00 1.092985e-01
6.579332e+00 1.147024e-01
8.111308e+00 1.197666e-01
1.000000e+01 1.242785e-01
1.232847e+01 1.280009e-01
1.519911e+01 1.306886e-01
1.873817e+01 1.321123e-01
2.310130e+01 1.320872e-01
2.848036e+01 1.305026e-01
3.511192e+01 1.273451e-01
4.328761e+01 1.227115e-01
5.336699e+01 1.168037e-01
6.579332e+01 1.099087e-01
8.111308e+01 1.023649e-01
1.000000e+02 9.452265e-02
1.232847e+02 8.670757e-02
1.519911e+02 7.919293e-02
1.873817e+02 7.218407e-02
2.310130e+02 6.581508e-02
2.848036e+02 6.015472e-02
3.511192e+02 5.521774e-02
4.328761e+02 5.097801e-02
5.336699e+02 4.738071e-02
6.579332e+02 4.435228e-02
8.111308e+02 4.180744e-02
1.000000e+03 3.965383e-02
1.232847e+03 3.779491e-02
1.519911e+03 3.613212e-02
1.873817e+03 3.456730e-02
2.310130e+03 3.300635e-02
2.848036e+03 3.136440e-02
3.511192e+03 2.957261e-02
4.328761e+03 2.758544e-02
5.336699e+03 2.538682e-02
6.579332e+03 2.299327e-02
8.111308e+03 2.045234e-02
1.000000e+04 1.783594e-02
1.232847e+04 1.522958e-02
1.519911e+04 1.271987e-02
1.873817e+04 1.038299e-02
2.310130e+04 8.276607e-03
2.848036e+04 6.436258e-03
3.511192e+04 4.875912e-03
4.328761e+04 3.591475e-03
5.336699e+04 2.565540e-03
6.579332e+04 1.771997e-03
8.111308e+04 1.179689e-03
1.000000e+05 7.550276e-04
1.232847e+05 4.639823e-04
1.519911e+05 2.739919e-04
1.873817e+05 1.559774e-04
2.310130e+05 8.604810e-05
2.848036e+05 4.629402e-05
3.511192e+05 2.444430e-05
4.328761e+05 1.273871e-05
5.336699e+05 6.580842e-06
6.579332e+05 3.380893e-06
8.111308e+05 1.731067e-06
1.000000e+06 8.845661e-07
1.232847e+06 4.514920e-07
1.519911e+06 2.302988e-07
1.873817e+06 1.174306e-07
2.310130e+06 5.986723e-08
2.848036e+06 3.051788e-08
3.511192e+06 1.555600e-08
4.328761e+06 7.929224e-09
5.336699e+06 4.041650e-09
6.579332e+06 2.060083e-09
8.111308e+06 1.050050e-09
1.000000e+07 5.352236e-10
