1.000000e-02 2.011693e-02
1.232847e-02 2.079255e-02
1.519911e-02 2.149085e-02
1.873817e-02 2.221262e-02
2.310130e-02 2.295862e-02
2.848036e-02 2.372967e-02
3.511192e-02 2.452663e-02
4.328761e-02 2.535034e-02
5.336699e-02 2.620172e-02
6.579332e-02 2.708170e-02
8.111308e-02 2.799123e-02
1.000000e-01 2.893130e-02
1.232847e-01 2.990295e-02
1.519911e-01 3.090722e-02
1.873817e-01 3.194523e-02
2.310130e-01 3.301810e-02
2.848036e-01 3.412700e-02
3.511192e-01 3.527314e-02
4.328761e-01 3.645776e-02
5.336699e-01 3.768215e-02
6.579332e-01 3.894763e-02
8.111308e-01 4.025554e-02
1.000000e+00 4.160729e-02
1.232847e+00 4.300429e-02
1.519911e+00 4.444805e-02
1.873817e+00 4.594021e-02
2.310130e+00 4.748257e-02
2.848036e+00 4.907726e-02
3.511192e+00 5.072691e-02
4.328761e+00 5.243485e-02
5.336699e+00 5.420546e-02
6.579332e+00 5.604455e-02
8.111308e+00 5.795987e-02
1.000000e+01 5.996166e-02
1.232847e+01 6.206340e-02
1.519911e+01 6.428254e-02
1.873817e+01 6.664142e-02
2.310130e+01 6.916823e-02
2.848036e+01 7.189803e-02
3.511192e+01 7.487381e-02
4.328761e+01 7.814756e-02
5.336699e+01 8.178115e-02
6.579332e+01 8.584708e-02
8.111308e+01 9.042848e-02
1.000000e+02 9.561828e-02
1.232847e+02 1.015165e-01
1.519911e+02 1.082242e-01
1.873817e+02 1.158330e-01
2.310130e+02 1.244059e-01
2.848036e+02 1.339473e-01
3.511192e+02 1.443560e-01
4.328761e+02 1.553594e-01
5.336699e+02 1.664278e-01
6.579332e+02 1.766826e-01
8.111308e+02 1.848302e-01
1.000000e+03 1.891876e-01
1.232847e+03 1.878913e-01
1.519911e+03 1.793637e-01
1.873817e+03 1.629947e-01
2.310130e+03 1.397710e-01
2.848036e+03 1.123972e-01
3.511192e+03 8.459109e-02
4.328761e+03 5.979614e-02
5.336699e+03 4.007770e-02
6.579332e+03 2.583884e-02
8.111308e+03 1.630677e-02
1.000000e+04 1.025831e-02
1.232847e+04 6.540989e-03
1.519911e+04 4.285135e-03
1.873817e+04 2.911648e-03
2.310130e+04 2.061932e-03
2.848036e+04 1.522198e-03
3.511192e+04 1.166654e-03
4.328761e+04 9.209633e-04
5.336699e+04 7.406263e-04
6.579332e+04 5.988815e-04
8.111308e+04 4.801949e-04
1.000000e+05 3.766919e-04
1.232847e+05 2.857610e-04
1.519911e+05 2.078431e-04
1.873817e+05 1.442468e-04
2.310130e+05 9.545347e-05
2.848036e+05 6.040290e-05
3.511192e+05 3.675824e-05
4.328761e+05 2.166589e-05
5.336699e+05 1.246018e-05
6.579332e+05 7.038832e-06
8.111308e+05 3.927240e-06
1.000000e+06 2.173164e-06
1.232847e+06 1.196201e-06
1.519911e+06 6.562882e-07
1.873817e+06 3.593602e-07
2.310130e+06 1.965467e-07
2.848036e+06 1.074282e-07
3.511192e+06 5.869698e-08
4.328761e+06 3.206510e-08
5.336699e+06 1.751500e-08
6.579332e+06 9.566897e-09
8.111308e+06 5.225480e-09
1.000000e+07 2.854173e-09
