1.000000e-02 9.618660e-03
1.232847e-02 1.009459e-02
1.519911e-02 1.059407e-02
1.873817e-02 1.111826e-02
2.310130e-02 1.166839e-02
2.848036e-02 1.224574e-02
3.511192e-02 1.285166e-02
4.328761e-02 1.348756e-02
5.336699e-02 1.415492e-02
6.579332e-02 1.485530e-02
8.111308e-02 1.559034e-02
1.000000e-01 1.636175e-02
1.232847e-01 1.717132e-02
1.519911e-01 1.802096e-02
1.873817e-01 1.891263e-02
2.310130e-01 1.984842e-02
2.848036e-01 2.083052e-02
3.511192e-01 2.186121e-02
4.328761e-01 2.294289e-02
5.336699e-01 2.407809e-02
6.579332e-01 2.526943e-02
8.111308e-01 2.651966e-02
1.000000e+00 2.783166e-02
1.232847e+00 2.920838e-02
1.519911e+00 3.065290e-02
1.873817e+00 3.216836e-02
2.310130e+00 3.375796e-02
2.848036e+00 3.542495e-02
3.511192e+00 3.717257e-02
4.328761e+00 3.900405e-02
5.336699e+00 4.092256e-02
6.579332e+00 4.293122e-02
8.111308e+00 4.503302e-02
1.000000e+01 4.723090e-02
1.232847e+01 4.952769e-02
1.519911e+01 5.192617e-02
1.873817e+01 5.442917e-02
2.310130e+01 5.703963e-02
2.848036e+01 5.976079e-02
3.511192e+01 6.259640e-02
4.328761e+01 6.555097e-02
5.336699e+01 6.863015e-02
6.579332e+01 7.184111e-02
8.111308e+01 7.519301e-02
1.000000e+02 7.869755e-02
1.232847e+02 8.236947e-02
1.519911e+02 8.622710e-02
1.873817e+02 9.029275e-02
2.310130e+02 9.459303e-02
2.848036e+02 9.915865e-02
3.511192e+02 1.040238e-01
4.328761e+02 1.092243e-01
5.336699e+02 1.147949e-01
6.579332e+02 1.207634e-01
8.111308e+02 1.271418e-01
1.000000e+03 1.339127e-01
1.232847e+03 1.410082e-01
1.519911e+03 1.482795e-01
1.873817e+03 1.554560e-01
2.310130e+03 1.620933e-01
2.848036e+03 1.675184e-01
3.511192e+03 1.707911e-01
4.328761e+03 1.707200e-01
5.336699e+03 1.659964e-01
6.579332e+03 1.555079e-01
8.111308e+03 1.388359e-01
1.000000e+04 1.167867e-01
1.232847e+04 9.160616e-02
1.519911e+04 6.651894e-02
1.873817e+04 4.462673e-02
2.310130e+04 2.779381e-02
2.848036e+04 1.625709e-02
3.511192e+04 9.082438e-03
4.328761e+04 4.941335e-03
5.336699e+04 2.667826e-03
6.579332e+04 1.452091e-03
8.111308e+04 8.056831e-04
1.000000e+05 4.583348e-04
1.232847e+05 2.675480e-04
1.519911e+05 1.597543e-04
1.873817e+05 9.702405e-05
2.310130e+05 5.954346e-05
2.848036e+05 3.670147e-05
3.511192e+05 2.261565e-05
4.328761e+05 1.389159e-05
5.336699e+05 8.494596e-06
6.579332e+05 5.170294e-06
8.111308e+05 3.133977e-06
1.000000e+06 1.893362e-06
1.232847e+06 1.141007e-06
1.519911e+06 6.863950e-07
1.873817e+06 4.124185e-07
2.310130e+06 2.476068e-07
2.848036e+06 1.485850e-07
3.511192e+06 8.913752e-08
4.328761e+06 5.346566e-08
5.336699e+06 3.206654e-08
6.579332e+06 1.923146e-08
8.111308e+06 1.153364e-08
1.000000e+07 6.917021e-09
