1.000000e-02 9.381613e-03
1.232847e-02 9.874620e-03
1.519911e-02 1.039353e-02
1.873817e-02 1.093972e-02
2.310130e-02 1.151460e-02
2.848036e-02 1.211970e-02
3.511192e-02 1.275659e-02
4.328761e-02 1.342696e-02
5.336699e-02 1.413255e-02
6.579332e-02 1.487522e-02
8.111308e-02 1.565692e-02
1.000000e-01 1.647969e-02
1.232847e-01 1.734571e-02
1.519911e-01 1.825723e-02
1.873817e-01 1.921665e-02
2.310130e-01 2.022649e-02
2.848036e-01 2.128940e-02
3.511192e-01 2.240816e-02
4.328761e-01 2.358571e-02
5.336699e-01 2.482513e-02
6.579332e-01 2.612965e-02
8.111308e-01 2.750265e-02
1.000000e+00 2.894766e-02
1.232847e+00 3.046835e-02
1.519911e+00 3.206849e-02
1.873817e+00 3.375194e-02
2.310130e+00 3.552262e-02
2.848036e+00 3.738442e-02
3.511192e+00 3.934119e-02
4.328761e+00 4.139660e-02
5.336699e+00 4.355413e-02
6.579332e+00 4.581688e-02
8.111308e+00 4.818751e-02
1.000000e+01 5.066810e-02
1.232847e+01 5.326002e-02
1.519911e+01 5.596375e-02
1.873817e+01 5.877876e-02
2.310130e+01 6.170334e-02
2.848036e+01 6.473441e-02
3.511192e+01 6.786738e-02
4.328761e+01 7.109599e-02
5.336699e+01 7.441208e-02
6.579332e+01 7.780545e-02
8.111308e+01 8.126364e-02
1.000000e+02 8.477170e-02
1.232847e+02 8.831197e-02
1.519911e+02 9.186376e-02
1.873817e+02 9.540305e-02
2.310130e+02 9.890209e-02
2.848036e+02 1.023290e-01
3.511192e+02 1.056474e-01
4.328761e+02 1.088158e-01
5.336699e+02 1.117873e-01
6.579332e+02 1.145094e-01
8.111308e+02 1.169236e-01
1.000000e+03 1.189658e-01
1.232847e+03 1.205665e-01
1.519911e+03 1.216516e-01
1.873817e+03 1.221441e-01
2.310130e+03 1.219661e-01
2.848036e+03 1.210411e-01
3.511192e+03 1.192983e-01
4.328761e+03 1.166766e-01
5.336699e+03 1.131304e-01
6.579332e+03 1.086361e-01
8.111308e+03 1.031990e-01
1.000000e+04 9.685965e-02
1.232847e+04 8.969978e-02
1.519911e+04 8.184533e-02
1.873817e+04 7.346630e-02
2.310130e+04 6.477182e-02
2.848036e+04 5.599987e-02
3.511192e+04 4.740143e-02
4.328761e+04 3.922025e-02
5.336699e+04 3.167122e-02
6.579332e+04 2.492118e-02
8.111308e+04 1.907645e-02
1.000000e+05 1.417904e-02
1.232847e+05 1.021175e-02
1.519911e+05 7.109456e-03
1.873817e+05 4.773229e-03
2.310130e+05 3.084236e-03
2.848036e+05 1.916026e-03
3.511192e+05 1.145157e-03
4.328761e+05 6.602871e-04
5.336699e+05 3.690038e-04
6.579332e+05 2.010517e-04
8.111308e+05 1.074525e-04
1.000000e+06 5.664444e-05
1.232847e+06 2.958523e-05
1.519911e+06 1.536076e-05
1.873817e+06 7.946353e-06
2.310130e+06 4.101956e-06
2.848036e+06 2.114885e-06
3.511192e+06 1.089674e-06
4.328761e+06 5.612537e-07
5.336699e+06 2.890359e-07
6.579332e+06 1.488383e-07
8.111308e+06 7.664218e-08
1.000000e+07 3.946564e-08
