1.000000e-02 2.366796e-02
1.232847e-02 2.488227e-02
1.519911e-02 2.615889e-02
1.873817e-02 2.750100e-02
2.310130e-02 2.891198e-02
2.848036e-02 3.039535e-02
3.511192e-02 3.195482e-02
4.328761e-02 3.359430e-02
5.336699e-02 3.531790e-02
6.579332e-02 3.712993e-02
8.111308e-02 3.903493e-02
1.000000e-01 4.103767e-02
1.232847e-01 4.314316e-02
1.519911e-01 4.535667e-02
1.873817e-01 4.768376e-02
2.310130e-01 5.013023e-02
2.848036e-01 5.270222e-02
3.511192e-01 5.540613e-02
4.328761e-01 5.824867e-02
5.336699e-01 6.123677e-02
6.579332e-01 6.437750e-02
8.111308e-01 6.767787e-02
1.000000e+00 7.114450e-02
1.232847e+00 7.478312e-02
1.519911e+00 7.859780e-02
1.873817e+00 8.258997e-02
2.310130e+00 8.675700e-02
2.848036e+00 9.109047e-02
3.511192e+00 9.557390e-02
4.328761e+00 1.001802e-01
5.336699e+00 1.048688e-01
6.579332e+00 1.095822e-01
8.111308e+00 1.142430e-01
1.000000e+01 1.187515e-01
1.232847e+01 1.229836e-01
1.519911e+01 1.267913e-01
1.873817e+01 1.300052e-01
2.310130e+01 1.324411e-01
2.848036e+01 1.339096e-01
3.511192e+01 1.342304e-01
4.328761e+01 1.332499e-01
5.336699e+01 1.308603e-01
6.579332e+01 1.270170e-01
8.111308e+01 1.217526e-01
1.000000e+02 1.151827e-01
1.232847e+02 1.075017e-01
1.519911e+02 9.896878e-02
1.873817e+02 8.988484e-02
2.310130e+02 8.056468e-02
2.848036e+02 7.130875e-02
3.511192e+02 6.237928e-02
4.328761e+02 5.398398e-02
5.336699e+02 4.626858e-02
6.579332e+02 3.931774e-02
8.111308e+02 3.316216e-02
1.000000e+03 2.778941e-02
1.232847e+03 2.315600e-02
1.519911e+03 1.919878e-02
1.873817e+03 1.584467e-02
2.310130e+03 1.301807e-02
2.848036e+03 1.064605e-02
3.511192e+03 8.661613e-03
4.328761e+03 7.005361e-03
5.336699e+03 5.625997e-03
6.579332e+03 4.480044e-03
8.111308e+03 3.531109e-03
1.000000e+04 2.748928e-03
1.232847e+04 2.108372e-03
1.519911e+04 1.588508e-03
1.873817e+04 1.171749e-03
2.310130e+04 8.430885e-04
2.848036e+04 5.894174e-04
3.511192e+04 3.989221e-04
4.328761e+04 2.606174e-04
5.336699e+04 1.641081e-04
6.579332e+04 9.965744e-05
8.111308e+04 5.852551e-05
1.000000e+05 3.339157e-05
1.232847e+05 1.861331e-05
1.519911e+05 1.019475e-05
1.873817e+05 5.514273e-06
2.310130e+05 2.957414e-06
2.848036e+05 1.577404e-06
3.511192e+05 8.384484e-07
4.328761e+05 4.447347e-07
5.336699e+05 2.356068e-07
6.579332e+05 1.247278e-07
8.111308e+05 6.600259e-08
1.000000e+06 3.491879e-08
1.232847e+06 1.847150e-08
1.519911e+06 9.770464e-09
1.873817e+06 5.167872e-09
2.310130e+06 2.733378e-09
2.848036e+06 1.445716e-09
3.511192e+06 7.646521e-10
4.328761e+06 4.044303e-10
5.336699e+06 2.139060e-10
6.579332e+06 1.131363e-10
8.111308e+06 5.983855e-11
1.000000e+07 3.164900e-11
