1.000000e-02 8.555568e-03
1.232847e-02 8.985758e-03
1.519911e-02 9.437578e-03
1.873817e-02 9.912117e-03
2.310130e-02 1.041052e-02
2.848036e-02 1.093398e-02
3.511192e-02 1.148376e-02
4.328761e-02 1.206118e-02
5.336699e-02 1.266764e-02
6.579332e-02 1.330459e-02
8.111308e-02 1.397357e-02
1.000000e-01 1.467619e-02
1.232847e-01 1.541413e-02
1.519911e-01 1.618918e-02
1.873817e-01 1.700321e-02
2.310130e-01 1.785816e-02
2.848036e-01 1.875610e-02
3.511192e-01 1.969919e-02
4.328761e-01 2.068970e-02
5.336699e-01 2.173002e-02
6.579332e-01 2.282266e-02
8.111308e-01 2.397024e-02
1.000000e+00 2.517556e-02
1.232847e+00 2.644154e-02
1.519911e+00 2.777127e-02
1.873817e+00 2.916803e-02
2.310130e+00 3.063533e-02
2.848036e+00 3.217688e-02
3.511192e+00 3.379670e-02
4.328761e+00 3.549912e-02
5.336699e+00 3.728885e-02
6.579332e+00 3.917102e-02
8.111308e+00 4.115131e-02
1.000000e+01 4.323594e-02
1.232847e+01 4.543183e-02
1.519911e+01 4.774666e-02
1.873817e+01 5.018892e-02
2.310130e+01 5.276805e-02
2.848036e+01 5.549445e-02
3.511192e+01 5.837953e-02
4.328761e+01 6.143566e-02
5.336699e+01 6.467613e-02
6.579332e+01 6.811496e-02
8.111308e+01 7.176656e-02
1.000000e+02 7.564535e-02
1.232847e+02 7.976500e-02
1.519911e+02 8.413758e-02
1.873817e+02 8.877223e-02
2.310130e+02 9.367351e-02
2.848036e+02 9.883928e-02
3.511192e+02 1.042580e-01
4.328761e+02 1.099053e-01
5.336699e+02 1.157404e-01
6.579332e+02 1.217013e-01
8.111308e+02 1.276996e-01
1.000000e+03 1.336157e-01
1.232847e+03 1.392932e-01
1.519911e+03 1.445344e-01
1.873817e+03 1.490978e-01
2.310130e+03 1.526970e-01
2.848036e+03 1.550057e-01
3.511192e+03 1.556680e-01
4.328761e+03 1.543184e-01
5.336699e+03 1.506145e-01
6.579332e+03 1.442841e-01
8.111308e+03 1.351863e-01
1.000000e+04 1.233809e-01
1.232847e+04 1.091902e-01
1.519911e+04 9.323099e-02
1.873817e+04 7.638912e-02
2.310130e+04 5.972152e-02
2.848036e+04 4.429102e-02
3.511192e+04 3.097465e-02
4.328761e+04 2.030652e-02
5.336699e+04 1.240985e-02
6.579332e+04 7.036898e-03
8.111308e+04 3.693406e-03
1.000000e+05 1.797002e-03
1.232847e+05 8.159079e-04
1.519911e+05 3.497125e-04
1.873817e+05 1.435165e-04
2.310130e+05 5.717299e-05
2.848036e+05 2.235821e-05
3.511192e+05 8.650894e-06
4.328761e+05 3.328188e-06
5.336699e+05 1.276744e-06
6.579332e+05 4.891007e-07
8.111308e+05 1.872472e-07
1.000000e+06 7.166529e-08
1.232847e+06 2.742513e-08
1.519911e+06 1.049460e-08
1.873817e+06 4.015815e-09
2.310130e+06 1.536659e-09
2.848036e+06 5.880035e-10
3.511192e+06 2.249996e-10
4.328761e+06 8.609605e-11
5.336699e+06 3.294463e-11
6.579332e+06 1.260625e-11
8.111308e+06 4.823780e-12
1.000000e+07 1.845818e-12
