1.000000e-02 1.227064e-02
1.232847e-02 1.294083e-02
1.519911e-02 1.364762e-02
1.873817e-02 1.439301e-02
2.310130e-02 1.517912e-02
2.848036e-02 1.600816e-02
3.511192e-02 1.688248e-02
4.328761e-02 1.780455e-02
5.336699e-02 1.877698e-02
6.579332e-02 1.980253e-02
8.111308e-02 2.088409e-02
1.000000e-01 2.202472e-02
1.232847e-01 2.322764e-02
1.519911e-01 2.449627e-02
1.873817e-01 2.583419e-02
2.310130e-01 2.724518e-02
2.848036e-01 2.873323e-02
3.511192e-01 3.030256e-02
4.328761e-01 3.195760e-02
5.336699e-01 3.370303e-02
6.579332e-01 3.554379e-02
8.111308e-01 3.748507e-02
1.000000e+00 3.953235e-02
1.232847e+00 4.169136e-02
1.519911e+00 4.396813e-02
1.873817e+00 4.636890e-02
2.310130e+00 4.890014e-02
2.848036e+00 5.156845e-02
3.511192e+00 5.438044e-02
4.328761e+00 5.734258e-02
5.336699e+00 6.046096e-02
6.579332e+00 6.374097e-02
8.111308e+00 6.718688e-02
1.000000e+01 7.080126e-02
1.232847e+01 7.458430e-02
1.519911e+01 7.853289e-02
1.873817e+01 8.263961e-02
2.310130e+01 8.689140e-02
2.848036e+01 9.126820e-02
3.511192e+01 9.574130e-02
4.328761e+01 1.002717e-01
5.336699e+01 1.048085e-01
6.579332e+01 1.092874e-01
8.111308e+01 1.136296e-01
1.000000e+02 1.177417e-01
1.232847e+02 1.215159e-01
1.519911e+02 1.248322e-01
1.873817e+02 1.275616e-01
2.310130e+02 1.295714e-01
2.848036e+02 1.307321e-01
3.511192e+02 1.309255e-01
4.328761e+02 1.300536e-01
5.336699e+02 1.280483e-01
6.579332e+02 1.248790e-01
8.111308e+02 1.205593e-01
1.000000e+03 1.151500e-01
1.232847e+03 1.087587e-01
1.519911e+03 1.015355e-01
1.873817e+03 9.366477e-02
2.310130e+03 8.535392e-02
2.848036e+03 7.682054e-02
3.511192e+03 6.827902e-02
4.328761e+03 5.992825e-02
5.336699e+03 5.194164e-02
6.579332e+03 4.445994e-02
8.111308e+03 3.758740e-02
1.000000e+04 3.139102e-02
1.232847e+04 2.590242e-02
1.519911e+04 2.112189e-02
1.873817e+04 1.702369e-02
2.310130e+04 1.356210e-02
2.848036e+04 1.067779e-02
3.511192e+04 8.303898e-03
4.328761e+04 6.371542e-03
5.336699e+04 4.814367e-03
6.579332e+04 3.571879e-03
8.111308e+04 2.591450e-03
1.000000e+05 1.828930e-03
1.232847e+05 1.247933e-03
1.519911e+05 8.180085e-04
1.873817e+05 5.122852e-04
2.310130e+05 3.055280e-04
2.848036e+05 1.735683e-04
3.511192e+05 9.430059e-05
4.328761e+05 4.934406e-05
5.336699e+05 2.507827e-05
6.579332e+05 1.248155e-05
8.111308e+05 6.125456e-06
1.000000e+06 2.979527e-06
1.232847e+06 1.441559e-06
1.519911e+06 6.953083e-07
1.873817e+06 3.347940e-07
2.310130e+06 1.610562e-07
2.848036e+06 7.744065e-08
3.511192e+06 3.722682e-08
4.328761e+06 1.789339e-08
5.336699e+06 8.600168e-09
6.579332e+06 4.133445e-09
8.111308e+06 1.986619e-09
1.000000e+07 9.548087e-10
