1.000000e-02 3.049636e-03
1.232847e-02 3.282658e-03
1.519911e-02 3.533486e-03
1.873817e-02 3.803479e-03
2.310130e-02 4.094102e-03
2.848036e-02 4.406932e-03
3.511192e-02 4.743665e-03
4.328761e-02 5.106128e-03
5.336699e-02 5.496286e-03
6.579332e-02 5.916256e-03
8.111308e-02 6.368316e-03
1.000000e-01 6.854918e-03
1.232847e-01 7.378702e-03
1.519911e-01 7.942507e-03
1.873817e-01 8.549393e-03
2.310130e-01 9.202651e-03
2.848036e-01 9.905824e-03
3.511192e-01 1.066273e-02
4.328761e-01 1.147747e-02
5.336699e-01 1.235447e-02
6.579332e-01 1.329850e-02
8.111308e-01 1.431469e-02
1.000000e+00 1.540860e-02
1.232847e+00 1.658622e-02
1.519911e+00 1.785403e-02
1.873817e+00 1.921905e-02
2.310130e+00 2.068889e-02
2.848036e+00 2.227178e-02
3.511192e+00 2.397662e-02
4.328761e+00 2.581294e-02
5.336699e+00 2.779096e-02
6.579332e+00 2.992141e-02
8.111308e+00 3.221541e-02
1.000000e+01 3.468419e-02
1.232847e+01 3.733855e-02
1.519911e+01 4.018830e-02
1.873817e+01 4.324122e-02
2.310130e+01 4.650189e-02
2.848036e+01 4.997001e-02
3.511192e+01 5.363846e-02
4.328761e+01 5.749093e-02
5.336699e+01 6.149944e-02
6.579332e+01 6.562176e-02
8.111308e+01 6.979934e-02
1.000000e+02 7.395610e-02
1.232847e+02 7.799899e-02
1.519911e+02 8.182085e-02
1.873817e+02 8.530646e-02
2.310130e+02 8.834201e-02
2.848036e+02 9.082777e-02
3.511192e+02 9.269301e-02
4.328761e+02 9.391119e-02
5.336699e+02 9.451326e-02
6.579332e+02 9.459679e-02
8.111308e+02 9.432968e-02
1.000000e+03 9.394906e-02
1.232847e+03 9.375782e-02
1.519911e+03 9.412355e-02
1.873817e+03 9.548548e-02
2.310130e+03 9.837595e-02
2.848036e+03 1.034619e-01
3.511192e+03 1.116081e-01
4.328761e+03 1.239518e-01
5.336699e+03 1.419376e-01
6.579332e+03 1.671454e-01
8.111308e+03 2.004653e-01
1.000000e+04 2.396740e-01
1.232847e+04 2.744045e-01
1.519911e+04 2.811899e-01
1.873817e+04 2.333350e-01
2.310130e+04 1.393019e-01
2.848036e+04 5.510530e-02
3.511192e+04 1.477589e-02
4.328761e+04 3.023147e-03
5.336699e+04 5.362087e-04
6.579332e+04 8.952929e-05
8.111308e+04 1.463130e-05
1.000000e+05 2.375373e-06
1.232847e+05 3.849409e-07
1.519911e+05 6.235341e-08
1.873817e+05 1.009907e-08
2.310130e+05 1.635658e-09
2.848036e+05 2.649120e-10
3.511192e+05 4.290526e-11
4.328761e+05 6.948952e-12
5.336699e+05 1.125455e-12
6.579332e+05 1.822791e-13
8.111308e+05 2.952199e-14
1.000000e+06 4.781392e-15
1.232847e+06 7.743960e-16
1.519911e+06 1.254215e-16
1.873817e+06 2.031331e-17
2.310130e+06 3.289950e-18
2.848036e+06 5.328416e-19
3.511192e+06 8.629922e-20
4.328761e+06 1.397705e-20
5.336699e+06 2.263729e-21
6.579332e+06 3.666343e-22
8.111308e+06 5.938023e-23
1.000000e+07 9.617244e-24
