1.000000e-02 1.553476e-02
1.232847e-02 1.631947e-02
1.519911e-02 1.714381e-02
1.873817e-02 1.800980e-02
2.310130e-02 1.891953e-02
2.848036e-02 1.987522e-02
3.511192e-02 2.087918e-02
4.328761e-02 2.193385e-02
5.336699e-02 2.304180e-02
6.579332e-02 2.420571e-02
8.111308e-02 2.542841e-02
1.000000e-01 2.671288e-02
1.232847e-01 2.806223e-02
1.519911e-01 2.947974e-02
1.873817e-01 3.096886e-02
2.310130e-01 3.253319e-02
2.848036e-01 3.417654e-02
3.511192e-01 3.590290e-02
4.328761e-01 3.771645e-02
5.336699e-01 3.962158e-02
6.579332e-01 4.162288e-02
8.111308e-01 4.372511e-02
1.000000e+00 4.593320e-02
1.232847e+00 4.825220e-02
1.519911e+00 5.068721e-02
1.873817e+00 5.324326e-02
2.310130e+00 5.592519e-02
2.848036e+00 5.873743e-02
3.511192e+00 6.168378e-02
4.328761e+00 6.476703e-02
5.336699e+00 6.798862e-02
6.579332e+00 7.134811e-02
8.111308e+00 7.484257e-02
1.000000e+01 7.846592e-02
1.232847e+01 8.220809e-02
1.519911e+01 8.605416e-02
1.873817e+01 8.998336e-02
2.310130e+01 9.396805e-02
2.848036e+01 9.797271e-02
3.511192e+01 1.019530e-01
4.328761e+01 1.058552e-01
5.336699e+01 1.096153e-01
6.579332e+01 1.131598e-01
8.111308e+01 1.164056e-01
1.000000e+02 1.192619e-01
1.232847e+02 1.216325e-01
1.519911e+02 1.234187e-01
1.873817e+02 1.245242e-01
2.310130e+02 1.248593e-01
2.848036e+02 1.243472e-01
3.511192e+02 1.229290e-01
4.328761e+02 1.205693e-01
5.336699e+02 1.172601e-01
6.579332e+02 1.130240e-01
8.111308e+02 1.079150e-01
1.000000e+03 1.020179e-01
1.232847e+03 9.544533e-02
1.519911e+03 8.833300e-02
1.873817e+03 8.083353e-02
2.310130e+03 7.310902e-02
2.848036e+03 6.532330e-02
3.511192e+03 5.763427e-02
4.328761e+03 5.018715e-02
5.336699e+03 4.310899e-02
6.579332e+03 3.650457e-02
8.111308e+03 3.045386e-02
1.000000e+04 2.501077e-02
1.232847e+04 2.020332e-02
1.519911e+04 1.603521e-02
1.873817e+04 1.248878e-02
2.310130e+04 9.529229e-03
2.848036e+04 7.109298e-03
3.511192e+04 5.173908e-03
4.328761e+04 3.663923e-03
5.336699e+04 2.518760e-03
6.579332e+04 1.678019e-03
8.111308e+04 1.082820e-03
1.000000e+05 6.775588e-04
1.232847e+05 4.122638e-04
1.519911e+05 2.449104e-04
1.873817e+05 1.427187e-04
2.310130e+05 8.196106e-05
2.848036e+05 4.657515e-05
3.511192e+05 2.627483e-05
4.328761e+05 1.475112e-05
5.336699e+05 8.255777e-06
6.579332e+05 4.611519e-06
8.111308e+05 2.572831e-06
1.000000e+06 1.434389e-06
1.232847e+06 7.993523e-07
1.519911e+06 4.453510e-07
1.873817e+06 2.480877e-07
2.310130e+06 1.381890e-07
2.848036e+06 7.697023e-08
3.511192e+06 4.287082e-08
4.328761e+06 2.387786e-08
5.336699e+06 1.329924e-08
6.579332e+06 7.407246e-09
8.111308e+06 4.125594e-09
1.000000e+07 2.297821e-09
