1.000000e-02 1.362307e-02
1.232847e-02 1.428344e-02
1.519911e-02 1.497583e-02
1.873817e-02 1.570177e-02
2.310130e-02 1.646291e-02
2.848036e-02 1.726094e-02
3.511192e-02 1.809766e-02
4.328761e-02 1.897494e-02
5.336699e-02 1.989474e-02
6.579332e-02 2.085913e-02
8.111308e-02 2.187026e-02
1.000000e-01 2.293042e-02
1.232847e-01 2.404196e-02
1.519911e-01 2.520738e-02
1.873817e-01 2.642930e-02
2.310130e-01 2.771045e-02
2.848036e-01 2.905370e-02
3.511192e-01 3.046206e-02
4.328761e-01 3.193868e-02
5.336699e-01 3.348687e-02
6.579332e-01 3.511006e-02
8.111308e-01 3.681184e-02
1.000000e+00 3.859593e-02
1.232847e+00 4.046615e-02
1.519911e+00 4.242640e-02
1.873817e+00 4.448063e-02
2.310130e+00 4.663274e-02
2.848036e+00 4.888656e-02
3.511192e+00 5.124568e-02
4.328761e+00 5.371338e-02
5.336699e+00 5.629247e-02
6.579332e+00 5.898508e-02
8.111308e+00 6.179248e-02
1.000000e+01 6.471480e-02
1.232847e+01 6.775074e-02
1.519911e+01 7.089723e-02
1.873817e+01 7.414900e-02
2.310130e+01 7.749817e-02
2.848036e+01 8.093373e-02
3.511192e+01 8.444098e-02
4.328761e+01 8.800098e-02
5.336699e+01 9.158991e-02
6.579332e+01 9.517850e-02
8.111308e+01 9.873149e-02
1.000000e+02 1.022071e-01
1.232847e+02 1.055570e-01
1.519911e+02 1.087259e-01
1.873817e+02 1.116519e-01
2.310130e+02 1.142675e-01
2.848036e+02 1.165004e-01
3.511192e+02 1.182751e-01
4.328761e+02 1.195159e-01
5.336699e+02 1.201487e-01
6.579332e+02 1.201051e-01
8.111308e+02 1.193257e-01
1.000000e+03 1.177640e-01
1.232847e+03 1.153898e-01
1.519911e+03 1.121922e-01
1.873817e+03 1.081824e-01
2.310130e+03 1.033941e-01
2.848036e+03 9.788455e-02
3.511192e+03 9.173287e-02
4.328761e+03 8.503882e-02
5.336699e+03 7.792022e-02
6.579332e+03 7.051003e-02
8.111308e+03 6.295266e-02
1.000000e+04 5.539933e-02
1.232847e+04 4.800215e-02
1.519911e+04 4.090711e-02
1.873817e+04 3.424622e-02
2.310130e+04 2.812998e-02
2.848036e+04 2.264105e-02
3.511192e+04 1.783039e-02
4.328761e+04 1.371634e-02
5.336699e+04 1.028692e-02
6.579332e+04 7.504516e-03
8.111308e+04 5.312020e-03
1.000000e+05 3.639051e-03
1.232847e+05 2.407494e-03
1.519911e+05 1.536296e-03
1.873817e+05 9.459972e-04
2.310130e+05 5.634048e-04
2.848036e+05 3.258705e-04
3.511192e+05 1.840068e-04
4.328761e+05 1.019955e-04
5.336699e+05 5.578082e-05
6.579332e+05 3.022443e-05
8.111308e+05 1.627699e-05
1.000000e+06 8.731826e-06
1.232847e+06 4.673074e-06
1.519911e+06 2.497379e-06
1.873817e+06 1.333550e-06
2.310130e+06 7.117573e-07
2.848036e+06 3.797899e-07
3.511192e+06 2.026263e-07
4.328761e+06 1.080981e-07
5.336699e+06 5.766682e-08
6.579332e+06 3.076295e-08
8.111308e+06 1.641073e-08
1.000000e+07 8.754419e-09
