1.000000e-02 1.549645e-02
1.232847e-02 1.627290e-02
1.519911e-02 1.708826e-02
1.873817e-02 1.794447e-02
2.310130e-02 1.884358e-02
2.848036e-02 1.978775e-02
3.511192e-02 2.077922e-02
4.328761e-02 2.182036e-02
5.336699e-02 2.291368e-02
6.579332e-02 2.406177e-02
8.111308e-02 2.526740e-02
1.000000e-01 2.653342e-02
1.232847e-01 2.786289e-02
1.519911e-01 2.925897e-02
1.873817e-01 3.072499e-02
2.310130e-01 3.226448e-02
2.848036e-01 3.388109e-02
3.511192e-01 3.557871e-02
4.328761e-01 3.736136e-02
5.336699e-01 3.923329e-02
6.579332e-01 4.119891e-02
8.111308e-01 4.326277e-02
1.000000e+00 4.542956e-02
1.232847e+00 4.770400e-02
1.519911e+00 5.009078e-02
1.873817e+00 5.259438e-02
2.310130e+00 5.521896e-02
2.848036e+00 5.796805e-02
3.511192e+00 6.084434e-02
4.328761e+00 6.384928e-02
5.336699e+00 6.698268e-02
6.579332e+00 7.024227e-02
8.111308e+00 7.362310e-02
1.000000e+01 7.711702e-02
1.232847e+01 8.071198e-02
1.519911e+01 8.439143e-02
1.873817e+01 8.813360e-02
2.310130e+01 9.191097e-02
2.848036e+01 9.568964e-02
3.511192e+01 9.942895e-02
4.328761e+01 1.030812e-01
5.336699e+01 1.065918e-01
6.579332e+01 1.098991e-01
8.111308e+01 1.129352e-01
1.000000e+02 1.156268e-01
1.232847e+02 1.178966e-01
1.519911e+02 1.196644e-01
1.873817e+02 1.208497e-01
2.310130e+02 1.213736e-01
2.848036e+02 1.211621e-01
3.511192e+02 1.201497e-01
4.328761e+02 1.182831e-01
5.336699e+02 1.155268e-01
6.579332e+02 1.118684e-01
8.111308e+02 1.073246e-01
1.000000e+03 1.019468e-01
1.232847e+03 9.582463e-02
1.519911e+03 8.908732e-02
1.873817e+03 8.190013e-02
2.310130e+03 7.445618e-02
2.848036e+03 6.696323e-02
3.511192e+03 5.962701e-02
4.328761e+03 5.263355e-02
5.336699e+03 4.613342e-02
6.579332e+03 4.023069e-02
8.111308e+03 3.497810e-02
1.000000e+04 3.037831e-02
1.232847e+04 2.638977e-02
1.519911e+04 2.293519e-02
1.873817e+04 1.991098e-02
2.310130e+04 1.719760e-02
2.848036e+04 1.467300e-02
3.511192e+04 1.223310e-02
4.328761e+04 9.821314e-03
5.336699e+04 7.460226e-03
6.579332e+04 5.262464e-03
8.111308e+04 3.392231e-03
1.000000e+05 1.979903e-03
1.232847e+05 1.047484e-03
1.519911e+05 5.082103e-04
1.873817e+05 2.303395e-04
2.310130e+05 9.949581e-05
2.848036e+05 4.167033e-05
3.511192e+05 1.713603e-05
4.328761e+05 6.975996e-06
5.336699e+05 2.824957e-06
6.579332e+05 1.140976e-06
8.111308e+05 4.602510e-07
1.000000e+06 1.855492e-07
1.232847e+06 7.478403e-08
1.519911e+06 3.013754e-08
1.873817e+06 1.214464e-08
2.310130e+06 4.893868e-09
2.848036e+06 1.972040e-09
3.511192e+06 7.946534e-10
4.328761e+06 3.202131e-10
5.336699e+06 1.290328e-10
6.579332e+06 5.199493e-11
8.111308e+06 2.095183e-11
1.000000e+07 8.442730e-12
