1.000000e-02 1.774415e-02
1.232847e-02 1.863848e-02
1.519911e-02 1.957788e-02
1.873817e-02 2.056463e-02
2.310130e-02 2.160111e-02
2.848036e-02 2.268983e-02
3.511192e-02 2.383342e-02
4.328761e-02 2.503466e-02
5.336699e-02 2.629643e-02
6.579332e-02 2.762180e-02
8.111308e-02 2.901398e-02
1.000000e-01 3.047631e-02
1.232847e-01 3.201236e-02
1.519911e-01 3.362582e-02
1.873817e-01 3.532060e-02
2.310130e-01 3.710080e-02
2.848036e-01 3.897072e-02
3.511192e-01 4.093487e-02
4.328761e-01 4.299800e-02
5.336699e-01 4.516501e-02
6.579332e-01 4.744105e-02
8.111308e-01 4.983134e-02
1.000000e+00 5.234118e-02
1.232847e+00 5.497578e-02
1.519911e+00 5.774005e-02
1.873817e+00 6.063835e-02
2.310130e+00 6.367413e-02
2.848036e+00 6.684943e-02
3.511192e+00 7.016432e-02
4.328761e+00 7.361623e-02
5.336699e+00 7.719905e-02
6.579332e+00 8.090225e-02
8.111308e+00 8.470978e-02
1.000000e+01 8.859905e-02
1.232847e+01 9.253975e-02
1.519911e+01 9.649288e-02
1.873817e+01 1.004099e-01
2.310130e+01 1.042325e-01
2.848036e+01 1.078920e-01
3.511192e+01 1.113108e-01
4.328761e+01 1.144035e-01
5.336699e+01 1.170792e-01
6.579332e+01 1.192453e-01
8.111308e+01 1.208115e-01
1.000000e+02 1.216948e-01
1.232847e+02 1.218248e-01
1.519911e+02 1.211489e-01
1.873817e+02 1.196367e-01
2.310130e+02 1.172832e-01
2.848036e+02 1.141104e-01
3.511192e+02 1.101670e-01
4.328761e+02 1.055258e-01
5.336699e+02 1.002796e-01
6.579332e+02 9.453609e-02
8.111308e+02 8.841108e-02
1.000000e+03 8.202266e-02
1.232847e+03 7.548531e-02
1.519911e+03 6.890520e-02
1.873817e+03 6.237687e-02
2.310130e+03 5.598153e-02
2.848036e+03 4.978691e-02
3.511192e+03 4.384845e-02
4.328761e+03 3.821138e-02
5.336699e+03 3.291308e-02
6.579332e+03 2.798519e-02
8.111308e+03 2.345475e-02
1.000000e+04 1.934430e-02
1.232847e+04 1.567083e-02
1.519911e+04 1.244403e-02
1.873817e+04 9.664476e-03
2.310130e+04 7.322234e-03
2.848036e+04 5.396434e-03
3.511192e+04 3.856018e-03
4.328761e+04 2.661507e-03
5.336699e+04 1.767409e-03
6.579332e+04 1.124806e-03
8.111308e+04 6.839367e-04
1.000000e+05 3.968148e-04
1.232847e+05 2.199790e-04
1.519911e+05 1.170218e-04
1.873817e+05 6.013750e-05
2.310130e+05 3.008836e-05
2.848036e+05 1.476699e-05
3.511192e+05 7.154277e-06
4.328761e+05 3.437777e-06
5.336699e+05 1.643776e-06
6.579332e+05 7.837310e-07
8.111308e+05 3.730782e-07
1.000000e+06 1.774427e-07
1.232847e+06 8.435654e-08
1.519911e+06 4.009378e-08
1.873817e+06 1.905388e-08
2.310130e+06 9.054492e-09
2.848036e+06 4.302611e-09
3.511192e+06 2.044532e-09
4.328761e+06 9.715231e-10
5.336699e+06 4.616481e-10
6.579332e+06 2.193656e-10
8.111308e+06 1.042380e-10
1.000000e+07 4.953170e-11
