1.000000e-02 4.072357e-02
1.232847e-02 4.216442e-02
1.519911e-02 4.365625e-02
1.873817e-02 4.520087e-02
2.310130e-02 4.680014e-02
2.848036e-02 4.845599e-02
3.511192e-02 5.017042e-02
4.328761e-02 5.194552e-02
5.336699e-02 5.378342e-02
6.579332e-02 5.568635e-02
8.111308e-02 5.765660e-02
1.000000e-01 5.969657e-02
1.232847e-01 6.180871e-02
1.519911e-01 6.399559e-02
1.873817e-01 6.625983e-02
2.310130e-01 6.860419e-02
2.848036e-01 7.103146e-02
3.511192e-01 7.354453e-02
4.328761e-01 7.614624e-02
5.336699e-01 7.883929e-02
6.579332e-01 8.162595e-02
8.111308e-01 8.450770e-02
1.000000e+00 8.748452e-02
1.232847e+00 9.055415e-02
1.519911e+00 9.371090e-02
1.873817e+00 9.694435e-02
2.310130e+00 1.002377e-01
2.848036e+00 1.035662e-01
3.511192e+00 1.068948e-01
4.328761e+00 1.101771e-01
5.336699e+00 1.133529e-01
6.579332e+00 1.163479e-01
8.111308e+00 1.190733e-01
1.000000e+01 1.214262e-01
1.232847e+01 1.232927e-01
1.519911e+01 1.245513e-01
1.873817e+01 1.250796e-01
2.310130e+01 1.247612e-01
2.848036e+01 1.234952e-01
3.511192e+01 1.212054e-01
4.328761e+01 1.178501e-01
5.336699e+01 1.134288e-01
6.579332e+01 1.079878e-01
8.111308e+01 1.016205e-01
1.000000e+02 9.446469e-02
1.232847e+02 8.669477e-02
1.519911e+02 7.851086e-02
1.873817e+02 7.012581e-02
2.310130e+02 6.175168e-02
2.848036e+02 5.358730e-02
3.511192e+02 4.580801e-02
4.328761e+02 3.855828e-02
5.336699e+02 3.194706e-02
6.579332e+02 2.604595e-02
8.111308e+02 2.088957e-02
1.000000e+03 1.647820e-02
1.232847e+03 1.278234e-02
1.519911e+03 9.748935e-03
1.873817e+03 7.308579e-03
2.310130e+03 5.383017e-03
2.848036e+03 3.891941e-03
3.511192e+03 2.758461e-03
4.328761e+03 1.912858e-03
5.336699e+03 1.294561e-03
6.579332e+03 8.525949e-04
8.111308e+03 5.449356e-04
1.000000e+04 3.373421e-04
1.232847e+04 2.021663e-04
1.519911e+04 1.174629e-04
1.873817e+04 6.639177e-05
2.310130e+04 3.667655e-05
2.848036e+04 1.990490e-05
3.511192e+04 1.066411e-05
4.328761e+04 5.662744e-06
5.336699e+04 2.989455e-06
6.579332e+04 1.572376e-06
8.111308e+04 8.251716e-07
1.000000e+05 4.324666e-07
1.232847e+05 2.264774e-07
1.519911e+05 1.185512e-07
1.873817e+05 6.204117e-08
2.310130e+05 3.246346e-08
2.848036e+05 1.698545e-08
3.511192e+05 8.886729e-09
4.328761e+05 4.649403e-09
5.336699e+05 2.432470e-09
6.579332e+05 1.272609e-09
8.111308e+05 6.657957e-10
1.000000e+06 3.483263e-10
1.232847e+06 1.822347e-10
1.519911e+06 9.534016e-11
1.873817e+06 4.987931e-11
2.310130e+06 2.609546e-11
2.848036e+06 1.365241e-11
3.511192e+06 7.142560e-12
4.328761e+06 3.736787e-12
5.336699e+06 1.954982e-12
6.579332e+06 1.022792e-12
8.111308e+06 5.350960e-13
1.000000e+07 2.799472e-13
