1.000000e-02 7.063303e-03
1.232847e-02 7.459572e-03
1.519911e-02 7.878073e-03
1.873817e-02 8.320052e-03
2.310130e-02 8.786828e-03
2.848036e-02 9.279791e-03
3.511192e-02 9.800410e-03
4.328761e-02 1.035024e-02
5.336699e-02 1.093091e-02
6.579332e-02 1.154416e-02
8.111308e-02 1.219182e-02
1.000000e-01 1.287581e-02
1.232847e-01 1.359818e-02
1.519911e-01 1.436107e-02
1.873817e-01 1.516676e-02
2.310130e-01 1.601765e-02
2.848036e-01 1.691628e-02
3.511192e-01 1.786533e-02
4.328761e-01 1.886762e-02
5.336699e-01 1.992614e-02
6.579332e-01 2.104405e-02
8.111308e-01 2.222469e-02
1.000000e+00 2.347157e-02
1.232847e+00 2.478843e-02
1.519911e+00 2.617920e-02
1.873817e+00 2.764806e-02
2.310130e+00 2.919943e-02
2.848036e+00 3.083795e-02
3.511192e+00 3.256859e-02
4.328761e+00 3.439656e-02
5.336699e+00 3.632736e-02
6.579332e+00 3.836680e-02
8.111308e+00 4.052094e-02
1.000000e+01 4.279612e-02
1.232847e+01 4.519886e-02
1.519911e+01 4.773585e-02
1.873817e+01 5.041376e-02
2.310130e+01 5.323918e-02
2.848036e+01 5.621834e-02
3.511192e+01 5.935685e-02
4.328761e+01 6.265938e-02
5.336699e+01 6.612912e-02
6.579332e+01 6.976730e-02
8.111308e+01 7.357245e-02
1.000000e+02 7.753961e-02
1.232847e+02 8.165941e-02
1.519911e+02 8.591697e-02
1.873817e+02 9.029085e-02
2.310130e+02 9.475186e-02
2.848036e+02 9.926192e-02
3.511192e+02 1.037731e-01
4.328761e+02 1.082270e-01
5.336699e+02 1.125540e-01
6.579332e+02 1.166742e-01
8.111308e+02 1.204977e-01
1.000000e+03 1.239263e-01
1.232847e+03 1.268565e-01
1.519911e+03 1.291820e-01
1.873817e+03 1.307987e-01
2.310130e+03 1.316079e-01
2.848036e+03 1.315219e-01
3.511192e+03 1.304675e-01
4.328761e+03 1.283901e-01
5.336699e+03 1.252567e-01
6.579332e+03 1.210586e-01
8.111308e+03 1.158140e-01
1.000000e+04 1.095703e-01
1.232847e+04 1.024076e-01
1.519911e+04 9.444186e-02
1.873817e+04 8.582739e-02
2.310130e+04 7.675655e-02
2.848036e+04 6.745497e-02
3.511192e+04 5.817071e-02
4.328761e+04 4.915734e-02
5.336699e+04 4.065320e-02
6.579332e+04 3.286052e-02
8.111308e+04 2.592867e-02
1.000000e+05 1.994484e-02
1.232847e+05 1.493369e-02
1.519911e+05 1.086471e-02
1.873817e+05 7.664772e-03
2.310130e+05 5.232101e-03
2.848036e+05 3.449216e-03
3.511192e+05 2.193548e-03
4.328761e+05 1.346107e-03
5.336699e+05 7.987784e-04
6.579332e+05 4.601131e-04
8.111308e+05 2.585876e-04
1.000000e+06 1.425776e-04
1.232847e+06 7.752484e-05
1.519911e+06 4.175019e-05
1.873817e+06 2.234321e-05
2.310130e+06 1.191047e-05
2.848036e+06 6.334286e-06
3.511192e+06 3.364271e-06
4.328761e+06 1.785569e-06
5.336699e+06 9.473496e-07
6.579332e+06 5.025483e-07
8.111308e+06 2.665771e-07
1.000000e+07 1.414046e-07
