1.000000e-02 7.074209e-03
1.232847e-02 7.456563e-03
1.519911e-02 7.859582e-03
1.873817e-02 8.284384e-03
2.310130e-02 8.732146e-03
2.848036e-02 9.204109e-03
3.511192e-02 9.701581e-03
4.328761e-02 1.022594e-02
5.336699e-02 1.077864e-02
6.579332e-02 1.136122e-02
8.111308e-02 1.197528e-02
1.000000e-01 1.262253e-02
1.232847e-01 1.330476e-02
1.519911e-01 1.402387e-02
1.873817e-01 1.478184e-02
2.310130e-01 1.558079e-02
2.848036e-01 1.642291e-02
3.511192e-01 1.731055e-02
4.328761e-01 1.824617e-02
5.336699e-01 1.923236e-02
6.579332e-01 2.027185e-02
8.111308e-01 2.136754e-02
1.000000e+00 2.252248e-02
1.232847e+00 2.373987e-02
1.519911e+00 2.502314e-02
1.873817e+00 2.637590e-02
2.310130e+00 2.780198e-02
2.848036e+00 2.930547e-02
3.511192e+00 3.089072e-02
4.328761e+00 3.256241e-02
5.336699e+00 3.432552e-02
6.579332e+00 3.618544e-02
8.111308e+00 3.814792e-02
1.000000e+01 4.021920e-02
1.232847e+01 4.240596e-02
1.519911e+01 4.471538e-02
1.873817e+01 4.715514e-02
2.310130e+01 4.973340e-02
2.848036e+01 5.245876e-02
3.511192e+01 5.534017e-02
4.328761e+01 5.838678e-02
5.336699e+01 6.160773e-02
6.579332e+01 6.501184e-02
8.111308e+01 6.860719e-02
1.000000e+02 7.240058e-02
1.232847e+02 7.639678e-02
1.519911e+02 8.059766e-02
1.873817e+02 8.500107e-02
2.310130e+02 8.959953e-02
2.848036e+02 9.437865e-02
3.511192e+02 9.931540e-02
4.328761e+02 1.043762e-01
5.336699e+02 1.095148e-01
6.579332e+02 1.146704e-01
8.111308e+02 1.197656e-01
1.000000e+03 1.247051e-01
1.232847e+03 1.293747e-01
1.519911e+03 1.336410e-01
1.873817e+03 1.373523e-01
2.310130e+03 1.403416e-01
2.848036e+03 1.424297e-01
3.511192e+03 1.434318e-01
4.328761e+03 1.431655e-01
5.336699e+03 1.414619e-01
6.579332e+03 1.381789e-01
8.111308e+03 1.332176e-01
1.000000e+04 1.265400e-01
1.232847e+04 1.181883e-01
1.519911e+04 1.083012e-01
1.873817e+04 9.712602e-02
2.310130e+04 8.502007e-02
2.848036e+04 7.243706e-02
3.511192e+04 5.989419e-02
4.328761e+04 4.792043e-02
5.336699e+04 3.699311e-02
6.579332e+04 2.747683e-02
8.111308e+04 1.958125e-02
1.000000e+05 1.334964e-02
1.232847e+05 8.679137e-03
1.519911e+05 5.362999e-03
1.873817e+05 3.139948e-03
2.310130e+05 1.738590e-03
2.848036e+05 9.108923e-04
3.511192e+05 4.533635e-04
4.328761e+05 2.159302e-04
5.336699e+05 9.934815e-05
6.579332e+05 4.458441e-05
8.111308e+05 1.967947e-05
1.000000e+06 8.597969e-06
1.232847e+06 3.734171e-06
1.519911e+06 1.616477e-06
1.873817e+06 6.985484e-07
2.310130e+06 3.016096e-07
2.848036e+06 1.301696e-07
3.511192e+06 5.616784e-08
4.328761e+06 2.423411e-08
5.336699e+06 1.045563e-08
6.579332e+06 4.510940e-09
8.111308e+06 1.946176e-09
1.000000e+07 8.396474e-10
