1.000000e-02 9.335362e-02
1.232847e-02 9.425590e-02
1.519911e-02 9.516690e-02
1.873817e-02 9.608670e-02
2.310130e-02 9.701540e-02
2.848036e-02 9.795307e-02
3.511192e-02 9.889981e-02
4.328761e-02 9.985569e-02
5.336699e-02 1.008208e-01
6.579332e-02 1.017953e-01
8.111308e-02 1.027791e-01
1.000000e-01 1.037725e-01
1.232847e-01 1.047755e-01
1.519911e-01 1.057882e-01
1.873817e-01 1.068106e-01
2.310130e-01 1.078429e-01
2.848036e-01 1.088851e-01
3.511192e-01 1.099369e-01
4.328761e-01 1.109975e-01
5.336699e-01 1.120651e-01
6.579332e-01 1.131360e-01
8.111308e-01 1.142028e-01
1.000000e+00 1.152537e-01
1.232847e+00 1.162696e-01
1.519911e+00 1.172226e-01
1.873817e+00 1.180739e-01
2.310130e+00 1.187723e-01
2.848036e+00 1.192535e-01
3.511192e+00 1.194403e-01
4.328761e+00 1.192447e-01
5.336699e+00 1.185716e-01
6.579332e+00 1.173240e-01
8.111308e+00 1.154106e-01
1.000000e+01 1.127544e-01
1.232847e+01 1.093016e-01
1.519911e+01 1.050306e-01
1.873817e+01 9.995814e-02
2.310130e+01 9.414293e-02
2.848036e+01 8.768479e-02
3.511192e+01 8.071945e-02
4.328761e+01 7.340931e-02
5.336699e+01 6.593166e-02
6.579332e+01 5.846578e-02
8.111308e+01 5.118075e-02
1.000000e+02 4.422537e-02
1.232847e+02 3.772094e-02
1.519911e+02 3.175726e-02
1.873817e+02 2.639171e-02
2.310130e+02 2.165095e-02
2.848036e+02 1.753457e-02
3.511192e+02 1.402001e-02
4.328761e+02 1.106797e-02
5.336699e+02 8.627701e-03
6.579332e+02 6.641832e-03
8.111308e+02 5.050468e-03
1.000000e+03 3.794428e-03
1.232847e+03 2.817691e-03
1.519911e+03 2.069078e-03
1.873817e+03 1.503271e-03
2.310130e+03 1.081275e-03
2.848036e+03 7.704289e-04
3.511192e+03 5.440672e-04
4.328761e+03 3.809407e-04
5.336699e+03 2.644972e-04
6.579332e+03 1.821066e-04
8.111308e+03 1.243032e-04
1.000000e+04 8.409712e-05
1.232847e+04 5.638431e-05
1.519911e+04 3.746803e-05
1.873817e+04 2.468793e-05
2.310130e+04 1.614252e-05
2.848036e+04 1.048503e-05
3.511192e+04 6.772963e-06
4.328761e+04 4.356027e-06
5.336699e+04 2.792225e-06
6.579332e+04 1.785392e-06
8.111308e+04 1.139566e-06
1.000000e+05 7.264350e-07
1.232847e+05 4.626732e-07
1.519911e+05 2.945052e-07
1.873817e+05 1.873861e-07
2.310130e+05 1.191971e-07
2.848036e+05 7.580849e-08
3.511192e+05 4.820807e-08
4.328761e+05 3.065413e-08
5.336699e+05 1.949114e-08
6.579332e+05 1.239287e-08
8.111308e+05 7.879486e-09
1.000000e+06 5.009776e-09
1.232847e+06 3.185189e-09
1.519911e+06 2.025116e-09
1.873817e+06 1.287548e-09
2.310130e+06 8.186079e-10
2.848036e+06 5.204607e-10
3.511192e+06 3.309023e-10
4.328761e+06 2.103833e-10
5.336699e+06 1.337590e-10
6.579332e+06 8.504217e-11
8.111308e+06 5.406868e-11
1.000000e+07 3.437615e-11
