1.000000e-02 7.871689e-03
1.232847e-02 8.286657e-03
1.519911e-02 8.723501e-03
1.873817e-02 9.183373e-03
2.310130e-02 9.667489e-03
2.848036e-02 1.017712e-02
3.511192e-02 1.071363e-02
4.328761e-02 1.127841e-02
5.336699e-02 1.187297e-02
6.579332e-02 1.249887e-02
8.111308e-02 1.315777e-02
1.000000e-01 1.385140e-02
1.232847e-01 1.458160e-02
1.519911e-01 1.535029e-02
1.873817e-01 1.615950e-02
2.310130e-01 1.701138e-02
2.848036e-01 1.790816e-02
3.511192e-01 1.885221e-02
4.328761e-01 1.984604e-02
5.336699e-01 2.089226e-02
6.579332e-01 2.199364e-02
8.111308e-01 2.315310e-02
1.000000e+00 2.437372e-02
1.232847e+00 2.565877e-02
1.519911e+00 2.701169e-02
1.873817e+00 2.843616e-02
2.310130e+00 2.993609e-02
2.848036e+00 3.151569e-02
3.511192e+00 3.317944e-02
4.328761e+00 3.493222e-02
5.336699e+00 3.677927e-02
6.579332e+00 3.872632e-02
8.111308e+00 4.077956e-02
1.000000e+01 4.294579e-02
1.232847e+01 4.523236e-02
1.519911e+01 4.764729e-02
1.873817e+01 5.019925e-02
2.310130e+01 5.289756e-02
2.848036e+01 5.575212e-02
3.511192e+01 5.877335e-02
4.328761e+01 6.197198e-02
5.336699e+01 6.535877e-02
6.579332e+01 6.894415e-02
8.111308e+01 7.273764e-02
1.000000e+02 7.674717e-02
1.232847e+02 8.097807e-02
1.519911e+02 8.543191e-02
1.873817e+02 9.010501e-02
2.310130e+02 9.498661e-02
2.848036e+02 1.000568e-01
3.511192e+02 1.052839e-01
4.328761e+02 1.106223e-01
5.336699e+02 1.160091e-01
6.579332e+02 1.213620e-01
8.111308e+02 1.265764e-01
1.000000e+03 1.315244e-01
1.232847e+03 1.360537e-01
1.519911e+03 1.399889e-01
1.873817e+03 1.431349e-01
2.310130e+03 1.452818e-01
2.848036e+03 1.462144e-01
3.511192e+03 1.457229e-01
4.328761e+03 1.436181e-01
5.336699e+03 1.397487e-01
6.579332e+03 1.340206e-01
8.111308e+03 1.264193e-01
1.000000e+04 1.170302e-01
1.232847e+04 1.060565e-01
1.519911e+04 9.382796e-02
1.873817e+04 8.079569e-02
2.310130e+04 6.750561e-02
2.848036e+04 5.454963e-02
3.511192e+04 4.249745e-02
4.328761e+04 3.182173e-02
5.336699e+04 2.283578e-02
6.579332e+04 1.566201e-02
8.111308e+04 1.023971e-02
1.000000e+05 6.366539e-03
1.232847e+05 3.757509e-03
1.519911e+05 2.103798e-03
1.873817e+05 1.119018e-03
2.310130e+05 5.678089e-04
2.848036e+05 2.767264e-04
3.511192e+05 1.306327e-04
4.328761e+05 6.024944e-05
5.336699e+05 2.735437e-05
6.579332e+05 1.229676e-05
8.111308e+05 5.495313e-06
1.000000e+06 2.447634e-06
1.232847e+06 1.088222e-06
1.519911e+06 4.833706e-07
1.873817e+06 2.146035e-07
2.310130e+06 9.525593e-08
2.848036e+06 4.227648e-08
3.511192e+06 1.876218e-08
4.328761e+06 8.326406e-09
5.336699e+06 3.695113e-09
6.579332e+06 1.639821e-09
8.111308e+06 7.277202e-10
1.000000e+07 3.229479e-10
