1.000000e-02 3.122914e-02
1.232847e-02 3.251400e-02
1.519911e-02 3.385172e-02
1.873817e-02 3.524449e-02
2.310130e-02 3.669455e-02
2.848036e-02 3.820428e-02
3.511192e-02 3.977612e-02
4.328761e-02 4.141263e-02
5.336699e-02 4.311648e-02
6.579332e-02 4.489042e-02
8.111308e-02 4.673735e-02
1.000000e-01 4.866027e-02
1.232847e-01 5.066230e-02
1.519911e-01 5.274670e-02
1.873817e-01 5.491686e-02
2.310130e-01 5.717631e-02
2.848036e-01 5.952870e-02
3.511192e-01 6.197784e-02
4.328761e-01 6.452762e-02
5.336699e-01 6.718197e-02
6.579332e-01 6.994473e-02
8.111308e-01 7.281944e-02
1.000000e+00 7.580902e-02
1.232847e+00 7.891530e-02
1.519911e+00 8.213837e-02
1.873817e+00 8.547579e-02
2.310130e+00 8.892151e-02
2.848036e+00 9.246475e-02
3.511192e+00 9.608849e-02
4.328761e+00 9.976802e-02
5.336699e+00 1.034693e-01
6.579332e+00 1.071472e-01
8.111308e+00 1.107446e-01
1.000000e+01 1.141908e-01
1.232847e+01 1.174014e-01
1.519911e+01 1.202787e-01
1.873817e+01 1.227134e-01
2.310130e+01 1.245880e-01
2.848036e+01 1.257809e-01
3.511192e+01 1.261732e-01
4.328761e+01 1.256559e-01
5.336699e+01 1.241388e-01
6.579332e+01 1.215593e-01
8.111308e+01 1.178899e-01
1.000000e+02 1.131451e-01
1.232847e+02 1.073846e-01
1.519911e+02 1.007133e-01
1.873817e+02 9.327805e-02
2.310130e+02 8.525961e-02
2.848036e+02 7.686292e-02
3.511192e+02 6.830486e-02
4.328761e+02 5.980169e-02
5.336699e+02 5.155687e-02
6.579332e+02 4.375008e-02
8.111308e+02 3.652833e-02
1.000000e+03 2.999945e-02
1.232847e+03 2.422883e-02
1.519911e+03 1.923978e-02
1.873817e+03 1.501760e-02
2.310130e+03 1.151678e-02
2.848036e+03 8.670185e-03
3.511192e+03 6.398678e-03
4.328761e+03 4.619674e-03
5.336699e+03 3.253597e-03
6.579332e+03 2.227714e-03
8.111308e+03 1.477509e-03
1.000000e+04 9.463131e-04
1.232847e+04 5.843075e-04
1.519911e+04 3.479774e-04
1.873817e+04 2.004482e-04
2.310130e+04 1.122219e-04
2.848036e+04 6.141798e-05
3.511192e+04 3.304983e-05
4.328761e+04 1.757465e-05
5.336699e+04 9.271840e-06
6.579332e+04 4.866873e-06
8.111308e+04 2.546730e-06
1.000000e+05 1.330176e-06
1.232847e+05 6.940088e-07
1.519911e+05 3.618702e-07
1.873817e+05 1.886211e-07
2.310130e+05 9.829790e-08
2.848036e+05 5.122155e-08
3.511192e+05 2.668926e-08
4.328761e+05 1.390615e-08
5.336699e+05 7.245534e-09
6.579332e+05 3.775113e-09
8.111308e+05 1.966924e-09
1.000000e+06 1.024812e-09
1.232847e+06 5.339494e-10
1.519911e+06 2.781992e-10
1.873817e+06 1.449477e-10
2.310130e+06 7.552084e-11
2.848036e+06 3.934796e-11
3.511192e+06 2.050112e-11
4.328761e+06 1.068152e-11
5.336699e+06 5.565298e-12
6.579332e+06 2.899638e-12
8.111308e+06 1.510773e-12
1.000000e+07 7.871446e-13
