1.000000e-02 1.157705e-02
1.232847e-02 1.218610e-02
1.519911e-02 1.282720e-02
1.873817e-02 1.350202e-02
2.310130e-02 1.421235e-02
2.848036e-02 1.496004e-02
3.511192e-02 1.574707e-02
4.328761e-02 1.657551e-02
5.336699e-02 1.744752e-02
6.579332e-02 1.836542e-02
8.111308e-02 1.933160e-02
1.000000e-01 2.034861e-02
1.232847e-01 2.141913e-02
1.519911e-01 2.254596e-02
1.873817e-01 2.373208e-02
2.310130e-01 2.498059e-02
2.848036e-01 2.629479e-02
3.511192e-01 2.767813e-02
4.328761e-01 2.913426e-02
5.336699e-01 3.066701e-02
6.579332e-01 3.228045e-02
8.111308e-01 3.397889e-02
1.000000e+00 3.576691e-02
1.232847e+00 3.764940e-02
1.519911e+00 3.963164e-02
1.873817e+00 4.171934e-02
2.310130e+00 4.391871e-02
2.848036e+00 4.623654e-02
3.511192e+00 4.868028e-02
4.328761e+00 5.125812e-02
5.336699e+00 5.397904e-02
6.579332e+00 5.685282e-02
8.111308e+00 5.989004e-02
1.000000e+01 6.310194e-02
1.232847e+01 6.650026e-02
1.519911e+01 7.009684e-02
1.873817e+01 7.390314e-02
2.310130e+01 7.792940e-02
2.848036e+01 8.218365e-02
3.511192e+01 8.667022e-02
4.328761e+01 9.138790e-02
5.336699e+01 9.632766e-02
6.579332e+01 1.014698e-01
8.111308e+01 1.067805e-01
1.000000e+02 1.122084e-01
1.232847e+02 1.176806e-01
1.519911e+02 1.230985e-01
1.873817e+02 1.283352e-01
2.310130e+02 1.332336e-01
2.848036e+02 1.376066e-01
3.511192e+02 1.412406e-01
4.328761e+02 1.439029e-01
5.336699e+02 1.453529e-01
6.579332e+02 1.453582e-01
8.111308e+02 1.437143e-01
1.000000e+03 1.402667e-01
1.232847e+03 1.349339e-01
1.519911e+03 1.277283e-01
1.873817e+03 1.187721e-01
2.310130e+03 1.083045e-01
2.848036e+03 9.667649e-02
3.511192e+03 8.433188e-02
4.328761e+03 7.177299e-02
5.336699e+03 5.951429e-02
6.579332e+03 4.802981e-02
8.111308e+03 3.770316e-02
1.000000e+04 2.878987e-02
1.232847e+04 2.140054e-02
1.519911e+04 1.550845e-02
1.873817e+04 1.097864e-02
2.310130e+04 7.609304e-03
2.848036e+04 5.174059e-03
3.511192e+04 3.455673e-03
4.328761e+04 2.266721e-03
5.336699e+04 1.457708e-03
6.579332e+04 9.160818e-04
8.111308e+04 5.602730e-04
1.000000e+05 3.322071e-04
1.232847e+05 1.905557e-04
1.519911e+05 1.057876e-04
1.873817e+05 5.701917e-05
2.310130e+05 2.999056e-05
2.848036e+05 1.548222e-05
3.511192e+05 7.886999e-06
4.328761e+05 3.982297e-06
5.336699e+05 1.999446e-06
6.579332e+05 1.000462e-06
8.111308e+05 4.996005e-07
1.000000e+06 2.492021e-07
1.232847e+06 1.242246e-07
1.519911e+06 6.190354e-08
1.873817e+06 3.084217e-08
2.310130e+06 1.536503e-08
2.848036e+06 7.654226e-09
3.511192e+06 3.812929e-09
4.328761e+06 1.899377e-09
5.336699e+06 9.461530e-10
6.579332e+06 4.713144e-10
8.111308e+06 2.347793e-10
1.000000e+07 1.169523e-10
