1.000000e-02 1.096586e-02
1.232847e-02 1.155796e-02
1.519911e-02 1.218202e-02
1.873817e-02 1.283978e-02
2.310130e-02 1.353306e-02
2.848036e-02 1.426377e-02
3.511192e-02 1.503394e-02
4.328761e-02 1.584569e-02
5.336699e-02 1.670127e-02
6.579332e-02 1.760304e-02
8.111308e-02 1.855351e-02
1.000000e-01 1.955530e-02
1.232847e-01 2.061118e-02
1.519911e-01 2.172407e-02
1.873817e-01 2.289705e-02
2.310130e-01 2.413336e-02
2.848036e-01 2.543643e-02
3.511192e-01 2.680986e-02
4.328761e-01 2.825744e-02
5.336699e-01 2.978317e-02
6.579332e-01 3.139127e-02
8.111308e-01 3.308615e-02
1.000000e+00 3.487245e-02
1.232847e+00 3.675503e-02
1.519911e+00 3.873892e-02
1.873817e+00 4.082935e-02
2.310130e+00 4.303167e-02
2.848036e+00 4.535129e-02
3.511192e+00 4.779362e-02
4.328761e+00 5.036393e-02
5.336699e+00 5.306717e-02
6.579332e+00 5.590782e-02
8.111308e+00 5.888955e-02
1.000000e+01 6.201494e-02
1.232847e+01 6.528506e-02
1.519911e+01 6.869895e-02
1.873817e+01 7.225306e-02
2.310130e+01 7.594058e-02
2.848036e+01 7.975066e-02
3.511192e+01 8.366757e-02
4.328761e+01 8.766985e-02
5.336699e+01 9.172940e-02
6.579332e+01 9.581062e-02
8.111308e+01 9.986974e-02
1.000000e+02 1.038543e-01
1.232847e+02 1.077033e-01
1.519911e+02 1.113469e-01
1.873817e+02 1.147083e-01
2.310130e+02 1.177046e-01
2.848036e+02 1.202497e-01
3.511192e+02 1.222572e-01
4.328761e+02 1.236443e-01
5.336699e+02 1.243357e-01
6.579332e+02 1.242684e-01
8.111308e+02 1.233950e-01
1.000000e+03 1.216877e-01
1.232847e+03 1.191403e-01
1.519911e+03 1.157685e-01
1.873817e+03 1.116098e-01
2.310130e+03 1.067204e-01
2.848036e+03 1.011720e-01
3.511192e+03 9.504778e-02
4.328761e+03 8.843886e-02
5.336699e+03 8.144160e-02
6.579332e+03 7.415650e-02
8.111308e+03 6.668848e-02
1.000000e+04 5.914788e-02
1.232847e+04 5.165131e-02
1.519911e+04 4.432121e-02
1.873817e+04 3.728346e-02
2.310130e+04 3.066280e-02
2.848036e+04 2.457634e-02
3.511192e+04 1.912587e-02
4.328761e+04 1.438971e-02
5.336699e+04 1.041524e-02
6.579332e+04 7.212851e-03
8.111308e+04 4.752509e-03
1.000000e+05 2.964248e-03
1.232847e+05 1.744303e-03
1.519911e+05 9.680963e-04
1.873817e+05 5.086473e-04
2.310130e+05 2.549071e-04
2.848036e+05 1.230553e-04
3.511192e+05 5.781005e-05
4.328761e+05 2.666573e-05
5.336699e+05 1.215916e-05
6.579332e+05 5.506662e-06
8.111308e+05 2.484276e-06
1.000000e+06 1.118421e-06
1.232847e+06 5.029632e-07
1.519911e+06 2.260614e-07
1.873817e+06 1.015774e-07
2.310130e+06 4.563627e-08
2.848036e+06 2.050198e-08
3.511192e+06 9.210193e-09
4.328761e+06 4.137482e-09
5.336699e+06 1.858665e-09
6.579332e+06 8.349591e-10
8.111308e+06 3.750845e-10
1.000000e+07 1.684973e-10
