1.000000e-02 6.998360e-03
1.232847e-02 7.395549e-03
1.519911e-02 7.815281e-03
1.873817e-02 8.258834e-03
2.310130e-02 8.727561e-03
2.848036e-02 9.222890e-03
3.511192e-02 9.746332e-03
4.328761e-02 1.029948e-02
5.336699e-02 1.088402e-02
6.579332e-02 1.150174e-02
8.111308e-02 1.215452e-02
1.000000e-01 1.284434e-02
1.232847e-01 1.357332e-02
1.519911e-01 1.434367e-02
1.873817e-01 1.515774e-02
2.310130e-01 1.601801e-02
2.848036e-01 1.692711e-02
3.511192e-01 1.788780e-02
4.328761e-01 1.890301e-02
5.336699e-01 1.997585e-02
6.579332e-01 2.110957e-02
8.111308e-01 2.230764e-02
1.000000e+00 2.357371e-02
1.232847e+00 2.491165e-02
1.519911e+00 2.632552e-02
1.873817e+00 2.781966e-02
2.310130e+00 2.939861e-02
2.848036e+00 3.106717e-02
3.511192e+00 3.283042e-02
4.328761e+00 3.469367e-02
5.336699e+00 3.666250e-02
6.579332e+00 3.874273e-02
8.111308e+00 4.094038e-02
1.000000e+01 4.326164e-02
1.232847e+01 4.571277e-02
1.519911e+01 4.830002e-02
1.873817e+01 5.102948e-02
2.310130e+01 5.390684e-02
2.848036e+01 5.693720e-02
3.511192e+01 6.012465e-02
4.328761e+01 6.347193e-02
5.336699e+01 6.697986e-02
6.579332e+01 7.064677e-02
8.111308e+01 7.446776e-02
1.000000e+02 7.843390e-02
1.232847e+02 8.253132e-02
1.519911e+02 8.674031e-02
1.873817e+02 9.103437e-02
2.310130e+02 9.537933e-02
2.848036e+02 9.973264e-02
3.511192e+02 1.040430e-01
4.328761e+02 1.082502e-01
5.336699e+02 1.122858e-01
6.579332e+02 1.160740e-01
8.111308e+02 1.195335e-01
1.000000e+03 1.225799e-01
1.232847e+03 1.251288e-01
1.519911e+03 1.270991e-01
1.873817e+03 1.284159e-01
2.310130e+03 1.290142e-01
2.848036e+03 1.288403e-01
3.511192e+03 1.278532e-01
4.328761e+03 1.260241e-01
5.336699e+03 1.233347e-01
6.579332e+03 1.197752e-01
8.111308e+03 1.153412e-01
1.000000e+04 1.100322e-01
1.232847e+04 1.038531e-01
1.519911e+04 9.681864e-02
1.873817e+04 8.896388e-02
2.310130e+04 8.036015e-02
2.848036e+04 7.113382e-02
3.511192e+04 6.148364e-02
4.328761e+04 5.168823e-02
5.336699e+04 4.209500e-02
6.579332e+04 3.308420e-02
8.111308e+04 2.501157e-02
1.000000e+05 1.814426e-02
1.232847e+05 1.261309e-02
1.519911e+05 8.399816e-03
1.873817e+05 5.362685e-03
2.310130e+05 3.286782e-03
2.848036e+05 1.937600e-03
3.511192e+05 1.101220e-03
4.328761e+05 6.051178e-04
5.336699e+05 3.226361e-04
6.579332e+05 1.676418e-04
8.111308e+05 8.530585e-05
1.000000e+06 4.272351e-05
1.232847e+06 2.115513e-05
1.519911e+06 1.039540e-05
1.873817e+06 5.083396e-06
2.310130e+06 2.478523e-06
2.848036e+06 1.206429e-06
3.511192e+06 5.866961e-07
4.328761e+06 2.851812e-07
5.336699e+06 1.385901e-07
6.579332e+06 6.734470e-08
8.111308e+06 3.272361e-08
1.000000e+07 1.590072e-08
