1.000000e-02 3.010393e-02
1.232847e-02 3.153333e-02
1.519911e-02 3.303060e-02
1.873817e-02 3.459896e-02
2.310130e-02 3.624178e-02
2.848036e-02 3.796262e-02
3.511192e-02 3.976516e-02
4.328761e-02 4.165329e-02
5.336699e-02 4.363107e-02
6.579332e-02 4.570276e-02
8.111308e-02 4.787282e-02
1.000000e-01 5.014592e-02
1.232847e-01 5.252695e-02
1.519911e-01 5.502104e-02
1.873817e-01 5.763355e-02
2.310130e-01 6.037010e-02
2.848036e-01 6.323658e-02
3.511192e-01 6.623910e-02
4.328761e-01 6.938400e-02
5.336699e-01 7.267774e-02
6.579332e-01 7.612666e-02
8.111308e-01 7.973668e-02
1.000000e+00 8.351268e-02
1.232847e+00 8.745764e-02
1.519911e+00 9.157137e-02
1.873817e+00 9.584875e-02
2.310130e+00 1.002775e-01
2.848036e+00 1.048353e-01
3.511192e+00 1.094864e-01
4.328761e+00 1.141774e-01
5.336699e+00 1.188332e-01
6.579332e+00 1.233529e-01
8.111308e+00 1.276059e-01
1.000000e+01 1.314303e-01
1.232847e+01 1.346338e-01
1.519911e+01 1.369985e-01
1.873817e+01 1.382914e-01
2.310130e+01 1.382809e-01
2.848036e+01 1.367585e-01
3.511192e+01 1.335663e-01
4.328761e+01 1.286245e-01
5.336699e+01 1.219555e-01
6.579332e+01 1.136986e-01
8.111308e+01 1.041108e-01
1.000000e+02 9.354914e-02
1.232847e+02 8.243866e-02
1.519911e+02 7.122781e-02
1.873817e+02 6.034191e-02
2.310130e+02 5.014236e-02
2.848036e+02 4.089872e-02
3.511192e+02 3.277697e-02
4.328761e+02 2.584306e-02
5.336699e+02 2.007804e-02
6.579332e+02 1.539960e-02
8.111308e+02 1.168522e-02
1.000000e+03 8.793212e-03
1.232847e+03 6.579405e-03
1.519911e+03 4.908850e-03
1.873817e+03 3.662689e-03
2.310130e+03 2.741110e-03
2.848036e+03 2.063449e-03
3.511192e+03 1.566526e-03
4.328761e+03 1.202096e-03
5.336699e+03 9.340442e-04
6.579332e+03 7.357498e-04
8.111308e+03 5.877958e-04
1.000000e+04 4.761132e-04
1.232847e+04 3.905382e-04
1.519911e+04 3.237298e-04
1.873817e+04 2.703836e-04
2.310130e+04 2.266754e-04
2.848036e+04 1.898805e-04
3.511192e+04 1.581166e-04
4.328761e+04 1.301694e-04
5.336699e+04 1.053578e-04
6.579332e+04 8.340614e-05
8.111308e+04 6.430008e-05
1.000000e+05 4.812716e-05
1.232847e+05 3.492723e-05
1.519911e+05 2.459129e-05
1.873817e+05 1.683599e-05
2.310130e+05 1.124817e-05
2.848036e+05 7.364412e-06
3.511192e+05 4.745248e-06
4.328761e+05 3.020861e-06
5.336699e+05 1.906216e-06
6.579332e+05 1.195374e-06
8.111308e+05 7.463957e-07
1.000000e+06 4.647069e-07
1.232847e+06 2.887766e-07
1.519911e+06 1.792300e-07
1.873817e+06 1.111529e-07
2.310130e+06 6.890035e-08
2.848036e+06 4.269681e-08
3.511192e+06 2.645426e-08
4.328761e+06 1.638909e-08
5.336699e+06 1.015297e-08
6.579332e+06 6.289576e-09
8.111308e+06 3.896245e-09
1.000000e+07 2.413629e-09
