1.000000e-02 6.605783e-03
1.232847e-02 6.974506e-03
1.519911e-02 7.363810e-03
1.873817e-02 7.774844e-03
2.310130e-02 8.208821e-03
2.848036e-02 8.667023e-03
3.511192e-02 9.150800e-03
4.328761e-02 9.661581e-03
5.336699e-02 1.020087e-02
6.579332e-02 1.077027e-02
8.111308e-02 1.137144e-02
1.000000e-01 1.200618e-02
1.232847e-01 1.267634e-02
1.519911e-01 1.338391e-02
1.873817e-01 1.413097e-02
2.310130e-01 1.491974e-02
2.848036e-01 1.575253e-02
3.511192e-01 1.663181e-02
4.328761e-01 1.756016e-02
5.336699e-01 1.854034e-02
6.579332e-01 1.957523e-02
8.111308e-01 2.066790e-02
1.000000e+00 2.182156e-02
1.232847e+00 2.303964e-02
1.519911e+00 2.432575e-02
1.873817e+00 2.568371e-02
2.310130e+00 2.711756e-02
2.848036e+00 2.863161e-02
3.511192e+00 3.023039e-02
4.328761e+00 3.191874e-02
5.336699e+00 3.370177e-02
6.579332e+00 3.558491e-02
8.111308e+00 3.757391e-02
1.000000e+01 3.967484e-02
1.232847e+01 4.189408e-02
1.519911e+01 4.423831e-02
1.873817e+01 4.671446e-02
2.310130e+01 4.932963e-02
2.848036e+01 5.209100e-02
3.511192e+01 5.500563e-02
4.328761e+01 5.808031e-02
5.336699e+01 6.132119e-02
6.579332e+01 6.473345e-02
8.111308e+01 6.832081e-02
1.000000e+02 7.208491e-02
1.232847e+02 7.602462e-02
1.519911e+02 8.013515e-02
1.873817e+02 8.440708e-02
2.310130e+02 8.882523e-02
2.848036e+02 9.336748e-02
3.511192e+02 9.800348e-02
4.328761e+02 1.026934e-01
5.336699e+02 1.073868e-01
6.579332e+02 1.120217e-01
8.111308e+02 1.165238e-01
1.000000e+03 1.208068e-01
1.232847e+03 1.247721e-01
1.519911e+03 1.283108e-01
1.873817e+03 1.313052e-01
2.310130e+03 1.336318e-01
2.848036e+03 1.351650e-01
3.511192e+03 1.357821e-01
4.328761e+03 1.353681e-01
5.336699e+03 1.338228e-01
6.579332e+03 1.310669e-01
8.111308e+03 1.270501e-01
1.000000e+04 1.217579e-01
1.232847e+04 1.152200e-01
1.519911e+04 1.075171e-01
1.873817e+04 9.878659e-02
2.310130e+04 8.922464e-02
2.848036e+04 7.908378e-02
3.511192e+04 6.866289e-02
4.328761e+04 5.828937e-02
5.336699e+04 4.829387e-02
6.579332e+04 3.898051e-02
8.111308e+04 3.059770e-02
1.000000e+05 2.331557e-02
1.232847e+05 1.721522e-02
1.519911e+05 1.229153e-02
1.873817e+05 8.467466e-03
2.310130e+05 5.614908e-03
2.848036e+05 3.576649e-03
3.511192e+05 2.185953e-03
4.328761e+05 1.282411e-03
5.336699e+05 7.240359e-04
6.579332e+05 3.952646e-04
8.111308e+05 2.099361e-04
1.000000e+06 1.091976e-04
1.232847e+06 5.596105e-05
1.519911e+06 2.839496e-05
1.873817e+06 1.431737e-05
2.310130e+06 7.191825e-06
2.848036e+06 3.604706e-06
3.511192e+06 1.804614e-06
4.328761e+06 9.028847e-07
5.336699e+06 4.515992e-07
6.579332e+06 2.258503e-07
8.111308e+06 1.129458e-07
1.000000e+07 5.648288e-08
