1.000000e-02 2.898976e-02
1.232847e-02 3.007545e-02
1.519911e-02 3.120179e-02
1.873817e-02 3.237032e-02
2.310130e-02 3.358261e-02
2.848036e-02 3.484030e-02
3.511192e-02 3.614510e-02
4.328761e-02 3.749876e-02
5.336699e-02 3.890311e-02
6.579332e-02 4.036006e-02
8.111308e-02 4.187157e-02
1.000000e-01 4.343969e-02
1.232847e-01 4.506654e-02
1.519911e-01 4.675431e-02
1.873817e-01 4.850530e-02
2.310130e-01 5.032185e-02
2.848036e-01 5.220643e-02
3.511192e-01 5.416156e-02
4.328761e-01 5.618982e-02
5.336699e-01 5.829381e-02
6.579332e-01 6.047607e-02
8.111308e-01 6.273893e-02
1.000000e+00 6.508436e-02
1.232847e+00 6.751368e-02
1.519911e+00 7.002726e-02
1.873817e+00 7.262405e-02
2.310130e+00 7.530119e-02
2.848036e+00 7.805340e-02
3.511192e+00 8.087244e-02
4.328761e+00 8.374654e-02
5.336699e+00 8.665982e-02
6.579332e+00 8.959182e-02
8.111308e+00 9.251708e-02
1.000000e+01 9.540501e-02
1.232847e+01 9.821979e-02
1.519911e+01 1.009207e-01
1.873817e+01 1.034626e-01
2.310130e+01 1.057969e-01
2.848036e+01 1.078725e-01
3.511192e+01 1.096372e-01
4.328761e+01 1.110395e-01
5.336699e+01 1.120300e-01
6.579332e+01 1.125629e-01
8.111308e+01 1.125980e-01
1.000000e+02 1.121013e-01
1.232847e+02 1.110468e-01
1.519911e+02 1.094167e-01
1.873817e+02 1.072021e-01
2.310130e+02 1.044032e-01
2.848036e+02 1.010297e-01
3.511192e+02 9.710067e-02
4.328761e+02 9.264520e-02
5.336699e+02 8.770251e-02
6.579332e+02 8.232272e-02
8.111308e+02 7.656749e-02
1.000000e+03 7.051031e-02
1.232847e+03 6.423626e-02
1.519911e+03 5.784064e-02
1.873817e+03 5.142657e-02
2.310130e+03 4.510120e-02
2.848036e+03 3.897109e-02
3.511192e+03 3.313699e-02
4.328761e+03 2.768874e-02
5.336699e+03 2.270074e-02
6.579332e+03 1.822837e-02
8.111308e+03 1.430577e-02
1.000000e+04 1.094525e-02
1.232847e+04 8.138398e-03
1.519911e+04 5.858716e-03
1.873817e+04 4.065021e-03
2.310130e+04 2.704893e-03
2.848036e+04 1.717597e-03
3.511192e+04 1.036794e-03
4.328761e+04 5.940074e-04
5.336699e+04 3.236092e-04
6.579332e+04 1.685541e-04
8.111308e+04 8.461577e-05
1.000000e+05 4.131183e-05
1.232847e+05 1.978076e-05
1.519911e+05 9.351671e-06
1.873817e+05 4.386664e-06
2.310130e+05 2.048268e-06
2.848036e+05 9.539362e-07
3.511192e+05 4.436534e-07
4.328761e+05 2.061804e-07
5.336699e+05 9.578238e-08
6.579332e+05 4.448773e-08
8.111308e+05 2.066110e-08
1.000000e+06 9.595023e-09
1.232847e+06 4.455831e-09
1.519911e+06 2.069220e-09
1.873817e+06 9.609093e-10
2.310130e+06 4.462282e-10
2.848036e+06 2.072197e-10
3.511192e+06 9.622879e-11
4.328761e+06 4.468675e-11
5.336699e+06 2.075165e-11
6.579332e+06 9.636654e-12
8.111308e+06 4.475072e-12
1.000000e+07 2.078135e-12
