1.000000e-02 1.386766e-02
1.232847e-02 1.459418e-02
1.519911e-02 1.535876e-02
1.873817e-02 1.616340e-02
2.310130e-02 1.701020e-02
2.848036e-02 1.790136e-02
3.511192e-02 1.883920e-02
4.328761e-02 1.982618e-02
5.336699e-02 2.086487e-02
6.579332e-02 2.195797e-02
8.111308e-02 2.310834e-02
1.000000e-01 2.431898e-02
1.232847e-01 2.559305e-02
1.519911e-01 2.693386e-02
1.873817e-01 2.834491e-02
2.310130e-01 2.982989e-02
2.848036e-01 3.139267e-02
3.511192e-01 3.303732e-02
4.328761e-01 3.476812e-02
5.336699e-01 3.658957e-02
6.579332e-01 3.850638e-02
8.111308e-01 4.052348e-02
1.000000e+00 4.264596e-02
1.232847e+00 4.487910e-02
1.519911e+00 4.722822e-02
1.873817e+00 4.969868e-02
2.310130e+00 5.229569e-02
2.848036e+00 5.502415e-02
3.511192e+00 5.788843e-02
4.328761e+00 6.089204e-02
5.336699e+00 6.403729e-02
6.579332e+00 6.732476e-02
8.111308e+00 7.075283e-02
1.000000e+01 7.431692e-02
1.232847e+01 7.800877e-02
1.519911e+01 8.181559e-02
1.873817e+01 8.571909e-02
2.310130e+01 8.969453e-02
2.848036e+01 9.370972e-02
3.511192e+01 9.772416e-02
4.328761e+01 1.016883e-01
5.336699e+01 1.055431e-01
6.579332e+01 1.092201e-01
8.111308e+01 1.126421e-01
1.000000e+02 1.157242e-01
1.232847e+02 1.183761e-01
1.519911e+02 1.205053e-01
1.873817e+02 1.220207e-01
2.310130e+02 1.228376e-01
2.848036e+02 1.228823e-01
3.511192e+02 1.220975e-01
4.328761e+02 1.204474e-01
5.336699e+02 1.179213e-01
6.579332e+02 1.145360e-01
8.111308e+02 1.103373e-01
1.000000e+03 1.053980e-01
1.232847e+03 9.981491e-02
1.519911e+03 9.370382e-02
1.873817e+03 8.719274e-02
2.310130e+03 8.041507e-02
2.848036e+03 7.350269e-02
3.511192e+03 6.658002e-02
4.328761e+03 5.975930e-02
5.336699e+03 5.313748e-02
6.579332e+03 4.679454e-02
8.111308e+03 4.079312e-02
1.000000e+04 3.517913e-02
1.232847e+04 2.998322e-02
1.519911e+04 2.522290e-02
1.873817e+04 2.090525e-02
2.310130e+04 1.702996e-02
2.848036e+04 1.359236e-02
3.511192e+04 1.058606e-02
4.328761e+04 8.004451e-03
5.336699e+04 5.840557e-03
6.579332e+04 4.084432e-03
8.111308e+04 2.718352e-03
1.000000e+05 1.711143e-03
1.232847e+05 1.014829e-03
1.519911e+05 5.670269e-04
1.873817e+05 2.998301e-04
2.310130e+05 1.513083e-04
2.848036e+05 7.363945e-05
3.511192e+05 3.492361e-05
4.328761e+05 1.628093e-05
5.336699e+05 7.509520e-06
6.579332e+05 3.442109e-06
8.111308e+05 1.572206e-06
1.000000e+06 7.167524e-07
1.232847e+06 3.264351e-07
1.519911e+06 1.485952e-07
1.873817e+06 6.762435e-08
2.310130e+06 3.077147e-08
2.848036e+06 1.400129e-08
3.511192e+06 6.370535e-09
4.328761e+06 2.898535e-09
5.336699e+06 1.318800e-09
6.579332e+06 6.000377e-10
8.111308e+06 2.730096e-10
1.000000e+07 1.242159e-10
