1.000000e-02 1.071111e-02
1.232847e-02 1.126532e-02
1.519911e-02 1.184821e-02
1.873817e-02 1.246126e-02
2.310130e-02 1.310603e-02
2.848036e-02 1.378416e-02
3.511192e-02 1.449738e-02
4.328761e-02 1.524750e-02
5.336699e-02 1.603644e-02
6.579332e-02 1.686619e-02
8.111308e-02 1.773888e-02
1.000000e-01 1.865672e-02
1.232847e-01 1.962206e-02
1.519911e-01 2.063734e-02
1.873817e-01 2.170516e-02
2.310130e-01 2.282822e-02
2.848036e-01 2.400940e-02
3.511192e-01 2.525169e-02
4.328761e-01 2.655825e-02
5.336699e-01 2.793240e-02
6.579332e-01 2.937762e-02
8.111308e-01 3.089754e-02
1.000000e+00 3.249594e-02
1.232847e+00 3.417676e-02
1.519911e+00 3.594402e-02
1.873817e+00 3.780183e-02
2.310130e+00 3.975434e-02
2.848036e+00 4.180564e-02
3.511192e+00 4.395968e-02
4.328761e+00 4.622021e-02
5.336699e+00 4.859057e-02
6.579332e+00 5.107361e-02
8.111308e+00 5.367145e-02
1.000000e+01 5.638529e-02
1.232847e+01 5.921514e-02
1.519911e+01 6.215956e-02
1.873817e+01 6.521535e-02
2.310130e+01 6.837719e-02
2.848036e+01 7.163727e-02
3.511192e+01 7.498493e-02
4.328761e+01 7.840623e-02
5.336699e+01 8.188360e-02
6.579332e+01 8.539545e-02
8.111308e+01 8.891584e-02
1.000000e+02 9.241429e-02
1.232847e+02 9.585560e-02
1.519911e+02 9.919991e-02
1.873817e+02 1.024029e-01
2.310130e+02 1.054161e-01
2.848036e+02 1.081880e-01
3.511192e+02 1.106642e-01
4.328761e+02 1.127895e-01
5.336699e+02 1.145089e-01
6.579332e+02 1.157693e-01
8.111308e+02 1.165212e-01
1.000000e+03 1.167207e-01
1.232847e+03 1.163311e-01
1.519911e+03 1.153243e-01
1.873817e+03 1.136821e-01
2.310130e+03 1.113963e-01
2.848036e+03 1.084698e-01
3.511192e+03 1.049152e-01
4.328761e+03 1.007553e-01
5.336699e+03 9.602132e-02
6.579332e+03 9.075366e-02
8.111308e+03 8.500163e-02
1.000000e+04 7.882498e-02
1.232847e+04 7.229611e-02
1.519911e+04 6.550244e-02
1.873817e+04 5.854829e-02
2.310130e+04 5.155472e-02
2.848036e+04 4.465631e-02
3.511192e+04 3.799422e-02
4.328761e+04 3.170617e-02
5.336699e+04 2.591475e-02
6.579332e+04 2.071658e-02
8.111308e+04 1.617445e-02
1.000000e+05 1.231404e-02
1.232847e+05 9.125496e-03
1.519911e+05 6.569110e-03
1.873817e+05 4.583106e-03
2.310130e+05 3.091844e-03
2.848036e+05 2.013056e-03
3.511192e+05 1.263819e-03
4.328761e+05 7.656078e-04
5.336699e+05 4.486922e-04
6.579332e+05 2.554964e-04
8.111308e+05 1.421175e-04
1.000000e+06 7.765271e-05
1.232847e+06 4.188949e-05
1.519911e+06 2.240165e-05
1.873817e+06 1.191295e-05
2.310130e+06 6.313317e-06
2.848036e+06 3.338959e-06
3.511192e+06 1.763874e-06
4.328761e+06 9.312377e-07
5.336699e+06 4.915007e-07
6.579332e+06 2.593772e-07
8.111308e+06 1.368739e-07
1.000000e+07 7.222802e-08
