1.000000e-02 5.257653e-03
1.232847e-02 5.551000e-03
1.519911e-02 5.860715e-03
1.873817e-02 6.187710e-03
2.310130e-02 6.532949e-03
2.848036e-02 6.897450e-03
3.511192e-02 7.282289e-03
4.328761e-02 7.688599e-03
5.336699e-02 8.117579e-03
6.579332e-02 8.570494e-03
8.111308e-02 9.048679e-03
1.000000e-01 9.553544e-03
1.232847e-01 1.008658e-02
1.519911e-01 1.064935e-02
1.873817e-01 1.124353e-02
2.310130e-01 1.187085e-02
2.848036e-01 1.253318e-02
3.511192e-01 1.323246e-02
4.328761e-01 1.397075e-02
5.336699e-01 1.475024e-02
6.579332e-01 1.557322e-02
8.111308e-01 1.644211e-02
1.000000e+00 1.735947e-02
1.232847e+00 1.832801e-02
1.519911e+00 1.935057e-02
1.873817e+00 2.043015e-02
2.310130e+00 2.156993e-02
2.848036e+00 2.277325e-02
3.511192e+00 2.404365e-02
4.328761e+00 2.538485e-02
5.336699e+00 2.680080e-02
6.579332e+00 2.829567e-02
8.111308e+00 2.987390e-02
1.000000e+01 3.154018e-02
1.232847e+01 3.329948e-02
1.519911e+01 3.515713e-02
1.873817e+01 3.711875e-02
2.310130e+01 3.919034e-02
2.848036e+01 4.137826e-02
3.511192e+01 4.368927e-02
4.328761e+01 4.613047e-02
5.336699e+01 4.870934e-02
6.579332e+01 5.143364e-02
8.111308e+01 5.431136e-02
1.000000e+02 5.735057e-02
1.232847e+02 6.055927e-02
1.519911e+02 6.394515e-02
1.873817e+02 6.751524e-02
2.310130e+02 7.127551e-02
2.848036e+02 7.523037e-02
3.511192e+02 7.938201e-02
4.328761e+02 8.372960e-02
5.336699e+02 8.826840e-02
6.579332e+02 9.298862e-02
8.111308e+02 9.787423e-02
1.000000e+03 1.029014e-01
1.232847e+03 1.080372e-01
1.519911e+03 1.132372e-01
1.873817e+03 1.184440e-01
2.310130e+03 1.235849e-01
2.848036e+03 1.285693e-01
3.511192e+03 1.332862e-01
4.328761e+03 1.376020e-01
5.336699e+03 1.413581e-01
6.579332e+03 1.443694e-01
8.111308e+03 1.464247e-01
1.000000e+04 1.472895e-01
1.232847e+04 1.467137e-01
1.519911e+04 1.444459e-01
1.873817e+04 1.402584e-01
2.310130e+04 1.339826e-01
2.848036e+04 1.255539e-01
3.511192e+04 1.150610e-01
4.328761e+04 1.027838e-01
5.336699e+04 8.920507e-02
6.579332e+04 7.497922e-02
8.111308e+04 6.085519e-02
1.000000e+05 4.756703e-02
1.232847e+05 3.572141e-02
1.519911e+05 2.571528e-02
1.873817e+05 1.770524e-02
2.310130e+05 1.162997e-02
2.848036e+05 7.268687e-03
3.511192e+05 4.311701e-03
4.328761e+05 2.423900e-03
5.336699e+05 1.292278e-03
6.579332e+05 6.558647e-04
8.111308e+05 3.190632e-04
1.000000e+06 1.501044e-04
1.232847e+06 6.891972e-05
1.519911e+06 3.113197e-05
1.873817e+06 1.392029e-05
2.310130e+06 6.187365e-06
2.848036e+06 2.741191e-06
3.511192e+06 1.212363e-06
4.328761e+06 5.357525e-07
5.336699e+06 2.366643e-07
6.579332e+06 1.045289e-07
8.111308e+06 4.616574e-08
1.000000e+07 2.038918e-08
