1.000000e-02 7.241042e-03
1.232847e-02 7.627434e-03
1.519911e-02 8.034444e-03
1.873817e-02 8.463172e-03
2.310130e-02 8.914778e-03
2.848036e-02 9.390482e-03
3.511192e-02 9.891570e-03
4.328761e-02 1.041940e-02
5.336699e-02 1.097539e-02
6.579332e-02 1.156105e-02
8.111308e-02 1.217796e-02
1.000000e-01 1.282780e-02
1.232847e-01 1.351230e-02
1.519911e-01 1.423334e-02
1.873817e-01 1.499285e-02
2.310130e-01 1.579289e-02
2.848036e-01 1.663561e-02
3.511192e-01 1.752331e-02
4.328761e-01 1.845838e-02
5.336699e-01 1.944334e-02
6.579332e-01 2.048087e-02
8.111308e-01 2.157376e-02
1.000000e+00 2.272498e-02
1.232847e+00 2.393764e-02
1.519911e+00 2.521503e-02
1.873817e+00 2.656064e-02
2.310130e+00 2.797813e-02
2.848036e+00 2.947140e-02
3.511192e+00 3.104458e-02
4.328761e+00 3.270204e-02
5.336699e+00 3.444845e-02
6.579332e+00 3.628879e-02
8.111308e+00 3.822835e-02
1.000000e+01 4.027281e-02
1.232847e+01 4.242822e-02
1.519911e+01 4.470104e-02
1.873817e+01 4.709814e-02
2.310130e+01 4.962680e-02
2.848036e+01 5.229468e-02
3.511192e+01 5.510975e-02
4.328761e+01 5.808024e-02
5.336699e+01 6.121441e-02
6.579332e+01 6.452041e-02
8.111308e+01 6.800590e-02
1.000000e+02 7.167774e-02
1.232847e+02 7.554137e-02
1.519911e+02 7.960020e-02
1.873817e+02 8.385472e-02
2.310130e+02 8.830151e-02
2.848036e+02 9.293200e-02
3.511192e+02 9.773098e-02
4.328761e+02 1.026750e-01
5.336699e+02 1.077304e-01
6.579332e+02 1.128514e-01
8.111308e+02 1.179777e-01
1.000000e+03 1.230326e-01
1.232847e+03 1.279206e-01
1.519911e+03 1.325256e-01
1.873817e+03 1.367095e-01
2.310130e+03 1.403111e-01
2.848036e+03 1.431471e-01
3.511192e+03 1.450133e-01
4.328761e+03 1.456895e-01
5.336699e+03 1.449474e-01
6.579332e+03 1.425633e-01
8.111308e+03 1.383378e-01
1.000000e+04 1.321235e-01
1.232847e+04 1.238610e-01
1.519911e+04 1.136194e-01
1.873817e+04 1.016331e-01
2.310130e+04 8.832252e-02
2.848036e+04 7.428183e-02
3.511192e+04 6.022443e-02
4.328761e+04 4.688897e-02
5.336699e+04 3.492573e-02
6.579332e+04 2.479587e-02
8.111308e+04 1.671507e-02
1.000000e+05 1.065545e-02
1.232847e+05 6.396801e-03
1.519911e+05 3.603187e-03
1.873817e+05 1.900589e-03
2.310130e+05 9.399994e-04
2.848036e+05 4.383814e-04
3.511192e+05 1.946485e-04
4.328761e+05 8.326089e-05
5.336699e+05 3.470669e-05
6.579332e+05 1.423196e-05
8.111308e+05 5.780020e-06
1.000000e+06 2.335008e-06
1.232847e+06 9.406912e-07
1.519911e+06 3.784507e-07
1.873817e+06 1.521552e-07
2.310130e+06 6.115513e-08
2.848036e+06 2.457651e-08
3.511192e+06 9.876024e-09
4.328761e+06 3.968565e-09
5.336699e+06 1.594706e-09
6.579332e+06 6.408056e-10
8.111308e+06 2.574966e-10
1.000000e+07 1.034705e-10
