1.000000e-02 7.810546e-03
1.232847e-02 8.252469e-03
1.519911e-02 8.719396e-03
1.873817e-02 9.212741e-03
2.310130e-02 9.734001e-03
2.848036e-02 1.028475e-02
3.511192e-02 1.086667e-02
4.328761e-02 1.148151e-02
5.336699e-02 1.213113e-02
6.579332e-02 1.281751e-02
8.111308e-02 1.354273e-02
1.000000e-01 1.430898e-02
1.232847e-01 1.511859e-02
1.519911e-01 1.597400e-02
1.873817e-01 1.687782e-02
2.310130e-01 1.783277e-02
2.848036e-01 1.884175e-02
3.511192e-01 1.990782e-02
4.328761e-01 2.103421e-02
5.336699e-01 2.222434e-02
6.579332e-01 2.348180e-02
8.111308e-01 2.481042e-02
1.000000e+00 2.621423e-02
1.232847e+00 2.769750e-02
1.519911e+00 2.926474e-02
1.873817e+00 3.092071e-02
2.310130e+00 3.267046e-02
2.848036e+00 3.451931e-02
3.511192e+00 3.647287e-02
4.328761e+00 3.853702e-02
5.336699e+00 4.071788e-02
6.579332e+00 4.302183e-02
8.111308e+00 4.545537e-02
1.000000e+01 4.802506e-02
1.232847e+01 5.073738e-02
1.519911e+01 5.359850e-02
1.873817e+01 5.661405e-02
2.310130e+01 5.978872e-02
2.848036e+01 6.312580e-02
3.511192e+01 6.662662e-02
4.328761e+01 7.028984e-02
5.336699e+01 7.411059e-02
6.579332e+01 7.807947e-02
8.111308e+01 8.218150e-02
1.000000e+02 8.639487e-02
1.232847e+02 9.068980e-02
1.519911e+02 9.502735e-02
1.873817e+02 9.935856e-02
2.310130e+02 1.036239e-01
2.848036e+02 1.077533e-01
3.511192e+02 1.116670e-01
4.328761e+02 1.152777e-01
5.336699e+02 1.184928e-01
6.579332e+02 1.212195e-01
8.111308e+02 1.233688e-01
1.000000e+03 1.248620e-01
1.232847e+03 1.256355e-01
1.519911e+03 1.256464e-01
1.873817e+03 1.248751e-01
2.310130e+03 1.233269e-01
2.848036e+03 1.210295e-01
3.511192e+03 1.180288e-01
4.328761e+03 1.143810e-01
5.336699e+03 1.101435e-01
6.579332e+03 1.053646e-01
8.111308e+03 1.000752e-01
1.000000e+04 9.428270e-02
1.232847e+04 8.797247e-02
1.519911e+04 8.111676e-02
1.873817e+04 7.369490e-02
2.310130e+04 6.572336e-02
2.848036e+04 5.729108e-02
3.511192e+04 4.858830e-02
4.328761e+04 3.991246e-02
5.336699e+04 3.163642e-02
6.579332e+04 2.413873e-02
8.111308e+04 1.771773e-02
1.000000e+05 1.252606e-02
1.232847e+05 8.554118e-03
1.519911e+05 5.664010e-03
1.873817e+05 3.650047e-03
2.310130e+05 2.296118e-03
2.848036e+05 1.412496e-03
3.511192e+05 8.503370e-04
4.328761e+05 5.010958e-04
5.336699e+05 2.892234e-04
6.579332e+05 1.637469e-04
8.111308e+05 9.116213e-05
1.000000e+06 5.006310e-05
1.232847e+06 2.720855e-05
1.519911e+06 1.467805e-05
1.873817e+06 7.878742e-06
2.310130e+06 4.215549e-06
2.848036e+06 2.251156e-06
3.511192e+06 1.200796e-06
4.328761e+06 6.401299e-07
5.336699e+06 3.411418e-07
6.579332e+06 1.817790e-07
8.111308e+06 9.685734e-08
1.000000e+07 5.160807e-08
