1.000000e-02 5.501982e-03
1.232847e-02 5.813327e-03
1.519911e-02 6.142290e-03
1.873817e-02 6.489868e-03
2.310130e-02 6.857115e-03
2.848036e-02 7.245143e-03
3.511192e-02 7.655129e-03
4.328761e-02 8.088315e-03
5.336699e-02 8.546014e-03
6.579332e-02 9.029614e-03
8.111308e-02 9.540579e-03
1.000000e-01 1.008046e-02
1.232847e-01 1.065089e-02
1.519911e-01 1.125360e-02
1.873817e-01 1.189041e-02
2.310130e-01 1.256326e-02
2.848036e-01 1.327419e-02
3.511192e-01 1.402535e-02
4.328761e-01 1.481901e-02
5.336699e-01 1.565758e-02
6.579332e-01 1.654360e-02
8.111308e-01 1.747976e-02
1.000000e+00 1.846889e-02
1.232847e+00 1.951397e-02
1.519911e+00 2.061818e-02
1.873817e+00 2.178483e-02
2.310130e+00 2.301744e-02
2.848036e+00 2.431973e-02
3.511192e+00 2.569559e-02
4.328761e+00 2.714914e-02
5.336699e+00 2.868471e-02
6.579332e+00 3.030686e-02
8.111308e+00 3.202038e-02
1.000000e+01 3.383030e-02
1.232847e+01 3.574189e-02
1.519911e+01 3.776065e-02
1.873817e+01 3.989228e-02
2.310130e+01 4.214273e-02
2.848036e+01 4.451805e-02
3.511192e+01 4.702443e-02
4.328761e+01 4.966806e-02
5.336699e+01 5.245504e-02
6.579332e+01 5.539123e-02
8.111308e+01 5.848201e-02
1.000000e+02 6.173208e-02
1.232847e+02 6.514507e-02
1.519911e+02 6.872319e-02
1.873817e+02 7.246674e-02
2.310130e+02 7.637351e-02
2.848036e+02 8.043817e-02
3.511192e+02 8.465151e-02
4.328761e+02 8.899960e-02
5.336699e+02 9.346297e-02
6.579332e+02 9.801568e-02
8.111308e+02 1.026244e-01
1.000000e+03 1.072474e-01
1.232847e+03 1.118341e-01
1.519911e+03 1.163237e-01
1.873817e+03 1.206452e-01
2.310130e+03 1.247163e-01
2.848036e+03 1.284436e-01
3.511192e+03 1.317221e-01
4.328761e+03 1.344353e-01
5.336699e+03 1.364559e-01
6.579332e+03 1.376465e-01
8.111308e+03 1.378620e-01
1.000000e+04 1.369538e-01
1.232847e+04 1.347768e-01
1.519911e+04 1.312008e-01
1.873817e+04 1.261263e-01
2.310130e+04 1.195044e-01
2.848036e+04 1.113603e-01
3.511192e+04 1.018155e-01
4.328761e+04 9.110365e-02
5.336699e+04 7.957303e-02
6.579332e+04 6.766843e-02
8.111308e+04 5.588995e-02
1.000000e+05 4.473338e-02
1.232847e+05 3.462534e-02
1.519911e+05 2.586994e-02
1.873817e+05 1.862135e-02
2.310130e+05 1.288687e-02
2.848036e+05 8.554811e-03
3.511192e+05 5.434658e-03
4.328761e+05 3.297512e-03
5.336699e+05 1.909612e-03
6.579332e+05 1.056977e-03
8.111308e+05 5.614353e-04
1.000000e+06 2.880038e-04
1.232847e+06 1.437636e-04
1.519911e+06 7.035763e-05
1.873817e+06 3.397673e-05
2.310130e+06 1.627039e-05
2.848036e+06 7.752628e-06
3.511192e+06 3.683776e-06
4.328761e+06 1.747870e-06
5.336699e+06 8.287519e-07
6.579332e+06 3.928383e-07
8.111308e+06 1.861922e-07
1.000000e+07 8.824745e-08
