1.000000e-02 4.249326e-02
1.232847e-02 4.362052e-02
1.519911e-02 4.477769e-02
1.873817e-02 4.596556e-02
2.310130e-02 4.718495e-02
2.848036e-02 4.843667e-02
3.511192e-02 4.972161e-02
4.328761e-02 5.104063e-02
5.336699e-02 5.239465e-02
6.579332e-02 5.378458e-02
8.111308e-02 5.521138e-02
1.000000e-01 5.667604e-02
1.232847e-01 5.817955e-02
1.519911e-01 5.972295e-02
1.873817e-01 6.130728e-02
2.310130e-01 6.293365e-02
2.848036e-01 6.460313e-02
3.511192e-01 6.631682e-02
4.328761e-01 6.807575e-02
5.336699e-01 6.988074e-02
6.579332e-01 7.173229e-02
8.111308e-01 7.363022e-02
1.000000e+00 7.557332e-02
1.232847e+00 7.755883e-02
1.519911e+00 7.958186e-02
1.873817e+00 8.163466e-02
2.310130e+00 8.370592e-02
2.848036e+00 8.578007e-02
3.511192e+00 8.783664e-02
4.328761e+00 8.984982e-02
5.336699e+00 9.178824e-02
6.579332e+00 9.361510e-02
8.111308e+00 9.528879e-02
1.000000e+01 9.676394e-02
1.232847e+01 9.799299e-02
1.519911e+01 9.892837e-02
1.873817e+01 9.952496e-02
2.310130e+01 9.974288e-02
2.848036e+01 9.955034e-02
3.511192e+01 9.892612e-02
4.328761e+01 9.786167e-02
5.336699e+01 9.636232e-02
6.579332e+01 9.444761e-02
8.111308e+01 9.215045e-02
1.000000e+02 8.951542e-02
1.232847e+02 8.659619e-02
1.519911e+02 8.345235e-02
1.873817e+02 8.014607e-02
2.310130e+02 7.673877e-02
2.848036e+02 7.328823e-02
3.511192e+02 6.984615e-02
4.328761e+02 6.645649e-02
5.336699e+02 6.315435e-02
6.579332e+02 5.996556e-02
8.111308e+02 5.690682e-02
1.000000e+03 5.398608e-02
1.232847e+03 5.120336e-02
1.519911e+03 4.855164e-02
1.873817e+03 4.601785e-02
2.310130e+03 4.358386e-02
2.848036e+03 4.122762e-02
3.511192e+03 3.892431e-02
4.328761e+03 3.664772e-02
5.336699e+03 3.437190e-02
6.579332e+03 3.207310e-02
8.111308e+03 2.973197e-02
1.000000e+04 2.733604e-02
1.232847e+04 2.488209e-02
1.519911e+04 2.237817e-02
1.873817e+04 1.984482e-02
2.310130e+04 1.731505e-02
2.848036e+04 1.483249e-02
3.511192e+04 1.244771e-02
4.328761e+04 1.021282e-02
5.336699e+04 8.175288e-03
6.579332e+04 6.372222e-03
8.111308e+04 4.826274e-03
1.000000e+05 3.544077e-03
1.232847e+05 2.517149e-03
1.519911e+05 1.724652e-03
1.873817e+05 1.137064e-03
2.310130e+05 7.199578e-04
2.848036e+05 4.374790e-04
3.511192e+05 2.554210e-04
4.328761e+05 1.437770e-04
5.336699e+05 7.844490e-05
6.579332e+05 4.174880e-05
8.111308e+05 2.181186e-05
1.000000e+06 1.124947e-05
1.232847e+06 5.752637e-06
1.519911e+06 2.925998e-06
1.873817e+06 1.483477e-06
2.310130e+06 7.507203e-07
2.848036e+06 3.795123e-07
3.511192e+06 1.917493e-07
4.328761e+06 9.685461e-08
5.336699e+06 4.891587e-08
6.579332e+06 2.470332e-08
8.111308e+06 1.247536e-08
1.000000e+07 6.300132e-09
