1.000000e-02 2.488772e-02
1.232847e-02 2.599833e-02
1.519911e-02 2.715851e-02
1.873817e-02 2.837045e-02
2.310130e-02 2.963648e-02
2.848036e-02 3.095900e-02
3.511192e-02 3.234054e-02
4.328761e-02 3.378373e-02
5.336699e-02 3.529133e-02
6.579332e-02 3.686620e-02
8.111308e-02 3.851134e-02
1.000000e-01 4.022991e-02
1.232847e-01 4.202516e-02
1.519911e-01 4.390053e-02
1.873817e-01 4.585958e-02
2.310130e-01 4.790606e-02
2.848036e-01 5.004385e-02
3.511192e-01 5.227702e-02
4.328761e-01 5.460977e-02
5.336699e-01 5.704644e-02
6.579332e-01 5.959141e-02
8.111308e-01 6.224898e-02
1.000000e+00 6.502325e-02
1.232847e+00 6.791776e-02
1.519911e+00 7.093517e-02
1.873817e+00 7.407678e-02
2.310130e+00 7.734184e-02
2.848036e+00 8.072686e-02
3.511192e+00 8.422464e-02
4.328761e+00 8.782327e-02
5.336699e+00 9.150498e-02
6.579332e+00 9.524495e-02
8.111308e+00 9.901009e-02
1.000000e+01 1.027580e-01
1.232847e+01 1.064360e-01
1.519911e+01 1.099806e-01
1.873817e+01 1.133179e-01
2.310130e+01 1.163636e-01
2.848036e+01 1.190252e-01
3.511192e+01 1.212042e-01
4.328761e+01 1.227998e-01
5.336699e+01 1.237131e-01
6.579332e+01 1.238525e-01
8.111308e+01 1.231392e-01
1.000000e+02 1.215130e-01
1.232847e+02 1.189373e-01
1.519911e+02 1.154035e-01
1.873817e+02 1.109336e-01
2.310130e+02 1.055816e-01
2.848036e+02 9.943324e-02
3.511192e+02 9.260429e-02
4.328761e+02 8.523712e-02
5.336699e+02 7.749637e-02
6.579332e+02 6.956279e-02
8.111308e+02 6.162536e-02
1.000000e+03 5.387143e-02
1.232847e+03 4.647529e-02
1.519911e+03 3.958631e-02
1.873817e+03 3.331838e-02
2.310130e+03 2.774266e-02
2.848036e+03 2.288525e-02
3.511192e+03 1.873025e-02
4.328761e+03 1.522737e-02
5.336699e+03 1.230243e-02
6.579332e+03 9.868735e-03
8.111308e+03 7.837957e-03
1.000000e+04 6.129942e-03
1.232847e+04 4.681122e-03
1.519911e+04 3.450771e-03
1.873817e+04 2.422548e-03
2.310130e+04 1.597707e-03
2.848036e+04 9.794161e-04
3.511192e+04 5.556133e-04
4.328761e+04 2.927512e-04
5.336699e+04 1.448155e-04
6.579332e+04 6.824075e-05
8.111308e+04 3.108320e-05
1.000000e+05 1.385218e-05
1.232847e+05 6.092830e-06
1.519911e+05 2.660123e-06
1.873817e+05 1.156780e-06
2.310130e+05 5.019983e-07
2.848036e+05 2.176227e-07
3.511192e+05 9.429463e-08
4.328761e+05 4.084747e-08
5.336699e+05 1.769271e-08
6.579332e+05 7.663036e-09
8.111308e+05 3.318922e-09
1.000000e+06 1.437436e-09
1.232847e+06 6.225556e-10
1.519911e+06 2.696291e-10
1.873817e+06 1.167763e-10
2.310130e+06 5.057580e-11
2.848036e+06 2.190437e-11
3.511192e+06 9.486774e-12
4.328761e+06 4.108718e-12
5.336699e+06 1.779484e-12
6.579332e+06 7.706941e-13
8.111308e+06 3.337873e-13
1.000000e+07 1.445632e-13
