1.000000e-02 6.441220e-03
1.232847e-02 6.784793e-03
1.519911e-02 7.146693e-03
1.873817e-02 7.527897e-03
2.310130e-02 7.929433e-03
2.848036e-02 8.352388e-03
3.511192e-02 8.797903e-03
4.328761e-02 9.267181e-03
5.336699e-02 9.761491e-03
6.579332e-02 1.028217e-02
8.111308e-02 1.083062e-02
1.000000e-01 1.140832e-02
1.232847e-01 1.201684e-02
1.519911e-01 1.265781e-02
1.873817e-01 1.333298e-02
2.310130e-01 1.404416e-02
2.848036e-01 1.479327e-02
3.511192e-01 1.558234e-02
4.328761e-01 1.641350e-02
5.336699e-01 1.728899e-02
6.579332e-01 1.821118e-02
8.111308e-01 1.918256e-02
1.000000e+00 2.020575e-02
1.232847e+00 2.128352e-02
1.519911e+00 2.241877e-02
1.873817e+00 2.361458e-02
2.310130e+00 2.487419e-02
2.848036e+00 2.620102e-02
3.511192e+00 2.759870e-02
4.328761e+00 2.907108e-02
5.336699e+00 3.062225e-02
6.579332e+00 3.225657e-02
8.111308e+00 3.397872e-02
1.000000e+01 3.579370e-02
1.232847e+01 3.770691e-02
1.519911e+01 3.972416e-02
1.873817e+01 4.185176e-02
2.310130e+01 4.409651e-02
2.848036e+01 4.646575e-02
3.511192e+01 4.896744e-02
4.328761e+01 5.161009e-02
5.336699e+01 5.440282e-02
6.579332e+01 5.735528e-02
8.111308e+01 6.047754e-02
1.000000e+02 6.377998e-02
1.232847e+02 6.727300e-02
1.519911e+02 7.096673e-02
1.873817e+02 7.487051e-02
2.310130e+02 7.899229e-02
2.848036e+02 8.333780e-02
3.511192e+02 8.790951e-02
4.328761e+02 9.270529e-02
5.336699e+02 9.771683e-02
6.579332e+02 1.029276e-01
8.111308e+02 1.083107e-01
1.000000e+03 1.138258e-01
1.232847e+03 1.194165e-01
1.519911e+03 1.250062e-01
1.873817e+03 1.304950e-01
2.310130e+03 1.357554e-01
2.848036e+03 1.406283e-01
3.511192e+03 1.449204e-01
4.328761e+03 1.484026e-01
5.336699e+03 1.508110e-01
6.579332e+03 1.518535e-01
8.111308e+03 1.512225e-01
1.000000e+04 1.486171e-01
1.232847e+04 1.437765e-01
1.519911e+04 1.365249e-01
1.873817e+04 1.268252e-01
2.310130e+04 1.148329e-01
2.848036e+04 1.009364e-01
3.511192e+04 8.576355e-02
4.328761e+04 7.013593e-02
5.336699e+04 5.496484e-02
6.579332e+04 4.110613e-02
8.111308e+04 2.921520e-02
1.000000e+05 1.965033e-02
1.232847e+05 1.245339e-02
1.519911e+05 7.403459e-03
1.873817e+05 4.112988e-03
2.310130e+05 2.131497e-03
2.848036e+05 1.032493e-03
3.511192e+05 4.706878e-04
4.328761e+05 2.041706e-04
5.336699e+05 8.535633e-05
6.579332e+05 3.480772e-05
8.111308e+05 1.397776e-05
1.000000e+06 5.563832e-06
1.232847e+06 2.204235e-06
1.519911e+06 8.711626e-07
1.873817e+06 3.439026e-07
2.310130e+06 1.356865e-07
2.848036e+06 5.352195e-08
3.511192e+06 2.110968e-08
4.328761e+06 8.325537e-09
5.336699e+06 3.283488e-09
6.579332e+06 1.294959e-09
8.111308e+06 5.107117e-10
1.000000e+07 2.014167e-10
