1.000000e-02 5.413470e-03
1.232847e-02 5.718914e-03
1.519911e-02 6.041592e-03
1.873817e-02 6.382477e-03
2.310130e-02 6.742596e-03
2.848036e-02 7.123033e-03
3.511192e-02 7.524936e-03
4.328761e-02 7.949516e-03
5.336699e-02 8.398051e-03
6.579332e-02 8.871894e-03
8.111308e-02 9.372473e-03
1.000000e-01 9.901297e-03
1.232847e-01 1.045996e-02
1.519911e-01 1.105014e-02
1.873817e-01 1.167362e-02
2.310130e-01 1.233228e-02
2.848036e-01 1.302811e-02
3.511192e-01 1.376319e-02
4.328761e-01 1.453975e-02
5.336699e-01 1.536012e-02
6.579332e-01 1.622678e-02
8.111308e-01 1.714233e-02
1.000000e+00 1.810951e-02
1.232847e+00 1.913122e-02
1.519911e+00 2.021051e-02
1.873817e+00 2.135058e-02
2.310130e+00 2.255480e-02
2.848036e+00 2.382667e-02
3.511192e+00 2.516988e-02
4.328761e+00 2.658826e-02
5.336699e+00 2.808580e-02
6.579332e+00 2.966662e-02
8.111308e+00 3.133499e-02
1.000000e+01 3.309529e-02
1.232847e+01 3.495199e-02
1.519911e+01 3.690966e-02
1.873817e+01 3.897288e-02
2.310130e+01 4.114624e-02
2.848036e+01 4.343427e-02
3.511192e+01 4.584141e-02
4.328761e+01 4.837188e-02
5.336699e+01 5.102967e-02
6.579332e+01 5.381839e-02
8.111308e+01 5.674122e-02
1.000000e+02 5.980082e-02
1.232847e+02 6.299922e-02
1.519911e+02 6.633781e-02
1.873817e+02 6.981730e-02
2.310130e+02 7.343776e-02
2.848036e+02 7.719873e-02
3.511192e+02 8.109946e-02
4.328761e+02 8.513917e-02
5.336699e+02 8.931748e-02
6.579332e+02 9.363495e-02
8.111308e+02 9.809355e-02
1.000000e+03 1.026972e-01
1.232847e+03 1.074520e-01
1.519911e+03 1.123660e-01
1.873817e+03 1.174478e-01
2.310130e+03 1.227042e-01
2.848036e+03 1.281351e-01
3.511192e+03 1.337247e-01
4.328761e+03 1.394285e-01
5.336699e+03 1.451528e-01
6.579332e+03 1.507264e-01
8.111308e+03 1.558625e-01
1.000000e+04 1.601152e-01
1.232847e+04 1.628392e-01
1.519911e+04 1.631735e-01
1.873817e+04 1.600904e-01
2.310130e+04 1.525544e-01
2.848036e+04 1.398326e-01
3.511192e+04 1.219189e-01
4.328761e+04 9.991211e-02
5.336699e+04 7.606001e-02
6.579332e+04 5.324518e-02
8.111308e+04 3.403238e-02
1.000000e+05 1.980264e-02
1.232847e+05 1.051112e-02
1.519911e+05 5.125726e-03
1.873817e+05 2.323209e-03
2.310130e+05 9.931627e-04
2.848036e+05 4.067018e-04
3.511192e+05 1.617818e-04
4.328761e+05 6.320550e-05
5.336699e+05 2.443836e-05
6.579332e+05 9.396408e-06
8.111308e+05 3.602617e-06
1.000000e+06 1.379360e-06
1.232847e+06 5.277893e-07
1.519911e+06 2.018922e-07
1.873817e+06 7.721907e-08
2.310130e+06 2.953294e-08
2.848036e+06 1.129482e-08
3.511192e+06 4.319647e-09
4.328761e+06 1.652021e-09
5.336699e+06 6.318041e-10
6.579332e+06 2.416290e-10
8.111308e+06 9.240930e-11
1.000000e+07 3.534128e-11
