1.000000e-02 1.481632e-02
1.232847e-02 1.558004e-02
1.519911e-02 1.638313e-02
1.873817e-02 1.722761e-02
2.310130e-02 1.811563e-02
2.848036e-02 1.904941e-02
3.511192e-02 2.003133e-02
4.328761e-02 2.106387e-02
5.336699e-02 2.214962e-02
6.579332e-02 2.329134e-02
8.111308e-02 2.449192e-02
1.000000e-01 2.575437e-02
1.232847e-01 2.708191e-02
1.519911e-01 2.847787e-02
1.873817e-01 2.994578e-02
2.310130e-01 3.148937e-02
2.848036e-01 3.311251e-02
3.511192e-01 3.481932e-02
4.328761e-01 3.661409e-02
5.336699e-01 3.850135e-02
6.579332e-01 4.048579e-02
8.111308e-01 4.257234e-02
1.000000e+00 4.476604e-02
1.232847e+00 4.707208e-02
1.519911e+00 4.949565e-02
1.873817e+00 5.204185e-02
2.310130e+00 5.471553e-02
2.848036e+00 5.752105e-02
3.511192e+00 6.046203e-02
4.328761e+00 6.354096e-02
5.336699e+00 6.675875e-02
6.579332e+00 7.011425e-02
8.111308e+00 7.360353e-02
1.000000e+01 7.721919e-02
1.232847e+01 8.094955e-02
1.519911e+01 8.477767e-02
1.873817e+01 8.868044e-02
2.310130e+01 9.262760e-02
2.848036e+01 9.658084e-02
3.511192e+01 1.004931e-01
4.328761e+01 1.043079e-01
5.336699e+01 1.079595e-01
6.579332e+01 1.113735e-01
8.111308e+01 1.144673e-01
1.000000e+02 1.171529e-01
1.232847e+02 1.193393e-01
1.519911e+02 1.209363e-01
1.873817e+02 1.218589e-01
2.310130e+02 1.220325e-01
2.848036e+02 1.213977e-01
3.511192e+02 1.199156e-01
4.328761e+02 1.175716e-01
5.336699e+02 1.143782e-01
6.579332e+02 1.103758e-01
8.111308e+02 1.056323e-01
1.000000e+03 1.002393e-01
1.232847e+03 9.430806e-02
1.519911e+03 8.796261e-02
1.873817e+03 8.133312e-02
2.310130e+03 7.454895e-02
2.848036e+03 6.773261e-02
3.511192e+03 6.099514e-02
4.328761e+03 5.443308e-02
5.336699e+03 4.812720e-02
6.579332e+03 4.214260e-02
8.111308e+03 3.652979e-02
1.000000e+04 3.132625e-02
1.232847e+04 2.655818e-02
1.519911e+04 2.224188e-02
1.873817e+04 1.838462e-02
2.310130e+04 1.498504e-02
2.848036e+04 1.203321e-02
3.511192e+04 9.510774e-03
4.328761e+04 7.391425e-03
5.336699e+04 5.642110e-03
6.579332e+04 4.224741e-03
8.111308e+04 3.098339e-03
1.000000e+05 2.221240e-03
1.232847e+05 1.553064e-03
1.519911e+05 1.056194e-03
1.873817e+05 6.966749e-04
2.310130e+05 4.445745e-04
2.848036e+05 2.740171e-04
3.511192e+05 1.631177e-04
4.328761e+05 9.396118e-05
5.336699e+05 5.257503e-05
6.579332e+05 2.872193e-05
8.111308e+05 1.540446e-05
1.000000e+06 8.152713e-06
1.232847e+06 4.275816e-06
1.519911e+06 2.229381e-06
1.873817e+06 1.158164e-06
2.310130e+06 6.003687e-07
2.848036e+06 3.108362e-07
3.511192e+06 1.608251e-07
4.328761e+06 8.318117e-08
5.336699e+06 4.301541e-08
6.579332e+06 2.224295e-08
8.111308e+06 1.150140e-08
1.000000e+07 5.947122e-09
