1.000000e-02 6.408588e-03
1.232847e-02 6.753658e-03
1.519911e-02 7.117308e-03
1.873817e-02 7.500538e-03
2.310130e-02 7.904403e-03
2.848036e-02 8.330015e-03
3.511192e-02 8.778543e-03
4.328761e-02 9.251223e-03
5.336699e-02 9.749354e-03
6.579332e-02 1.027431e-02
8.111308e-02 1.082752e-02
1.000000e-01 1.141053e-02
1.232847e-01 1.202493e-02
1.519911e-01 1.267241e-02
1.873817e-01 1.335475e-02
2.310130e-01 1.407384e-02
2.848036e-01 1.483164e-02
3.511192e-01 1.563025e-02
4.328761e-01 1.647186e-02
5.336699e-01 1.735878e-02
6.579332e-01 1.829346e-02
8.111308e-01 1.927845e-02
1.000000e+00 2.031648e-02
1.232847e+00 2.141036e-02
1.519911e+00 2.256312e-02
1.873817e+00 2.377788e-02
2.310130e+00 2.505796e-02
2.848036e+00 2.640683e-02
3.511192e+00 2.782816e-02
4.328761e+00 2.932578e-02
5.336699e+00 3.090373e-02
6.579332e+00 3.256628e-02
8.111308e+00 3.431791e-02
1.000000e+01 3.616333e-02
1.232847e+01 3.810752e-02
1.519911e+01 4.015575e-02
1.873817e+01 4.231356e-02
2.310130e+01 4.458680e-02
2.848036e+01 4.698162e-02
3.511192e+01 4.950447e-02
4.328761e+01 5.216212e-02
5.336699e+01 5.496156e-02
6.579332e+01 5.791000e-02
8.111308e+01 6.101480e-02
1.000000e+02 6.428330e-02
1.232847e+02 6.772270e-02
1.519911e+02 7.133982e-02
1.873817e+02 7.514087e-02
2.310130e+02 7.913104e-02
2.848036e+02 8.331408e-02
3.511192e+02 8.769172e-02
4.328761e+02 9.226300e-02
5.336699e+02 9.702335e-02
6.579332e+02 1.019635e-01
8.111308e+02 1.070680e-01
1.000000e+03 1.123137e-01
1.232847e+03 1.176668e-01
1.519911e+03 1.230806e-01
1.873817e+03 1.284907e-01
2.310130e+03 1.338105e-01
2.848036e+03 1.389245e-01
3.511192e+03 1.436801e-01
4.328761e+03 1.478784e-01
5.336699e+03 1.512647e-01
6.579332e+03 1.535203e-01
8.111308e+03 1.542604e-01
1.000000e+04 1.530443e-01
1.232847e+04 1.494080e-01
1.519911e+04 1.429286e-01
1.873817e+04 1.333250e-01
2.310130e+04 1.205842e-01
2.848036e+04 1.050819e-01
3.511192e+04 8.764033e-02
4.328761e+04 6.946954e-02
5.336699e+04 5.196888e-02
6.579332e+04 3.643389e-02
8.111308e+04 2.377204e-02
1.000000e+05 1.433896e-02
1.232847e+05 7.949409e-03
1.519911e+05 4.036650e-03
1.873817e+05 1.879576e-03
2.310130e+05 8.085481e-04
2.848036e+05 3.257421e-04
3.511192e+05 1.249944e-04
4.328761e+05 4.643113e-05
5.336699e+05 1.691316e-05
6.579332e+05 6.094585e-06
8.111308e+05 2.184032e-06
1.000000e+06 7.805819e-07
1.232847e+06 2.786453e-07
1.519911e+06 9.941591e-08
1.873817e+06 3.546204e-08
2.310130e+06 1.264831e-08
2.848036e+06 4.511134e-09
3.511192e+06 1.608915e-09
4.328761e+06 5.738232e-10
5.336699e+06 2.046550e-10
6.579332e+06 7.299050e-11
8.111308e+06 2.603217e-11
1.000000e+07 9.284409e-12
