1.000000e-02 3.363003e-02
1.232847e-02 3.552099e-02
1.519911e-02 3.751827e-02
1.873817e-02 3.962786e-02
2.310130e-02 4.185606e-02
2.848036e-02 4.420956e-02
3.511192e-02 4.669538e-02
4.328761e-02 4.932098e-02
5.336699e-02 5.209421e-02
6.579332e-02 5.502338e-02
8.111308e-02 5.811725e-02
1.000000e-01 6.138508e-02
1.232847e-01 6.483665e-02
1.519911e-01 6.848230e-02
1.873817e-01 7.233294e-02
2.310130e-01 7.640007e-02
2.848036e-01 8.069580e-02
3.511192e-01 8.523276e-02
4.328761e-01 9.002378e-02
5.336699e-01 9.508128e-02
6.579332e-01 1.004159e-01
8.111308e-01 1.060339e-01
1.000000e+00 1.119329e-01
1.232847e+00 1.180953e-01
1.519911e+00 1.244777e-01
1.873817e+00 1.309971e-01
2.310130e+00 1.375119e-01
2.848036e+00 1.437994e-01
3.511192e+00 1.495314e-01
4.328761e+00 1.542551e-01
5.336699e+00 1.573873e-01
6.579332e+00 1.582389e-01
8.111308e+00 1.560858e-01
1.000000e+01 1.502986e-01
1.232847e+01 1.405230e-01
1.519911e+01 1.268709e-01
1.873817e+01 1.100460e-01
2.310130e+01 9.131466e-02
2.848036e+01 7.228286e-02
3.511192e+01 5.453226e-02
4.328761e+01 3.925881e-02
5.336699e+01 2.706454e-02
6.579332e+01 1.796603e-02
8.111308e+01 1.156727e-02
1.000000e+02 7.284403e-03
1.232847e+02 4.527796e-03
1.519911e+02 2.803629e-03
1.873817e+02 1.744926e-03
2.310130e+02 1.100655e-03
2.848036e+02 7.088177e-04
3.511192e+02 4.689610e-04
4.328761e+02 3.203629e-04
5.336699e+02 2.268256e-04
6.579332e+02 1.668728e-04
8.111308e+02 1.277301e-04
1.000000e+03 1.017377e-04
1.232847e+03 8.424378e-05
1.519911e+03 7.237715e-05
1.873817e+03 6.432764e-05
2.310130e+03 5.892138e-05
2.848036e+03 5.536510e-05
3.511192e+03 5.308898e-05
4.328761e+03 5.164838e-05
5.336699e+03 5.066356e-05
6.579332e+03 4.978713e-05
8.111308e+03 4.869524e-05
1.000000e+04 4.709982e-05
1.232847e+04 4.477753e-05
1.519911e+04 4.160669e-05
1.873817e+04 3.759868e-05
2.310130e+04 3.290887e-05
2.848036e+04 2.781604e-05
3.511192e+04 2.266888e-05
4.328761e+04 1.781221e-05
5.336699e+04 1.351666e-05
6.579332e+04 9.936290e-06
8.111308e+04 7.105048e-06
1.000000e+05 4.964738e-06
1.232847e+05 3.405669e-06
1.519911e+05 2.303040e-06
1.873817e+05 1.540784e-06
2.310130e+05 1.022760e-06
2.848036e+05 6.750979e-07
3.511192e+05 4.438589e-07
4.328761e+05 2.910289e-07
5.336699e+05 1.904655e-07
6.579332e+05 1.244941e-07
8.111308e+05 8.130454e-08
1.000000e+06 5.306869e-08
1.232847e+06 3.462605e-08
1.519911e+06 2.258732e-08
1.873817e+06 1.473196e-08
2.310130e+06 9.607600e-09
2.848036e+06 6.265331e-09
3.511192e+06 4.085620e-09
4.328761e+06 2.664179e-09
5.336699e+06 1.737258e-09
6.579332e+06 1.132826e-09
8.111308e+06 7.386882e-10
1.000000e+07 4.816805e-10
