1.000000e-02 9.095695e-03
1.232847e-02 9.591495e-03
1.519911e-02 1.011432e-02
1.873817e-02 1.066564e-02
2.310130e-02 1.124702e-02
2.848036e-02 1.186008e-02
3.511192e-02 1.250657e-02
4.328761e-02 1.318829e-02
5.336699e-02 1.390717e-02
6.579332e-02 1.466524e-02
8.111308e-02 1.546463e-02
1.000000e-01 1.630760e-02
1.232847e-01 1.719651e-02
1.519911e-01 1.813388e-02
1.873817e-01 1.912235e-02
2.310130e-01 2.016469e-02
2.848036e-01 2.126385e-02
3.511192e-01 2.242293e-02
4.328761e-01 2.364519e-02
5.336699e-01 2.493407e-02
6.579332e-01 2.629323e-02
8.111308e-01 2.772649e-02
1.000000e+00 2.923792e-02
1.232847e+00 3.083181e-02
1.519911e+00 3.251271e-02
1.873817e+00 3.428545e-02
2.310130e+00 3.615513e-02
2.848036e+00 3.812720e-02
3.511192e+00 4.020739e-02
4.328761e+00 4.240182e-02
5.336699e+00 4.471690e-02
6.579332e+00 4.715939e-02
8.111308e+00 4.973631e-02
1.000000e+01 5.245487e-02
1.232847e+01 5.532236e-02
1.519911e+01 5.834593e-02
1.873817e+01 6.153238e-02
2.310130e+01 6.488775e-02
2.848036e+01 6.841686e-02
3.511192e+01 7.212270e-02
4.328761e+01 7.600568e-02
5.336699e+01 8.006265e-02
6.579332e+01 8.428579e-02
8.111308e+01 8.866131e-02
1.000000e+02 9.316798e-02
1.232847e+02 9.777556e-02
1.519911e+02 1.024432e-01
1.873817e+02 1.071178e-01
2.310130e+02 1.117331e-01
2.848036e+02 1.162082e-01
3.511192e+02 1.204482e-01
4.328761e+02 1.243444e-01
5.336699e+02 1.277767e-01
6.579332e+02 1.306168e-01
8.111308e+02 1.327332e-01
1.000000e+03 1.339970e-01
1.232847e+03 1.342893e-01
1.519911e+03 1.335089e-01
1.873817e+03 1.315796e-01
2.310130e+03 1.284563e-01
2.848036e+03 1.241306e-01
3.511192e+03 1.186333e-01
4.328761e+03 1.120357e-01
5.336699e+03 1.044492e-01
6.579332e+03 9.602364e-02
8.111308e+03 8.694525e-02
1.000000e+04 7.743218e-02
1.232847e+04 6.772823e-02
1.519911e+04 5.809232e-02
1.873817e+04 4.878381e-02
2.310130e+04 4.004420e-02
2.848036e+04 3.207792e-02
3.511192e+04 2.503573e-02
4.328761e+04 1.900432e-02
5.336699e+04 1.400430e-02
6.579332e+04 9.996558e-03
8.111308e+04 6.895158e-03
1.000000e+05 4.583075e-03
1.232847e+05 2.927658e-03
1.519911e+05 1.793630e-03
1.873817e+05 1.053187e-03
2.310130e+05 5.935845e-04
2.848036e+05 3.223741e-04
3.511192e+05 1.697031e-04
4.328761e+05 8.718316e-05
5.336699e+05 4.400155e-05
6.579332e+05 2.194027e-05
8.111308e+05 1.085480e-05
1.000000e+06 5.344616e-06
1.232847e+06 2.624113e-06
1.519911e+06 1.286322e-06
1.873817e+06 6.299879e-07
2.310130e+06 3.083958e-07
2.848036e+06 1.509307e-07
3.511192e+06 7.385720e-08
4.328761e+06 3.613950e-08
5.336699e+06 1.768315e-08
6.579332e+06 8.652317e-09
8.111308e+06 4.233540e-09
1.000000e+07 2.071451e-09
