1.000000e-02 1.483623e-01
1.232847e-02 1.471039e-01
1.519911e-02 1.458561e-01
1.873817e-02 1.446189e-01
2.310130e-02 1.433922e-01
2.848036e-02 1.421759e-01
3.511192e-02 1.409700e-01
4.328761e-02 1.397742e-01
5.336699e-02 1.385886e-01
6.579332e-02 1.374131e-01
8.111308e-02 1.362475e-01
1.000000e-01 1.350918e-01
1.232847e-01 1.339459e-01
1.519911e-01 1.328098e-01
1.873817e-01 1.316832e-01
2.310130e-01 1.305662e-01
2.848036e-01 1.294584e-01
3.511192e-01 1.283590e-01
4.328761e-01 1.272667e-01
5.336699e-01 1.261778e-01
6.579332e-01 1.250862e-01
8.111308e-01 1.239805e-01
1.000000e+00 1.228433e-01
1.232847e+00 1.216483e-01
1.519911e+00 1.203594e-01
1.873817e+00 1.189292e-01
2.310130e+00 1.172996e-01
2.848036e+00 1.154024e-01
3.511192e+00 1.131628e-01
4.328761e+00 1.105039e-01
5.336699e+00 1.073531e-01
6.579332e+00 1.036498e-01
8.111308e+00 9.935377e-02
1.000000e+01 9.445260e-02
1.232847e+01 8.896800e-02
1.519911e+01 8.295860e-02
1.873817e+01 7.651894e-02
2.310130e+01 6.977421e-02
2.848036e+01 6.287117e-02
3.511192e+01 5.596640e-02
4.328761e+01 4.921370e-02
5.336699e+01 4.275238e-02
6.579332e+01 3.669813e-02
8.111308e+01 3.113724e-02
1.000000e+02 2.612464e-02
1.232847e+02 2.168507e-02
1.519911e+02 1.781686e-02
1.873817e+02 1.449707e-02
2.310130e+02 1.168732e-02
2.848036e+02 9.339467e-03
3.511192e+02 7.400537e-03
4.328761e+02 5.816754e-03
5.336699e+02 4.536419e-03
6.579332e+02 3.511753e-03
8.111308e+02 2.699854e-03
1.000000e+03 2.063002e-03
1.232847e+03 1.568546e-03
1.519911e+03 1.188570e-03
1.873817e+03 8.994854e-04
2.310130e+03 6.816087e-04
2.848036e+03 5.187562e-04
3.511192e+03 3.978470e-04
4.328761e+03 3.085017e-04
5.336699e+03 2.426374e-04
6.579332e+03 1.940667e-04
8.111308e+03 1.581180e-04
1.000000e+04 1.312927e-04
1.232847e+04 1.109722e-04
1.519911e+04 9.517921e-05
1.873817e+04 8.239880e-05
2.310130e+04 7.146284e-05
2.848036e+04 6.150065e-05
3.511192e+04 5.194947e-05
4.328761e+04 4.259307e-05
5.336699e+04 3.356462e-05
6.579332e+04 2.524900e-05
8.111308e+04 1.808402e-05
1.000000e+05 1.235462e-05
1.232847e+05 8.094411e-06
1.519911e+05 5.123545e-06
1.873817e+05 3.157768e-06
2.310130e+05 1.908546e-06
2.848036e+05 1.137812e-06
3.511192e+05 6.720618e-07
4.328761e+05 3.945485e-07
5.336699e+05 2.307244e-07
6.579332e+05 1.345920e-07
8.111308e+05 7.839428e-08
1.000000e+06 4.561913e-08
1.232847e+06 2.653183e-08
1.519911e+06 1.542564e-08
1.873817e+06 8.966743e-09
2.310130e+06 5.211675e-09
2.848036e+06 3.028951e-09
3.511192e+06 1.760322e-09
4.328761e+06 1.023019e-09
5.336699e+06 5.945268e-10
6.579332e+06 3.455075e-10
8.111308e+06 2.007904e-10
1.000000e+07 1.166885e-10
