1.000000e-02 1.007815e-02
1.232847e-02 1.061894e-02
1.519911e-02 1.118876e-02
1.873817e-02 1.178915e-02
2.310130e-02 1.242175e-02
2.848036e-02 1.308831e-02
3.511192e-02 1.379063e-02
4.328761e-02 1.453063e-02
5.336699e-02 1.531035e-02
6.579332e-02 1.613190e-02
8.111308e-02 1.699754e-02
1.000000e-01 1.790963e-02
1.232847e-01 1.887067e-02
1.519911e-01 1.988327e-02
1.873817e-01 2.095021e-02
2.310130e-01 2.207440e-02
2.848036e-01 2.325892e-02
3.511192e-01 2.450699e-02
4.328761e-01 2.582204e-02
5.336699e-01 2.720766e-02
6.579332e-01 2.866763e-02
8.111308e-01 3.020596e-02
1.000000e+00 3.182685e-02
1.232847e+00 3.353475e-02
1.519911e+00 3.533434e-02
1.873817e+00 3.723055e-02
2.310130e+00 3.922859e-02
2.848036e+00 4.133390e-02
3.511192e+00 4.355221e-02
4.328761e+00 4.588946e-02
5.336699e+00 4.835180e-02
6.579332e+00 5.094551e-02
8.111308e+00 5.367691e-02
1.000000e+01 5.655222e-02
1.232847e+01 5.957733e-02
1.519911e+01 6.275758e-02
1.873817e+01 6.609735e-02
2.310130e+01 6.959963e-02
2.848036e+01 7.326541e-02
3.511192e+01 7.709297e-02
4.328761e+01 8.107696e-02
5.336699e+01 8.520739e-02
6.579332e+01 8.946845e-02
8.111308e+01 9.383710e-02
1.000000e+02 9.828175e-02
1.232847e+02 1.027608e-01
1.519911e+02 1.072212e-01
1.873817e+02 1.115977e-01
2.310130e+02 1.158117e-01
2.848036e+02 1.197718e-01
3.511192e+02 1.233744e-01
4.328761e+02 1.265057e-01
5.336699e+02 1.290449e-01
6.579332e+02 1.308692e-01
8.111308e+02 1.318588e-01
1.000000e+03 1.319042e-01
1.232847e+03 1.309128e-01
1.519911e+03 1.288161e-01
1.873817e+03 1.255755e-01
2.310130e+03 1.211881e-01
2.848036e+03 1.156892e-01
3.511192e+03 1.091543e-01
4.328761e+03 1.016983e-01
5.336699e+03 9.347314e-02
6.579332e+03 8.466279e-02
8.111308e+03 7.547738e-02
1.000000e+04 6.614523e-02
1.232847e+04 5.690315e-02
1.519911e+04 4.798469e-02
1.873817e+04 3.960626e-02
2.310130e+04 3.195220e-02
2.848036e+04 2.516084e-02
3.511192e+04 1.931454e-02
4.328761e+04 1.443619e-02
5.336699e+04 1.049325e-02
6.579332e+04 7.408350e-03
8.111308e+04 5.073815e-03
1.000000e+05 3.366844e-03
1.232847e+05 2.162707e-03
1.519911e+05 1.344564e-03
1.873817e+05 8.098390e-04
2.310130e+05 4.736859e-04
2.848036e+05 2.700687e-04
3.511192e+05 1.507790e-04
4.328761e+05 8.282639e-05
5.336699e+05 4.496414e-05
6.579332e+05 2.421105e-05
8.111308e+05 1.296623e-05
1.000000e+06 6.920250e-06
1.232847e+06 3.685645e-06
1.519911e+06 1.960464e-06
1.873817e+06 1.042047e-06
2.310130e+06 5.536512e-07
2.848036e+06 2.940945e-07
3.511192e+06 1.562015e-07
4.328761e+06 8.295772e-08
5.336699e+06 4.405709e-08
6.579332e+06 2.339750e-08
8.111308e+06 1.242572e-08
1.000000e+07 6.598923e-09
