1.000000e-02 1.081216e-02
1.232847e-02 1.139232e-02
1.519911e-02 1.200360e-02
1.873817e-02 1.264769e-02
2.310130e-02 1.332633e-02
2.848036e-02 1.404139e-02
3.511192e-02 1.479481e-02
4.328761e-02 1.558867e-02
5.336699e-02 1.642512e-02
6.579332e-02 1.730645e-02
8.111308e-02 1.823507e-02
1.000000e-01 1.921352e-02
1.232847e-01 2.024447e-02
1.519911e-01 2.133074e-02
1.873817e-01 2.247529e-02
2.310130e-01 2.368126e-02
2.848036e-01 2.495194e-02
3.511192e-01 2.629081e-02
4.328761e-01 2.770151e-02
5.336699e-01 2.918792e-02
6.579332e-01 3.075410e-02
8.111308e-01 3.240435e-02
1.000000e+00 3.414322e-02
1.232847e+00 3.597551e-02
1.519911e+00 3.790632e-02
1.873817e+00 3.994105e-02
2.310130e+00 4.208544e-02
2.848036e+00 4.434554e-02
3.511192e+00 4.672779e-02
4.328761e+00 4.923896e-02
5.336699e+00 5.188610e-02
6.579332e+00 5.467654e-02
8.111308e+00 5.761771e-02
1.000000e+01 6.071698e-02
1.232847e+01 6.398144e-02
1.519911e+01 6.741744e-02
1.873817e+01 7.103018e-02
2.310130e+01 7.482301e-02
2.848036e+01 7.879658e-02
3.511192e+01 8.294783e-02
4.328761e+01 8.726863e-02
5.336699e+01 9.174433e-02
6.579332e+01 9.635197e-02
8.111308e+01 1.010584e-01
1.000000e+02 1.058181e-01
1.232847e+02 1.105715e-01
1.519911e+02 1.152430e-01
1.873817e+02 1.197399e-01
2.310130e+02 1.239523e-01
2.848036e+02 1.277535e-01
3.511192e+02 1.310031e-01
4.328761e+02 1.335513e-01
5.336699e+02 1.352451e-01
6.579332e+02 1.359372e-01
8.111308e+02 1.354956e-01
1.000000e+03 1.338147e-01
1.232847e+03 1.308262e-01
1.519911e+03 1.265078e-01
1.873817e+03 1.208902e-01
2.310130e+03 1.140599e-01
2.848036e+03 1.061573e-01
3.511192e+03 9.737141e-02
4.328761e+03 8.793049e-02
5.336699e+03 7.809021e-02
6.579332e+03 6.812029e-02
8.111308e+03 5.829045e-02
1.000000e+04 4.885625e-02
1.232847e+04 4.004530e-02
1.519911e+04 3.204445e-02
1.873817e+04 2.498886e-02
2.310130e+04 1.895464e-02
2.848036e+04 1.395686e-02
3.511192e+04 9.954144e-03
4.328761e+04 6.859363e-03
5.336699e+04 4.554279e-03
6.579332e+04 2.904988e-03
8.111308e+04 1.775514e-03
1.000000e+05 1.038209e-03
1.232847e+05 5.810277e-04
1.519911e+05 3.121329e-04
1.873817e+05 1.618295e-04
2.310130e+05 8.154148e-05
2.848036e+05 4.022210e-05
3.511192e+05 1.954970e-05
4.328761e+05 9.411001e-06
5.336699e+05 4.503510e-06
6.579332e+05 2.147558e-06
8.111308e+05 1.022059e-06
1.000000e+06 4.858851e-07
1.232847e+06 2.308544e-07
1.519911e+06 1.096505e-07
1.873817e+06 5.207340e-08
2.310130e+06 2.472790e-08
2.848036e+06 1.174200e-08
3.511192e+06 5.575565e-09
4.328761e+06 2.647476e-09
5.336699e+06 1.257111e-09
6.579332e+06 5.969178e-10
8.111308e+06 2.834362e-10
1.000000e+07 1.345848e-10
