1.000000e-02 2.395373e-02
1.232847e-02 2.500390e-02
1.519911e-02 2.610012e-02
1.873817e-02 2.724439e-02
2.310130e-02 2.843884e-02
2.848036e-02 2.968565e-02
3.511192e-02 3.098712e-02
4.328761e-02 3.234565e-02
5.336699e-02 3.376374e-02
6.579332e-02 3.524401e-02
8.111308e-02 3.678917e-02
1.000000e-01 3.840207e-02
1.232847e-01 4.008569e-02
1.519911e-01 4.184312e-02
1.873817e-01 4.367760e-02
2.310130e-01 4.559250e-02
2.848036e-01 4.759135e-02
3.511192e-01 4.967782e-02
4.328761e-01 5.185569e-02
5.336699e-01 5.412886e-02
6.579332e-01 5.650128e-02
8.111308e-01 5.897680e-02
1.000000e+00 6.155906e-02
1.232847e+00 6.425121e-02
1.519911e+00 6.705558e-02
1.873817e+00 6.997327e-02
2.310130e+00 7.300356e-02
2.848036e+00 7.614331e-02
3.511192e+00 7.938615e-02
4.328761e+00 8.272165e-02
5.336699e+00 8.613438e-02
6.579332e+00 8.960297e-02
8.111308e+00 9.309920e-02
1.000000e+01 9.658716e-02
1.232847e+01 1.000227e-01
1.519911e+01 1.033531e-01
1.873817e+01 1.065172e-01
2.310130e+01 1.094465e-01
2.848036e+01 1.120660e-01
3.511192e+01 1.142970e-01
4.328761e+01 1.160597e-01
5.336699e+01 1.172773e-01
6.579332e+01 1.178801e-01
8.111308e+01 1.178101e-01
1.000000e+02 1.170256e-01
1.232847e+02 1.155053e-01
1.519911e+02 1.132510e-01
1.873817e+02 1.102898e-01
2.310130e+02 1.066731e-01
2.848036e+02 1.024747e-01
3.511192e+02 9.778637e-02
4.328761e+02 9.271147e-02
5.336699e+02 8.735736e-02
6.579332e+02 8.182695e-02
8.111308e+02 7.620994e-02
1.000000e+03 7.057437e-02
1.232847e+03 6.495918e-02
1.519911e+03 5.936873e-02
1.873817e+03 5.377092e-02
2.310130e+03 4.810177e-02
2.848036e+03 4.228074e-02
3.511192e+03 3.624192e-02
4.328761e+03 2.998354e-02
5.336699e+03 2.362771e-02
6.579332e+03 1.746037e-02
8.111308e+03 1.190172e-02
1.000000e+04 7.373910e-03
1.232847e+04 4.114144e-03
1.519911e+04 2.066095e-03
1.873817e+04 9.430074e-04
2.310130e+04 3.981827e-04
2.848036e+04 1.588529e-04
3.511192e+04 6.105250e-05
4.328761e+04 2.294648e-05
5.336699e+04 8.518907e-06
6.579332e+04 3.142711e-06
8.111308e+04 1.155829e-06
1.000000e+05 4.244916e-07
1.232847e+05 1.558019e-07
1.519911e+05 5.716891e-08
1.873817e+05 2.097485e-08
2.310130e+05 7.695166e-09
2.848036e+05 2.823120e-09
3.511192e+05 1.035709e-09
4.328761e+05 3.799660e-10
5.336699e+05 1.393964e-10
6.579332e+05 5.113966e-11
8.111308e+05 1.876136e-11
1.000000e+06 6.882887e-12
1.232847e+06 2.525091e-12
1.519911e+06 9.263677e-13
1.873817e+06 3.398519e-13
2.310130e+06 1.246798e-13
2.848036e+06 4.574066e-14
3.511192e+06 1.678065e-14
4.328761e+06 6.156235e-15
5.336699e+06 2.258508e-15
6.579332e+06 8.285675e-16
8.111308e+06 3.039725e-16
1.000000e+07 1.115169e-16
