1.000000e-02 1.834549e-02
1.232847e-02 1.925192e-02
1.519911e-02 2.020313e-02
1.873817e-02 2.120134e-02
2.310130e-02 2.224887e-02
2.848036e-02 2.334815e-02
3.511192e-02 2.450175e-02
4.328761e-02 2.571235e-02
5.336699e-02 2.698276e-02
6.579332e-02 2.831595e-02
8.111308e-02 2.971500e-02
1.000000e-01 3.118317e-02
1.232847e-01 3.272389e-02
1.519911e-01 3.434074e-02
1.873817e-01 3.603746e-02
2.310130e-01 3.781803e-02
2.848036e-01 3.968656e-02
3.511192e-01 4.164741e-02
4.328761e-01 4.370513e-02
5.336699e-01 4.586446e-02
6.579332e-01 4.813037e-02
8.111308e-01 5.050797e-02
1.000000e+00 5.300251e-02
1.232847e+00 5.561926e-02
1.519911e+00 5.836342e-02
1.873817e+00 6.123993e-02
2.310130e+00 6.425322e-02
2.848036e+00 6.740689e-02
3.511192e+00 7.070327e-02
4.328761e+00 7.414291e-02
5.336699e+00 7.772390e-02
6.579332e+00 8.144103e-02
8.111308e+00 8.528492e-02
1.000000e+01 8.924083e-02
1.232847e+01 9.328750e-02
1.519911e+01 9.739578e-02
1.873817e+01 1.015273e-01
2.310130e+01 1.056332e-01
2.848036e+01 1.096529e-01
3.511192e+01 1.135135e-01
4.328761e+01 1.171295e-01
5.336699e+01 1.204034e-01
6.579332e+01 1.232273e-01
8.111308e+01 1.254860e-01
1.000000e+02 1.270611e-01
1.232847e+02 1.278367e-01
1.519911e+02 1.277068e-01
1.873817e+02 1.265825e-01
2.310130e+02 1.244003e-01
2.848036e+02 1.211300e-01
3.511192e+02 1.167799e-01
4.328761e+02 1.114008e-01
5.336699e+02 1.050858e-01
6.579332e+02 9.796731e-02
8.111308e+02 9.021053e-02
1.000000e+03 8.200457e-02
1.232847e+03 7.355195e-02
1.519911e+03 6.505766e-02
1.873817e+03 5.671846e-02
2.310130e+03 4.871317e-02
2.848036e+03 4.119438e-02
3.511192e+03 3.428205e-02
4.328761e+03 2.805962e-02
5.336699e+03 2.257307e-02
6.579332e+03 1.783307e-02
8.111308e+03 1.381980e-02
1.000000e+04 1.048969e-02
1.232847e+04 7.782907e-03
1.519911e+04 5.630397e-03
1.873817e+04 3.959616e-03
2.310130e+04 2.698337e-03
2.848036e+04 1.776705e-03
3.511192e+04 1.128238e-03
4.328761e+04 6.908789e-04
5.336699e+04 4.087969e-04
6.579332e+04 2.346820e-04
8.111308e+04 1.314162e-04
1.000000e+05 7.219431e-05
1.232847e+05 3.911410e-05
1.519911e+05 2.099067e-05
1.873817e+05 1.119448e-05
2.310130e+05 5.946587e-06
2.848036e+05 3.151255e-06
3.511192e+05 1.667537e-06
4.328761e+05 8.816663e-07
5.336699e+05 4.659349e-07
6.579332e+05 2.461667e-07
8.111308e+05 1.300374e-07
1.000000e+06 6.868654e-08
1.232847e+06 3.627901e-08
1.519911e+06 1.916146e-08
1.873817e+06 1.012036e-08
2.310130e+06 5.345160e-09
2.848036e+06 2.823084e-09
3.511192e+06 1.491029e-09
4.328761e+06 7.874950e-10
5.336699e+06 4.159197e-10
6.579332e+06 2.196702e-10
8.111308e+06 1.160199e-10
1.000000e+07 6.127653e-11
