1.000000e-02 2.732107e-02
1.232847e-02 2.850382e-02
1.519911e-02 2.973777e-02
1.873817e-02 3.102514e-02
2.310130e-02 3.236824e-02
2.848036e-02 3.376949e-02
3.511192e-02 3.523139e-02
4.328761e-02 3.675659e-02
5.336699e-02 3.834781e-02
6.579332e-02 4.000791e-02
8.111308e-02 4.173988e-02
1.000000e-01 4.354683e-02
1.232847e-01 4.543200e-02
1.519911e-01 4.739879e-02
1.873817e-01 4.945072e-02
2.310130e-01 5.159147e-02
2.848036e-01 5.382489e-02
3.511192e-01 5.615498e-02
4.328761e-01 5.858585e-02
5.336699e-01 6.112172e-02
6.579332e-01 6.376685e-02
8.111308e-01 6.652533e-02
1.000000e+00 6.940093e-02
1.232847e+00 7.239673e-02
1.519911e+00 7.551469e-02
1.873817e+00 7.875507e-02
2.310130e+00 8.211565e-02
2.848036e+00 8.559083e-02
3.511192e+00 8.917058e-02
4.328761e+00 9.283914e-02
5.336699e+00 9.657373e-02
6.579332e+00 1.003431e-01
8.111308e+00 1.041061e-01
1.000000e+01 1.078105e-01
1.232847e+01 1.113919e-01
1.519911e+01 1.147734e-01
1.873817e+01 1.178660e-01
2.310130e+01 1.205695e-01
2.848036e+01 1.227752e-01
3.511192e+01 1.243698e-01
4.328761e+01 1.252404e-01
5.336699e+01 1.252809e-01
6.579332e+01 1.243999e-01
8.111308e+01 1.225278e-01
1.000000e+02 1.196249e-01
1.232847e+02 1.156869e-01
1.519911e+02 1.107495e-01
1.873817e+02 1.048895e-01
2.310130e+02 9.822225e-02
2.848036e+02 9.089679e-02
3.511192e+02 8.308725e-02
4.328761e+02 7.498308e-02
5.336699e+02 6.677835e-02
6.579332e+02 5.866139e-02
8.111308e+02 5.080574e-02
1.000000e+03 4.336264e-02
1.232847e+03 3.645545e-02
1.519911e+03 3.017603e-02
1.873817e+03 2.458292e-02
2.310130e+03 1.970167e-02
2.848036e+03 1.552710e-02
3.511192e+03 1.202764e-02
4.328761e+03 9.151272e-03
5.336699e+03 6.832337e-03
6.579332e+03 4.998379e-03
8.111308e+03 3.576091e-03
1.000000e+04 2.495771e-03
1.232847e+04 1.694026e-03
1.519911e+04 1.114841e-03
1.873817e+04 7.095042e-04
2.310130e+04 4.360691e-04
2.848036e+04 2.589672e-04
3.511192e+04 1.489982e-04
4.328761e+04 8.342448e-05
5.336699e+04 4.570150e-05
6.579332e+04 2.462962e-05
8.111308e+04 1.312072e-05
1.000000e+05 6.935562e-06
1.232847e+05 3.647844e-06
1.519911e+05 1.912703e-06
1.873817e+05 1.001042e-06
2.310130e+05 5.233410e-07
2.848036e+05 2.734303e-07
3.511192e+05 1.428092e-07
4.328761e+05 7.457293e-08
5.336699e+05 3.893675e-08
6.579332e+05 2.032885e-08
8.111308e+05 1.061335e-08
1.000000e+06 5.540956e-09
1.232847e+06 2.892764e-09
1.519911e+06 1.510217e-09
1.873817e+06 7.884328e-10
2.310130e+06 4.116133e-10
2.848036e+06 2.148888e-10
3.511192e+06 1.121858e-10
4.328761e+06 5.856825e-11
5.336699e+06 3.057640e-11
6.579332e+06 1.596285e-11
8.111308e+06 8.333640e-12
1.000000e+07 4.350697e-12
