1.000000e-02 8.237866e-03
1.232847e-02 8.691726e-03
1.519911e-02 9.170591e-03
1.873817e-02 9.675838e-03
2.310130e-02 1.020892e-02
2.848036e-02 1.077138e-02
3.511192e-02 1.136482e-02
4.328761e-02 1.199095e-02
5.336699e-02 1.265159e-02
6.579332e-02 1.334862e-02
8.111308e-02 1.408405e-02
1.000000e-01 1.486000e-02
1.232847e-01 1.567871e-02
1.519911e-01 1.654251e-02
1.873817e-01 1.745391e-02
2.310130e-01 1.841553e-02
2.848036e-01 1.943012e-02
3.511192e-01 2.050061e-02
4.328761e-01 2.163009e-02
5.336699e-01 2.282183e-02
6.579332e-01 2.407929e-02
8.111308e-01 2.540616e-02
1.000000e+00 2.680641e-02
1.232847e+00 2.828432e-02
1.519911e+00 2.984455e-02
1.873817e+00 3.149226e-02
2.310130e+00 3.323315e-02
2.848036e+00 3.507365e-02
3.511192e+00 3.702101e-02
4.328761e+00 3.908347e-02
5.336699e+00 4.127040e-02
6.579332e+00 4.359244e-02
8.111308e+00 4.606162e-02
1.000000e+01 4.869142e-02
1.232847e+01 5.149675e-02
1.519911e+01 5.449381e-02
1.873817e+01 5.769982e-02
2.310130e+01 6.113247e-02
2.848036e+01 6.480915e-02
3.511192e+01 6.874571e-02
4.328761e+01 7.295486e-02
5.336699e+01 7.744396e-02
6.579332e+01 8.221223e-02
8.111308e+01 8.724735e-02
1.000000e+02 9.252155e-02
1.232847e+02 9.798739e-02
1.519911e+02 1.035737e-01
1.873817e+02 1.091827e-01
2.310130e+02 1.146884e-01
2.848036e+02 1.199392e-01
3.511192e+02 1.247640e-01
4.328761e+02 1.289839e-01
5.336699e+02 1.324299e-01
6.579332e+02 1.349640e-01
8.111308e+02 1.365021e-01
1.000000e+03 1.370332e-01
1.232847e+03 1.366312e-01
1.519911e+03 1.354537e-01
1.873817e+03 1.337256e-01
2.310130e+03 1.317058e-01
2.848036e+03 1.296371e-01
3.511192e+03 1.276775e-01
4.328761e+03 1.258056e-01
5.336699e+03 1.236932e-01
6.579332e+03 1.205508e-01
8.111308e+03 1.150096e-01
1.000000e+04 1.052424e-01
1.232847e+04 8.968643e-02
1.519911e+04 6.854933e-02
1.873817e+04 4.514428e-02
2.310130e+04 2.483489e-02
2.848036e+04 1.132158e-02
3.511192e+04 4.368592e-03
4.328761e+04 1.487487e-03
5.336699e+04 4.674509e-04
6.579332e+04 1.404609e-04
8.111308e+04 4.127502e-05
1.000000e+05 1.200714e-05
1.232847e+05 3.478275e-06
1.519911e+05 1.005944e-06
1.873817e+05 2.907498e-07
2.310130e+05 8.401785e-08
2.848036e+05 2.427682e-08
3.511192e+05 7.014577e-09
4.328761e+05 2.026785e-09
5.336699e+05 5.856161e-10
6.579332e+05 1.692068e-10
8.111308e+05 4.889030e-11
1.000000e+06 1.412627e-11
1.232847e+06 4.081616e-12
1.519911e+06 1.179334e-12
1.873817e+06 3.407546e-13
2.310130e+06 9.845696e-14
2.848036e+06 2.844796e-14
3.511192e+06 8.219699e-15
4.328761e+06 2.374984e-15
5.336699e+06 6.862232e-16
6.579332e+06 1.982760e-16
8.111308e+06 5.728948e-17
1.000000e+07 1.655311e-17
