1.000000e-02 7.832549e-03
1.232847e-02 8.391619e-03
1.519911e-02 8.990593e-03
1.873817e-02 9.632322e-03
2.310130e-02 1.031985e-02
2.848036e-02 1.105646e-02
3.511192e-02 1.184565e-02
4.328761e-02 1.269116e-02
5.336699e-02 1.359703e-02
6.579332e-02 1.456755e-02
8.111308e-02 1.560735e-02
1.000000e-01 1.672137e-02
1.232847e-01 1.791490e-02
1.519911e-01 1.919363e-02
1.873817e-01 2.056362e-02
2.310130e-01 2.203141e-02
2.848036e-01 2.360396e-02
3.511192e-01 2.528874e-02
4.328761e-01 2.709375e-02
5.336699e-01 2.902750e-02
6.579332e-01 3.109906e-02
8.111308e-01 3.331797e-02
1.000000e+00 3.569419e-02
1.232847e+00 3.823793e-02
1.519911e+00 4.095935e-02
1.873817e+00 4.386817e-02
2.310130e+00 4.697309e-02
2.848036e+00 5.028091e-02
3.511192e+00 5.379548e-02
4.328761e+00 5.751630e-02
5.336699e+00 6.143679e-02
6.579332e+00 6.554231e-02
8.111308e+00 6.980791e-02
1.000000e+01 7.419604e-02
1.232847e+01 7.865441e-02
1.519911e+01 8.311430e-02
1.873817e+01 8.748994e-02
2.310130e+01 9.167920e-02
2.848036e+01 9.556641e-02
3.511192e+01 9.902737e-02
4.328761e+01 1.019369e-01
5.336699e+01 1.041786e-01
6.579332e+01 1.056553e-01
8.111308e+01 1.063004e-01
1.000000e+02 1.060860e-01
1.232847e+02 1.050293e-01
1.519911e+02 1.031927e-01
1.873817e+02 1.006798e-01
2.310130e+02 9.762669e-02
2.848036e+02 9.419008e-02
3.511192e+02 9.053430e-02
4.328761e+02 8.681912e-02
5.336699e+02 8.318986e-02
6.579332e+02 7.977075e-02
8.111308e+02 7.666138e-02
1.000000e+03 7.393607e-02
1.232847e+03 7.164506e-02
1.519911e+03 6.981660e-02
1.873817e+03 6.845908e-02
2.310130e+03 6.756248e-02
2.848036e+03 6.709848e-02
3.511192e+03 6.701928e-02
4.328761e+03 6.725498e-02
5.336699e+03 6.771011e-02
6.579332e+03 6.826028e-02
8.111308e+03 6.875035e-02
1.000000e+04 6.899616e-02
1.232847e+04 6.879198e-02
1.519911e+04 6.792555e-02
1.873817e+04 6.620120e-02
2.310130e+04 6.346948e-02
2.848036e+04 5.965855e-02
3.511192e+04 5.480014e-02
4.328761e+04 4.904172e-02
5.336699e+04 4.263859e-02
6.579332e+04 3.592419e-02
8.111308e+04 2.926341e-02
1.000000e+05 2.299928e-02
1.232847e+05 1.740589e-02
1.519911e+05 1.265866e-02
1.873817e+05 8.826874e-03
2.310130e+05 5.886090e-03
2.848036e+05 3.742942e-03
3.511192e+05 2.263642e-03
4.328761e+05 1.299849e-03
5.336699e+05 7.090284e-04
6.579332e+05 3.686404e-04
8.111308e+05 1.838622e-04
1.000000e+06 8.871047e-05
1.232847e+06 4.177034e-05
1.519911e+06 1.934468e-05
1.873817e+06 8.865349e-06
2.310130e+06 4.037582e-06
2.848036e+06 1.832440e-06
3.511192e+06 8.301108e-07
4.328761e+06 3.757025e-07
5.336699e+06 1.699690e-07
6.579332e+06 7.688144e-08
8.111308e+06 3.477362e-08
1.000000e+07 1.572803e-08
