1.000000e-02 1.445246e-02
1.232847e-02 1.528721e-02
1.519911e-02 1.617016e-02
1.873817e-02 1.710412e-02
2.310130e-02 1.809201e-02
2.848036e-02 1.913697e-02
3.511192e-02 2.024228e-02
4.328761e-02 2.141143e-02
5.336699e-02 2.264811e-02
6.579332e-02 2.395621e-02
8.111308e-02 2.533987e-02
1.000000e-01 2.680345e-02
1.232847e-01 2.835156e-02
1.519911e-01 2.998908e-02
1.873817e-01 3.172119e-02
2.310130e-01 3.355333e-02
2.848036e-01 3.549130e-02
3.511192e-01 3.754121e-02
4.328761e-01 3.970953e-02
5.336699e-01 4.200312e-02
6.579332e-01 4.442925e-02
8.111308e-01 4.699567e-02
1.000000e+00 4.971059e-02
1.232847e+00 5.258276e-02
1.519911e+00 5.562146e-02
1.873817e+00 5.883651e-02
2.310130e+00 6.223814e-02
2.848036e+00 6.583686e-02
3.511192e+00 6.964306e-02
4.328761e+00 7.366650e-02
5.336699e+00 7.791546e-02
6.579332e+00 8.239549e-02
8.111308e+00 8.710775e-02
1.000000e+01 9.204672e-02
1.232847e+01 9.719726e-02
1.519911e+01 1.025310e-01
1.873817e+01 1.080021e-01
2.310130e+01 1.135425e-01
2.848036e+01 1.190567e-01
3.511192e+01 1.244179e-01
4.328761e+01 1.294644e-01
5.336699e+01 1.339997e-01
6.579332e+01 1.377960e-01
8.111308e+01 1.406039e-01
1.000000e+02 1.421681e-01
1.232847e+02 1.422506e-01
1.519911e+02 1.406583e-01
1.873817e+02 1.372724e-01
2.310130e+02 1.320744e-01
2.848036e+02 1.251625e-01
3.511192e+02 1.167531e-01
4.328761e+02 1.071657e-01
5.336699e+02 9.679179e-02
6.579332e+02 8.605363e-02
8.111308e+02 7.536071e-02
1.000000e+03 6.507128e-02
1.232847e+03 5.546576e-02
1.519911e+03 4.673434e-02
1.873817e+03 3.897839e-02
2.310130e+03 3.222217e-02
2.848036e+03 2.643039e-02
3.511192e+03 2.152746e-02
4.328761e+03 1.741519e-02
5.336699e+03 1.398707e-02
6.579332e+03 1.113892e-02
8.111308e+03 8.775947e-03
1.000000e+04 6.816925e-03
1.232847e+04 5.196139e-03
1.519911e+04 3.863355e-03
1.873817e+04 2.781938e-03
2.310130e+04 1.925070e-03
2.848036e+04 1.270452e-03
3.511192e+04 7.947214e-04
4.328761e+04 4.697245e-04
5.336699e+04 2.625992e-04
6.579332e+04 1.396127e-04
8.111308e+04 7.120574e-05
1.000000e+05 3.518864e-05
1.232847e+05 1.700846e-05
1.519911e+05 8.102468e-06
1.873817e+05 3.825341e-06
2.310130e+05 1.796513e-06
2.848036e+05 8.411974e-07
3.511192e+05 3.932429e-07
4.328761e+05 1.836753e-07
5.336699e+05 8.575269e-08
6.579332e+05 4.002641e-08
8.111308e+05 1.868085e-08
1.000000e+06 8.718110e-09
1.232847e+06 4.068519e-09
1.519911e+06 1.898649e-09
1.873817e+06 8.860338e-10
2.310130e+06 4.134801e-10
2.848036e+06 1.929560e-10
3.511192e+06 9.004544e-11
4.328761e+06 4.202087e-11
5.336699e+06 1.960958e-11
6.579332e+06 9.151063e-12
8.111308e+06 4.270461e-12
1.000000e+07 1.992865e-12
