1.000000e-02 2.607838e-02
1.232847e-02 2.698617e-02
1.519911e-02 2.792556e-02
1.873817e-02 2.889765e-02
2.310130e-02 2.990358e-02
2.848036e-02 3.094452e-02
3.511192e-02 3.202171e-02
4.328761e-02 3.313638e-02
5.336699e-02 3.428986e-02
6.579332e-02 3.548349e-02
8.111308e-02 3.671867e-02
1.000000e-01 3.799685e-02
1.232847e-01 3.931952e-02
1.519911e-01 4.068824e-02
1.873817e-01 4.210460e-02
2.310130e-01 4.357026e-02
2.848036e-01 4.508693e-02
3.511192e-01 4.665638e-02
4.328761e-01 4.828039e-02
5.336699e-01 4.996074e-02
6.579332e-01 5.169917e-02
8.111308e-01 5.349723e-02
1.000000e+00 5.535619e-02
1.232847e+00 5.727687e-02
1.519911e+00 5.925934e-02
1.873817e+00 6.130276e-02
2.310130e+00 6.340501e-02
2.848036e+00 6.556246e-02
3.511192e+00 6.776961e-02
4.328761e+00 7.001891e-02
5.336699e+00 7.230050e-02
6.579332e+00 7.460213e-02
8.111308e+00 7.690921e-02
1.000000e+01 7.920489e-02
1.232847e+01 8.147044e-02
1.519911e+01 8.368566e-02
1.873817e+01 8.582957e-02
2.310130e+01 8.788107e-02
2.848036e+01 8.981981e-02
3.511192e+01 9.162702e-02
4.328761e+01 9.328620e-02
5.336699e+01 9.478380e-02
6.579332e+01 9.610954e-02
8.111308e+01 9.725652e-02
1.000000e+02 9.822092e-02
1.232847e+02 9.900143e-02
1.519911e+02 9.959820e-02
1.873817e+02 1.000116e-01
2.310130e+02 1.002408e-01
2.848036e+02 1.002818e-01
3.511192e+02 1.001260e-01
4.328761e+02 9.975850e-02
5.336699e+02 9.915654e-02
6.579332e+02 9.828875e-02
8.111308e+02 9.711467e-02
1.000000e+03 9.558513e-02
1.232847e+03 9.364376e-02
1.519911e+03 9.122948e-02
1.873817e+03 8.828056e-02
2.310130e+03 8.474016e-02
2.848036e+03 8.056361e-02
3.511192e+03 7.572722e-02
4.328761e+03 7.023804e-02
5.336699e+03 6.414348e-02
6.579332e+03 5.753862e-02
8.111308e+03 5.056878e-02
1.000000e+04 4.342487e-02
1.232847e+04 3.633021e-02
1.519911e+04 2.952003e-02
1.873817e+04 2.321671e-02
2.310130e+04 1.760580e-02
2.848036e+04 1.281721e-02
3.511192e+04 8.914390e-03
4.328761e+04 5.892170e-03
5.336699e+04 3.682655e-03
6.579332e+04 2.168261e-03
8.111308e+04 1.201291e-03
1.000000e+05 6.280361e-04
1.232847e+05 3.119805e-04
1.519911e+05 1.487179e-04
1.873817e+05 6.876434e-05
2.310130e+05 3.114218e-05
2.848036e+05 1.391960e-05
3.511192e+05 6.173213e-06
4.328761e+05 2.725728e-06
5.336699e+05 1.200666e-06
6.579332e+05 5.282338e-07
8.111308e+05 2.322523e-07
1.000000e+06 1.020848e-07
1.232847e+06 4.486407e-08
1.519911e+06 1.971542e-08
1.873817e+06 8.663616e-09
2.310130e+06 3.807028e-09
2.848036e+06 1.672900e-09
3.511192e+06 7.351104e-10
4.328761e+06 3.230239e-10
5.336699e+06 1.419438e-10
6.579332e+06 6.237323e-11
8.111308e+06 2.740817e-11
1.000000e+07 1.204375e-11
