1.000000e-02 2.592780e-02
1.232847e-02 2.715568e-02
1.519911e-02 2.844171e-02
1.873817e-02 2.978864e-02
2.310130e-02 3.119936e-02
2.848036e-02 3.267689e-02
3.511192e-02 3.422439e-02
4.328761e-02 3.584518e-02
5.336699e-02 3.754273e-02
6.579332e-02 3.932067e-02
8.111308e-02 4.118280e-02
1.000000e-01 4.313312e-02
1.232847e-01 4.517581e-02
1.519911e-01 4.731523e-02
1.873817e-01 4.955597e-02
2.310130e-01 5.190283e-02
2.848036e-01 5.436082e-02
3.511192e-01 5.693519e-02
4.328761e-01 5.963141e-02
5.336699e-01 6.245514e-02
6.579332e-01 6.541212e-02
8.111308e-01 6.850813e-02
1.000000e+00 7.174869e-02
1.232847e+00 7.513874e-02
1.519911e+00 7.868217e-02
1.873817e+00 8.238113e-02
2.310130e+00 8.623506e-02
2.848036e+00 9.023955e-02
3.511192e+00 9.438479e-02
4.328761e+00 9.865378e-02
5.336699e+00 1.030202e-01
6.579332e+00 1.074458e-01
8.111308e+00 1.118780e-01
1.000000e+01 1.162473e-01
1.232847e+01 1.204644e-01
1.519911e+01 1.244193e-01
1.873817e+01 1.279795e-01
2.310130e+01 1.309922e-01
2.848036e+01 1.332871e-01
3.511192e+01 1.346833e-01
4.328761e+01 1.349990e-01
5.336699e+01 1.340653e-01
6.579332e+01 1.317423e-01
8.111308e+01 1.279370e-01
1.000000e+02 1.226208e-01
1.232847e+02 1.158435e-01
1.519911e+02 1.077412e-01
1.873817e+02 9.853517e-02
2.310130e+02 8.852053e-02
2.848036e+02 7.804436e-02
3.511192e+02 6.747625e-02
4.328761e+02 5.717517e-02
5.336699e+02 4.745817e-02
6.579332e+02 3.857575e-02
8.111308e+02 3.069747e-02
1.000000e+03 2.390886e-02
1.232847e+03 1.821861e-02
1.519911e+03 1.357319e-02
1.873817e+03 9.875411e-03
2.310130e+03 7.003552e-03
2.848036e+03 4.827862e-03
3.511192e+03 3.222742e-03
4.328761e+03 2.073817e-03
5.336699e+03 1.280548e-03
6.579332e+03 7.560585e-04
8.111308e+03 4.263013e-04
1.000000e+04 2.300182e-04
1.232847e+04 1.193925e-04
1.519911e+04 6.005912e-05
1.873817e+04 2.951443e-05
2.310130e+04 1.427145e-05
2.848036e+04 6.828869e-06
3.511192e+04 3.246663e-06
4.328761e+04 1.537770e-06
5.336699e+04 7.268176e-07
6.579332e+04 3.431296e-07
8.111308e+04 1.618918e-07
1.000000e+05 7.635775e-08
1.232847e+05 3.600900e-08
1.519911e+05 1.697984e-08
1.873817e+05 8.006419e-09
2.310130e+05 3.775152e-09
2.848036e+05 1.780026e-09
3.511192e+05 8.392983e-10
4.328761e+05 3.957357e-10
5.336699e+05 1.865923e-10
6.579332e+05 8.797958e-11
8.111308e+05 4.148298e-11
1.000000e+06 1.955951e-11
1.232847e+06 9.222445e-12
1.519911e+06 4.348446e-12
1.873817e+06 2.050322e-12
2.310130e+06 9.667409e-13
2.848036e+06 4.558249e-13
3.511192e+06 2.149246e-13
4.328761e+06 1.013384e-13
5.336699e+06 4.778175e-14
6.579332e+06 2.252942e-14
8.111308e+06 1.062278e-14
1.000000e+07 5.008712e-15
