1.000000e-02 8.173552e-02
1.232847e-02 8.299421e-02
1.519911e-02 8.427229e-02
1.873817e-02 8.557005e-02
2.310130e-02 8.688779e-02
2.848036e-02 8.822582e-02
3.511192e-02 8.958446e-02
4.328761e-02 9.096402e-02
5.336699e-02 9.236483e-02
6.579332e-02 9.378721e-02
8.111308e-02 9.523149e-02
1.000000e-01 9.669802e-02
1.232847e-01 9.818713e-02
1.519911e-01 9.969916e-02
1.873817e-01 1.012345e-01
2.310130e-01 1.027934e-01
2.848036e-01 1.043762e-01
3.511192e-01 1.059830e-01
4.328761e-01 1.076134e-01
5.336699e-01 1.092659e-01
6.579332e-01 1.109372e-01
8.111308e-01 1.126207e-01
1.000000e+00 1.143052e-01
1.232847e+00 1.159721e-01
1.519911e+00 1.175936e-01
1.873817e+00 1.191301e-01
2.310130e+00 1.205280e-01
2.848036e+00 1.217182e-01
3.511192e+00 1.226153e-01
4.328761e+00 1.231188e-01
5.336699e+00 1.231164e-01
6.579332e+00 1.224890e-01
8.111308e+00 1.211190e-01
1.000000e+01 1.189003e-01
1.232847e+01 1.157504e-01
1.519911e+01 1.116217e-01
1.873817e+01 1.065114e-01
2.310130e+01 1.004688e-01
2.848036e+01 9.359614e-02
3.511192e+01 8.604495e-02
4.328761e+01 7.800637e-02
5.336699e+01 6.969734e-02
6.579332e+01 6.134433e-02
8.111308e+01 5.316657e-02
1.000000e+02 4.536094e-02
1.232847e+02 3.809001e-02
1.519911e+02 3.147441e-02
1.873817e+02 2.558995e-02
2.310130e+02 2.046910e-02
2.848036e+02 1.610601e-02
3.511192e+02 1.246399e-02
4.328761e+02 9.484022e-03
5.336699e+02 7.093215e-03
6.579332e+02 5.212244e-03
8.111308e+02 3.761332e-03
1.000000e+03 2.664568e-03
1.232847e+03 1.852684e-03
1.519911e+03 1.264591e-03
1.873817e+03 8.480057e-04
2.310130e+03 5.594653e-04
2.848036e+03 3.639312e-04
3.511192e+03 2.340815e-04
4.328761e+03 1.493603e-04
5.336699e+03 9.486111e-05
6.579332e+03 6.015649e-05
8.111308e+03 3.818828e-05
1.000000e+04 2.431191e-05
1.232847e+04 1.553812e-05
1.519911e+04 9.972923e-06
1.873817e+04 6.427264e-06
2.310130e+04 4.157293e-06
2.848036e+04 2.697218e-06
3.511192e+04 1.754181e-06
4.328761e+04 1.142987e-06
5.336699e+04 7.457804e-07
6.579332e+04 4.871006e-07
8.111308e+04 3.183749e-07
1.000000e+05 2.081988e-07
1.232847e+05 1.361976e-07
1.519911e+05 8.911785e-08
1.873817e+05 5.832176e-08
2.310130e+05 3.817194e-08
2.848036e+05 2.498559e-08
3.511192e+05 1.635522e-08
4.328761e+05 1.070625e-08
5.336699e+05 7.008539e-09
6.579332e+05 4.588004e-09
8.111308e+05 3.003476e-09
1.000000e+06 1.966197e-09
1.232847e+06 1.287158e-09
1.519911e+06 8.426311e-10
1.873817e+06 5.516249e-10
2.310130e+06 3.611193e-10
2.848036e+06 2.364057e-10
3.511192e+06 1.547623e-10
4.328761e+06 1.013147e-10
5.336699e+06 6.632540e-11
6.579332e+06 4.341975e-11
8.111308e+06 2.842463e-11
1.000000e+07 1.860811e-11
