1.000000e-02 1.994893e-02
1.232847e-02 2.082132e-02
1.519911e-02 2.173186e-02
1.873817e-02 2.268223e-02
2.310130e-02 2.367415e-02
2.848036e-02 2.470945e-02
3.511192e-02 2.579003e-02
4.328761e-02 2.691786e-02
5.336699e-02 2.809502e-02
6.579332e-02 2.932365e-02
8.111308e-02 3.060601e-02
1.000000e-01 3.194446e-02
1.232847e-01 3.334143e-02
1.519911e-01 3.479950e-02
1.873817e-01 3.632132e-02
2.310130e-01 3.790970e-02
2.848036e-01 3.956754e-02
3.511192e-01 4.129786e-02
4.328761e-01 4.310380e-02
5.336699e-01 4.498860e-02
6.579332e-01 4.695552e-02
8.111308e-01 4.900784e-02
1.000000e+00 5.114870e-02
1.232847e+00 5.338097e-02
1.519911e+00 5.570707e-02
1.873817e+00 5.812877e-02
2.310130e+00 6.064687e-02
2.848036e+00 6.326102e-02
3.511192e+00 6.596940e-02
4.328761e+00 6.876860e-02
5.336699e+00 7.165341e-02
6.579332e+00 7.461698e-02
8.111308e+00 7.765097e-02
1.000000e+01 8.074612e-02
1.232847e+01 8.389303e-02
1.519911e+01 8.708338e-02
1.873817e+01 9.031137e-02
2.310130e+01 9.357568e-02
2.848036e+01 9.688145e-02
3.511192e+01 1.002425e-01
4.328761e+01 1.036833e-01
5.336699e+01 1.072408e-01
6.579332e+01 1.109647e-01
8.111308e+01 1.149172e-01
1.000000e+02 1.191697e-01
1.232847e+02 1.237959e-01
1.519911e+02 1.288594e-01
1.873817e+02 1.343910e-01
2.310130e+02 1.403533e-01
2.848036e+02 1.465830e-01
3.511192e+02 1.527080e-01
4.328761e+02 1.580372e-01
5.336699e+02 1.614474e-01
6.579332e+02 1.613330e-01
8.111308e+02 1.557598e-01
1.000000e+03 1.430112e-01
1.232847e+03 1.225912e-01
1.519911e+03 9.627970e-02
1.873817e+03 6.823313e-02
2.310130e+03 4.336136e-02
2.848036e+03 2.487833e-02
3.511192e+03 1.315243e-02
4.328761e+03 6.599041e-03
5.336699e+03 3.242061e-03
6.579332e+03 1.600670e-03
8.111308e+03 8.073386e-04
1.000000e+04 4.185152e-04
1.232847e+04 2.224482e-04
1.519911e+04 1.203381e-04
1.873817e+04 6.568170e-05
2.310130e+04 3.590522e-05
2.848036e+04 1.956560e-05
3.511192e+04 1.060566e-05
4.328761e+04 5.717354e-06
5.336699e+04 3.067654e-06
6.579332e+04 1.640056e-06
8.111308e+04 8.746122e-07
1.000000e+05 4.656363e-07
1.232847e+05 2.476390e-07
1.519911e+05 1.316166e-07
1.873817e+05 6.992549e-08
2.310130e+05 3.714185e-08
2.848036e+05 1.972587e-08
3.511192e+05 1.047557e-08
4.328761e+05 5.562905e-09
5.336699e+05 2.954038e-09
6.579332e+05 1.568648e-09
8.111308e+05 8.329746e-10
1.000000e+06 4.423201e-10
1.232847e+06 2.348771e-10
1.519911e+06 1.247223e-10
1.873817e+06 6.622890e-11
2.310130e+06 3.516825e-11
2.848036e+06 1.867471e-11
3.511192e+06 9.916469e-12
4.328761e+06 5.265749e-12
5.336699e+06 2.796168e-12
6.579332e+06 1.484795e-12
8.111308e+06 7.884414e-13
1.000000e+07 4.186707e-13
