1.000000e-02 1.393224e-02
1.232847e-02 1.464911e-02
1.519911e-02 1.540288e-02
1.873817e-02 1.619542e-02
2.310130e-02 1.702875e-02
2.848036e-02 1.790496e-02
3.511192e-02 1.882625e-02
4.328761e-02 1.979494e-02
5.336699e-02 2.081348e-02
6.579332e-02 2.188443e-02
8.111308e-02 2.301048e-02
1.000000e-01 2.419447e-02
1.232847e-01 2.543939e-02
1.519911e-01 2.674836e-02
1.873817e-01 2.812468e-02
2.310130e-01 2.957183e-02
2.848036e-01 3.109343e-02
3.511192e-01 3.269333e-02
4.328761e-01 3.437557e-02
5.336699e-01 3.614440e-02
6.579332e-01 3.800431e-02
8.111308e-01 3.996008e-02
1.000000e+00 4.201680e-02
1.232847e+00 4.417991e-02
1.519911e+00 4.645529e-02
1.873817e+00 4.884932e-02
2.310130e+00 5.136896e-02
2.848036e+00 5.402182e-02
3.511192e+00 5.681624e-02
4.328761e+00 5.976132e-02
5.336699e+00 6.286690e-02
6.579332e+00 6.614351e-02
8.111308e+00 6.960215e-02
1.000000e+01 7.325398e-02
1.232847e+01 7.710975e-02
1.519911e+01 8.117905e-02
1.873817e+01 8.546913e-02
2.310130e+01 8.998342e-02
2.848036e+01 9.471945e-02
3.511192e+01 9.966626e-02
4.328761e+01 1.048012e-01
5.336699e+01 1.100861e-01
6.579332e+01 1.154627e-01
8.111308e+01 1.208483e-01
1.000000e+02 1.261306e-01
1.232847e+02 1.311644e-01
1.519911e+02 1.357690e-01
1.873817e+02 1.397291e-01
2.310130e+02 1.428001e-01
2.848036e+02 1.447189e-01
3.511192e+02 1.452217e-01
4.328761e+02 1.440678e-01
5.336699e+02 1.410693e-01
6.579332e+02 1.361208e-01
8.111308e+02 1.292268e-01
1.000000e+03 1.205186e-01
1.232847e+03 1.102555e-01
1.519911e+03 9.880942e-02
1.873817e+03 8.663234e-02
2.310130e+03 7.421244e-02
2.848036e+03 6.202720e-02
3.511192e+03 5.050123e-02
4.328761e+03 3.997534e-02
5.336699e+03 3.068936e-02
6.579332e+03 2.277849e-02
8.111308e+03 1.628053e-02
1.000000e+04 1.115000e-02
1.232847e+04 7.275199e-03
1.519911e+04 4.495183e-03
1.873817e+04 2.616269e-03
2.310130e+04 1.430136e-03
2.848036e+04 7.350275e-04
3.511192e+04 3.572768e-04
4.328761e+04 1.658518e-04
5.336699e+04 7.437551e-05
6.579332e+04 3.257119e-05
8.111308e+04 1.405086e-05
1.000000e+05 6.007676e-06
1.232847e+05 2.555959e-06
1.519911e+05 1.084567e-06
1.873817e+05 4.595946e-07
2.310130e+05 1.946284e-07
2.848036e+05 8.239473e-08
3.511192e+05 3.487613e-08
4.328761e+05 1.476139e-08
5.336699e+05 6.247598e-09
6.579332e+05 2.644191e-09
8.111308e+05 1.119102e-09
1.000000e+06 4.736371e-10
1.232847e+06 2.004569e-10
1.519911e+06 8.483913e-11
1.873817e+06 3.590635e-11
2.310130e+06 1.519659e-11
2.848036e+06 6.431633e-12
3.511192e+06 2.722051e-12
4.328761e+06 1.152050e-12
5.336699e+06 4.875804e-13
6.579332e+06 2.063579e-13
8.111308e+06 8.733658e-14
1.000000e+07 3.696333e-14
