1.000000e-02 1.054158e-02
1.232847e-02 1.110404e-02
1.519911e-02 1.169650e-02
1.873817e-02 1.232058e-02
2.310130e-02 1.297795e-02
2.848036e-02 1.367040e-02
3.511192e-02 1.439979e-02
4.328761e-02 1.516810e-02
5.336699e-02 1.597741e-02
6.579332e-02 1.682989e-02
8.111308e-02 1.772786e-02
1.000000e-01 1.867374e-02
1.232847e-01 1.967010e-02
1.519911e-01 2.071961e-02
1.873817e-01 2.182512e-02
2.310130e-01 2.298961e-02
2.848036e-01 2.421624e-02
3.511192e-01 2.550831e-02
4.328761e-01 2.686931e-02
5.336699e-01 2.830292e-02
6.579332e-01 2.981297e-02
8.111308e-01 3.140350e-02
1.000000e+00 3.307871e-02
1.232847e+00 3.484293e-02
1.519911e+00 3.670064e-02
1.873817e+00 3.865635e-02
2.310130e+00 4.071458e-02
2.848036e+00 4.287972e-02
3.511192e+00 4.515593e-02
4.328761e+00 4.754698e-02
5.336699e+00 5.005600e-02
6.579332e+00 5.268531e-02
8.111308e+00 5.543607e-02
1.000000e+01 5.830804e-02
1.232847e+01 6.129915e-02
1.519911e+01 6.440524e-02
1.873817e+01 6.761961e-02
2.310130e+01 7.093278e-02
2.848036e+01 7.433224e-02
3.511192e+01 7.780226e-02
4.328761e+01 8.132404e-02
5.336699e+01 8.487590e-02
6.579332e+01 8.843391e-02
8.111308e+01 9.197270e-02
1.000000e+02 9.546677e-02
1.232847e+02 9.889196e-02
1.519911e+02 1.022273e-01
1.873817e+02 1.054570e-01
2.310130e+02 1.085723e-01
2.848036e+02 1.115729e-01
3.511192e+02 1.144683e-01
4.328761e+02 1.172771e-01
5.336699e+02 1.200258e-01
6.579332e+02 1.227441e-01
8.111308e+02 1.254577e-01
1.000000e+03 1.281766e-01
1.232847e+03 1.308761e-01
1.519911e+03 1.334709e-01
1.873817e+03 1.357786e-01
2.310130e+03 1.374735e-01
2.848036e+03 1.380378e-01
3.511192e+03 1.367282e-01
4.328761e+03 1.326000e-01
5.336699e+03 1.246556e-01
6.579332e+03 1.121802e-01
8.111308e+03 9.524530e-02
1.000000e+04 7.515195e-02
1.232847e+04 5.438651e-02
1.519911e+04 3.581104e-02
1.873817e+04 2.145659e-02
2.310130e+04 1.181065e-02
2.848036e+04 6.079892e-03
3.511192e+04 2.994027e-03
4.328761e+04 1.443369e-03
5.336699e+04 6.947907e-04
6.579332e+04 3.387545e-04
8.111308e+04 1.686723e-04
1.000000e+05 8.602099e-05
1.232847e+05 4.489255e-05
1.519911e+05 2.389949e-05
1.873817e+05 1.292702e-05
2.310130e+05 7.075791e-06
2.848036e+05 3.905987e-06
3.511192e+05 2.168695e-06
4.328761e+05 1.208710e-06
5.336699e+05 6.753143e-07
6.579332e+05 3.778782e-07
8.111308e+05 2.116426e-07
1.000000e+06 1.186035e-07
1.232847e+06 6.648694e-08
1.519911e+06 3.727856e-08
1.873817e+06 2.090403e-08
2.310130e+06 1.172272e-08
2.848036e+06 6.574184e-09
3.511192e+06 3.686918e-09
4.328761e+06 2.067708e-09
5.336699e+06 1.159623e-09
6.579332e+06 6.503478e-10
8.111308e+06 3.647327e-10
1.000000e+07 2.045520e-10
