1.000000e-02 1.299027e-02
1.232847e-02 1.367859e-02
1.519911e-02 1.440338e-02
1.873817e-02 1.516657e-02
2.310130e-02 1.597021e-02
2.848036e-02 1.681643e-02
3.511192e-02 1.770748e-02
4.328761e-02 1.864575e-02
5.336699e-02 1.963374e-02
6.579332e-02 2.067408e-02
8.111308e-02 2.176954e-02
1.000000e-01 2.292305e-02
1.232847e-01 2.413768e-02
1.519911e-01 2.541667e-02
1.873817e-01 2.676343e-02
2.310130e-01 2.818155e-02
2.848036e-01 2.967481e-02
3.511192e-01 3.124720e-02
4.328761e-01 3.290290e-02
5.336699e-01 3.464631e-02
6.579332e-01 3.648206e-02
8.111308e-01 3.841500e-02
1.000000e+00 4.045019e-02
1.232847e+00 4.259287e-02
1.519911e+00 4.484846e-02
1.873817e+00 4.722247e-02
2.310130e+00 4.972044e-02
2.848036e+00 5.234778e-02
3.511192e+00 5.510966e-02
4.328761e+00 5.801075e-02
5.336699e+00 6.105496e-02
6.579332e+00 6.424504e-02
8.111308e+00 6.758219e-02
1.000000e+01 7.106541e-02
1.232847e+01 7.469093e-02
1.519911e+01 7.845136e-02
1.873817e+01 8.233483e-02
2.310130e+01 8.632396e-02
2.848036e+01 9.039486e-02
3.511192e+01 9.451598e-02
4.328761e+01 9.864710e-02
5.336699e+01 1.027384e-01
6.579332e+01 1.067301e-01
8.111308e+01 1.105516e-01
1.000000e+02 1.141228e-01
1.232847e+02 1.173542e-01
1.519911e+02 1.201501e-01
1.873817e+02 1.224104e-01
2.310130e+02 1.240358e-01
2.848036e+02 1.249322e-01
3.511192e+02 1.250163e-01
4.328761e+02 1.242220e-01
5.336699e+02 1.225054e-01
6.579332e+02 1.198498e-01
8.111308e+02 1.162691e-01
1.000000e+03 1.118084e-01
1.232847e+03 1.065433e-01
1.519911e+03 1.005762e-01
1.873817e+03 9.403107e-02
2.310130e+03 8.704624e-02
2.848036e+03 7.976721e-02
3.511192e+03 7.233953e-02
4.328761e+03 6.490274e-02
5.336699e+03 5.758591e-02
6.579332e+03 5.050459e-02
8.111308e+03 4.375910e-02
1.000000e+04 3.743355e-02
1.232847e+04 3.159522e-02
1.519911e+04 2.629388e-02
1.873817e+04 2.156115e-02
2.310130e+04 1.741011e-02
2.848036e+04 1.383552e-02
3.511192e+04 1.081514e-02
4.328761e+04 8.312013e-03
5.336699e+04 6.277860e-03
6.579332e+04 4.657022e-03
8.111308e+04 3.390632e-03
1.000000e+05 2.420426e-03
1.232847e+05 1.691802e-03
1.519911e+05 1.155853e-03
1.873817e+05 7.703613e-04
2.310130e+05 4.999053e-04
2.848036e+05 3.154022e-04
3.511192e+05 1.934007e-04
4.328761e+05 1.153791e-04
5.336699e+05 6.714153e-05
6.579332e+05 3.825427e-05
8.111308e+05 2.143219e-05
1.000000e+06 1.185734e-05
1.232847e+06 6.501887e-06
1.519911e+06 3.543958e-06
1.873817e+06 1.924261e-06
2.310130e+06 1.042337e-06
2.848036e+06 5.638234e-07
3.511192e+06 3.047431e-07
4.328761e+06 1.646421e-07
5.336699e+06 8.893182e-08
6.579332e+06 4.803235e-08
8.111308e+06 2.594161e-08
1.000000e+07 1.401063e-08
