1.000000e-02 6.821749e-03
1.232847e-02 7.209412e-03
1.519911e-02 7.619105e-03
1.873817e-02 8.052079e-03
2.310130e-02 8.509659e-03
2.848036e-02 8.993241e-03
3.511192e-02 9.504304e-03
4.328761e-02 1.004441e-02
5.336699e-02 1.061521e-02
6.579332e-02 1.121844e-02
8.111308e-02 1.185596e-02
1.000000e-01 1.252970e-02
1.232847e-01 1.324174e-02
1.519911e-01 1.399423e-02
1.873817e-01 1.478949e-02
2.310130e-01 1.562994e-02
2.848036e-01 1.651815e-02
3.511192e-01 1.745683e-02
4.328761e-01 1.844886e-02
5.336699e-01 1.949727e-02
6.579332e-01 2.060526e-02
8.111308e-01 2.177622e-02
1.000000e+00 2.301375e-02
1.232847e+00 2.432166e-02
1.519911e+00 2.570396e-02
1.873817e+00 2.716494e-02
2.310130e+00 2.870914e-02
2.848036e+00 3.034139e-02
3.511192e+00 3.206681e-02
4.328761e+00 3.389085e-02
5.336699e+00 3.581930e-02
6.579332e+00 3.785828e-02
8.111308e+00 4.001424e-02
1.000000e+01 4.229396e-02
1.232847e+01 4.470448e-02
1.519911e+01 4.725301e-02
1.873817e+01 4.994686e-02
2.310130e+01 5.279322e-02
2.848036e+01 5.579896e-02
3.511192e+01 5.897027e-02
4.328761e+01 6.231230e-02
5.336699e+01 6.582858e-02
6.579332e+01 6.952045e-02
8.111308e+01 7.338622e-02
1.000000e+02 7.742034e-02
1.232847e+02 8.161236e-02
1.519911e+02 8.594585e-02
1.873817e+02 9.039726e-02
2.310130e+02 9.493481e-02
2.848036e+02 9.951754e-02
3.511192e+02 1.040946e-01
4.328761e+02 1.086047e-01
5.336699e+02 1.129766e-01
6.579332e+02 1.171297e-01
8.111308e+02 1.209758e-01
1.000000e+03 1.244212e-01
1.232847e+03 1.273702e-01
1.519911e+03 1.297279e-01
1.873817e+03 1.314045e-01
2.310130e+03 1.323185e-01
2.848036e+03 1.323992e-01
3.511192e+03 1.315884e-01
4.328761e+03 1.298407e-01
5.336699e+03 1.271227e-01
6.579332e+03 1.234122e-01
8.111308e+03 1.186972e-01
1.000000e+04 1.129769e-01
1.232847e+04 1.062658e-01
1.519911e+04 9.860113e-02
1.873817e+04 9.005420e-02
2.310130e+04 8.074529e-02
2.848036e+04 7.085765e-02
3.511192e+04 6.064559e-02
4.328761e+04 5.042980e-02
5.336699e+04 4.057479e-02
6.579332e+04 3.144881e-02
8.111308e+04 2.337367e-02
1.000000e+05 1.657733e-02
1.232847e+05 1.116286e-02
1.519911e+05 7.101463e-03
1.873817e+05 4.250037e-03
2.310130e+05 2.387233e-03
2.848036e+05 1.259697e-03
3.511192e+05 6.276802e-04
4.328761e+05 2.979888e-04
5.336699e+05 1.362855e-04
6.579332e+05 6.070710e-05
8.111308e+05 2.658003e-05
1.000000e+06 1.151680e-05
1.232847e+06 4.960373e-06
1.519911e+06 2.129563e-06
1.873817e+06 9.127195e-07
2.310130e+06 3.908592e-07
2.848036e+06 1.673125e-07
3.511192e+06 7.160693e-08
4.328761e+06 3.064402e-08
5.336699e+06 1.311358e-08
6.579332e+06 5.611660e-09
8.111308e+06 2.401374e-09
1.000000e+07 1.027609e-09
