1.000000e-02 1.722684e-02
1.232847e-02 1.812279e-02
1.519911e-02 1.906534e-02
1.873817e-02 2.005690e-02
2.310130e-02 2.110004e-02
2.848036e-02 2.219742e-02
3.511192e-02 2.335188e-02
4.328761e-02 2.456639e-02
5.336699e-02 2.584406e-02
6.579332e-02 2.718817e-02
8.111308e-02 2.860220e-02
1.000000e-01 3.008976e-02
1.232847e-01 3.165470e-02
1.519911e-01 3.330102e-02
1.873817e-01 3.503296e-02
2.310130e-01 3.685499e-02
2.848036e-01 3.877178e-02
3.511192e-01 4.078828e-02
4.328761e-01 4.290972e-02
5.336699e-01 4.514166e-02
6.579332e-01 4.749007e-02
8.111308e-01 4.996145e-02
1.000000e+00 5.256301e-02
1.232847e+00 5.530286e-02
1.519911e+00 5.819032e-02
1.873817e+00 6.123624e-02
2.310130e+00 6.445336e-02
2.848036e+00 6.785665e-02
3.511192e+00 7.146362e-02
4.328761e+00 7.529446e-02
5.336699e+00 7.937193e-02
6.579332e+00 8.372097e-02
8.111308e+00 8.836762e-02
1.000000e+01 9.333727e-02
1.232847e+01 9.865185e-02
1.519911e+01 1.043256e-01
1.873817e+01 1.103590e-01
2.310130e+01 1.167307e-01
2.848036e+01 1.233869e-01
3.511192e+01 1.302282e-01
4.328761e+01 1.370947e-01
5.336699e+01 1.437506e-01
6.579332e+01 1.498718e-01
8.111308e+01 1.550391e-01
1.000000e+02 1.587454e-01
1.232847e+02 1.604213e-01
1.519911e+02 1.594858e-01
1.873817e+02 1.554244e-01
2.310130e+02 1.478904e-01
2.848036e+02 1.368177e-01
3.511192e+02 1.225188e-01
4.328761e+02 1.057339e-01
5.336699e+02 8.759100e-02
6.579332e+02 6.945034e-02
8.111308e+02 5.264838e-02
1.000000e+03 3.821710e-02
1.232847e+03 2.669100e-02
1.519911e+03 1.808322e-02
1.873817e+03 1.202070e-02
2.310130e+03 7.949125e-03
2.848036e+03 5.309561e-03
3.511192e+03 3.638505e-03
4.328761e+03 2.596687e-03
5.336699e+03 1.956189e-03
6.579332e+03 1.573184e-03
8.111308e+03 1.361786e-03
1.000000e+04 1.274470e-03
1.232847e+04 1.289081e-03
1.519911e+04 1.399935e-03
1.873817e+04 1.608515e-03
2.310130e+04 1.906080e-03
2.848036e+04 2.238796e-03
3.511192e+04 2.462823e-03
4.328761e+04 2.361031e-03
5.336699e+04 1.831964e-03
6.579332e+04 1.098483e-03
8.111308e+04 5.135645e-04
1.000000e+05 1.982677e-04
1.232847e+05 6.782089e-05
1.519911e+05 2.172979e-05
1.873817e+05 6.746874e-06
2.310130e+05 2.066190e-06
2.848036e+05 6.292132e-07
3.511192e+05 1.911985e-07
4.328761e+05 5.805294e-08
5.336699e+05 1.762141e-08
6.579332e+05 5.348288e-09
8.111308e+05 1.623209e-09
1.000000e+06 4.926399e-10
1.232847e+06 1.495144e-10
1.519911e+06 4.537703e-11
1.873817e+06 1.377174e-11
2.310130e+06 4.179667e-12
2.848036e+06 1.268512e-12
3.511192e+06 3.849880e-13
4.328761e+06 1.168423e-13
5.336699e+06 3.546115e-14
6.579332e+06 1.076231e-14
8.111308e+06 3.266317e-15
1.000000e+07 9.913136e-16
