1.000000e-02 8.680156e-03
1.232847e-02 9.119465e-03
1.519911e-02 9.581007e-03
1.873817e-02 1.006591e-02
2.310130e-02 1.057535e-02
2.848036e-02 1.111058e-02
3.511192e-02 1.167289e-02
4.328761e-02 1.226366e-02
5.336699e-02 1.288433e-02
6.579332e-02 1.353642e-02
8.111308e-02 1.422151e-02
1.000000e-01 1.494127e-02
1.232847e-01 1.569745e-02
1.519911e-01 1.649191e-02
1.873817e-01 1.732658e-02
2.310130e-01 1.820349e-02
2.848036e-01 1.912478e-02
3.511192e-01 2.009270e-02
4.328761e-01 2.110960e-02
5.336699e-01 2.217798e-02
6.579332e-01 2.330044e-02
8.111308e-01 2.447972e-02
1.000000e+00 2.571873e-02
1.232847e+00 2.702052e-02
1.519911e+00 2.838834e-02
1.873817e+00 2.982563e-02
2.310130e+00 3.133606e-02
2.848036e+00 3.292357e-02
3.511192e+00 3.459241e-02
4.328761e+00 3.634719e-02
5.336699e+00 3.819292e-02
6.579332e+00 4.013509e-02
8.111308e+00 4.217976e-02
1.000000e+01 4.433359e-02
1.232847e+01 4.660398e-02
1.519911e+01 4.899909e-02
1.873817e+01 5.152794e-02
2.310130e+01 5.420045e-02
2.848036e+01 5.702749e-02
3.511192e+01 6.002082e-02
4.328761e+01 6.319305e-02
5.336699e+01 6.655745e-02
6.579332e+01 7.012771e-02
8.111308e+01 7.391748e-02
1.000000e+02 7.793979e-02
1.232847e+02 8.220617e-02
1.519911e+02 8.672554e-02
1.873817e+02 9.150267e-02
2.310130e+02 9.653627e-02
2.848036e+02 1.018166e-01
3.511192e+02 1.073224e-01
4.328761e+02 1.130177e-01
5.336699e+02 1.188472e-01
6.579332e+02 1.247325e-01
8.111308e+02 1.305669e-01
1.000000e+03 1.362106e-01
1.232847e+03 1.414866e-01
1.519911e+03 1.461776e-01
1.873817e+03 1.500247e-01
2.310130e+03 1.527299e-01
2.848036e+03 1.539640e-01
3.511192e+03 1.533831e-01
4.328761e+03 1.506553e-01
5.336699e+03 1.455019e-01
6.579332e+03 1.377504e-01
8.111308e+03 1.273963e-01
1.000000e+04 1.146603e-01
1.232847e+04 1.000234e-01
1.519911e+04 8.421796e-02
1.873817e+04 6.815838e-02
2.310130e+04 5.281322e-02
2.848036e+04 3.904375e-02
3.511192e+04 2.745715e-02
4.328761e+04 1.832378e-02
5.336699e+04 1.158358e-02
6.579332e+04 6.928486e-03
8.111308e+04 3.920435e-03
1.000000e+05 2.101696e-03
1.232847e+05 1.071509e-03
1.519911e+05 5.228532e-04
1.873817e+05 2.462280e-04
2.310130e+05 1.129164e-04
2.848036e+05 5.083893e-05
3.511192e+05 2.262038e-05
4.328761e+05 9.993158e-06
5.336699e+05 4.396770e-06
6.579332e+05 1.930183e-06
8.111308e+05 8.463629e-07
1.000000e+06 3.709006e-07
1.232847e+06 1.624918e-07
1.519911e+06 7.117773e-08
1.873817e+06 3.117653e-08
2.310130e+06 1.365520e-08
2.848036e+06 5.980837e-09
3.511192e+06 2.619530e-09
4.328761e+06 1.147317e-09
5.336699e+06 5.025081e-10
6.579332e+06 2.200911e-10
8.111308e+06 9.639665e-11
1.000000e+07 4.222030e-11
