1.000000e-02 1.574132e-02
1.232847e-02 1.660070e-02
1.519911e-02 1.750700e-02
1.873817e-02 1.846278e-02
2.310130e-02 1.947074e-02
2.848036e-02 2.053373e-02
3.511192e-02 2.165475e-02
4.328761e-02 2.283697e-02
5.336699e-02 2.408374e-02
6.579332e-02 2.539857e-02
8.111308e-02 2.678518e-02
1.000000e-01 2.824750e-02
1.232847e-01 2.978965e-02
1.519911e-01 3.141599e-02
1.873817e-01 3.313111e-02
2.310130e-01 3.493988e-02
2.848036e-01 3.684739e-02
3.511192e-01 3.885902e-02
4.328761e-01 4.098043e-02
5.336699e-01 4.321755e-02
6.579332e-01 4.557652e-02
8.111308e-01 4.806365e-02
1.000000e+00 5.068530e-02
1.232847e+00 5.344765e-02
1.519911e+00 5.635645e-02
1.873817e+00 5.941658e-02
2.310130e+00 6.263152e-02
2.848036e+00 6.600265e-02
3.511192e+00 6.952833e-02
4.328761e+00 7.320285e-02
5.336699e+00 7.701517e-02
6.579332e+00 8.094752e-02
8.111308e+00 8.497388e-02
1.000000e+01 8.905848e-02
1.232847e+01 9.315445e-02
1.519911e+01 9.720274e-02
1.873817e+01 1.011317e-01
2.310130e+01 1.048575e-01
2.848036e+01 1.082855e-01
3.511192e+01 1.113133e-01
4.328761e+01 1.138347e-01
5.336699e+01 1.157458e-01
6.579332e+01 1.169519e-01
8.111308e+01 1.173747e-01
1.000000e+02 1.169598e-01
1.232847e+02 1.156828e-01
1.519911e+02 1.135532e-01
1.873817e+02 1.106163e-01
2.310130e+02 1.069503e-01
2.848036e+02 1.026622e-01
3.511192e+02 9.787921e-02
4.328761e+02 9.274047e-02
5.336699e+02 8.738672e-02
6.579332e+02 8.195173e-02
8.111308e+02 7.655491e-02
1.000000e+03 7.129626e-02
1.232847e+03 6.625357e-02
1.519911e+03 6.148181e-02
1.873817e+03 5.701409e-02
2.310130e+03 5.286394e-02
2.848036e+03 4.902812e-02
3.511192e+03 4.548972e-02
4.328761e+03 4.222126e-02
5.336699e+03 3.918764e-02
6.579332e+03 3.634894e-02
8.111308e+03 3.366316e-02
1.000000e+04 3.108905e-02
1.232847e+04 2.858902e-02
1.519911e+04 2.613222e-02
1.873817e+04 2.369750e-02
2.310130e+04 2.127597e-02
2.848036e+04 1.887248e-02
3.511192e+04 1.650563e-02
4.328761e+04 1.420565e-02
5.336699e+04 1.201029e-02
6.579332e+04 9.959371e-03
8.111308e+04 8.088964e-03
1.000000e+05 6.426541e-03
1.232847e+05 4.988005e-03
1.519911e+05 3.776922e-03
1.873817e+05 2.785675e-03
2.310130e+05 1.997809e-03
2.848036e+05 1.390769e-03
3.511192e+05 9.384626e-04
4.328761e+05 6.134217e-04
5.336699e+05 3.886314e-04
6.579332e+05 2.391448e-04
8.111308e+05 1.434308e-04
1.000000e+06 8.421683e-05
1.232847e+06 4.863714e-05
1.519911e+06 2.774933e-05
1.873817e+06 1.569845e-05
2.310130e+06 8.831331e-06
2.848036e+06 4.950668e-06
3.511192e+06 2.769415e-06
4.328761e+06 1.547394e-06
5.336699e+06 8.640736e-07
6.579332e+06 4.823715e-07
8.111308e+06 2.692592e-07
1.000000e+07 1.502974e-07
