1.000000e-02 9.572157e-03
1.232847e-02 1.009218e-02
1.519911e-02 1.064044e-02
1.873817e-02 1.121850e-02
2.310130e-02 1.182796e-02
2.848036e-02 1.247052e-02
3.511192e-02 1.314800e-02
4.328761e-02 1.386228e-02
5.336699e-02 1.461536e-02
6.579332e-02 1.540936e-02
8.111308e-02 1.624649e-02
1.000000e-01 1.712910e-02
1.232847e-01 1.805966e-02
1.519911e-01 1.904077e-02
1.873817e-01 2.007518e-02
2.310130e-01 2.116579e-02
2.848036e-01 2.231564e-02
3.511192e-01 2.352797e-02
4.328761e-01 2.480615e-02
5.336699e-01 2.615378e-02
6.579332e-01 2.757464e-02
8.111308e-01 2.907271e-02
1.000000e+00 3.065221e-02
1.232847e+00 3.231761e-02
1.519911e+00 3.407363e-02
1.873817e+00 3.592529e-02
2.310130e+00 3.787789e-02
2.848036e+00 3.993708e-02
3.511192e+00 4.210882e-02
4.328761e+00 4.439942e-02
5.336699e+00 4.681552e-02
6.579332e+00 4.936404e-02
8.111308e+00 5.205213e-02
1.000000e+01 5.488709e-02
1.232847e+01 5.787616e-02
1.519911e+01 6.102633e-02
1.873817e+01 6.434399e-02
2.310130e+01 6.783454e-02
2.848036e+01 7.150177e-02
3.511192e+01 7.534718e-02
4.328761e+01 7.936911e-02
5.336699e+01 8.356157e-02
6.579332e+01 8.791307e-02
8.111308e+01 9.240503e-02
1.000000e+02 9.701028e-02
1.232847e+02 1.016912e-01
1.519911e+02 1.063982e-01
1.873817e+02 1.110680e-01
2.310130e+02 1.156224e-01
2.848036e+02 1.199681e-01
3.511192e+02 1.239965e-01
4.328761e+02 1.275858e-01
5.336699e+02 1.306037e-01
6.579332e+02 1.329117e-01
8.111308e+02 1.343720e-01
1.000000e+03 1.348545e-01
1.232847e+03 1.342454e-01
1.519911e+03 1.324563e-01
1.873817e+03 1.294325e-01
2.310130e+03 1.251602e-01
2.848036e+03 1.196709e-01
3.511192e+03 1.130440e-01
4.328761e+03 1.054046e-01
5.336699e+03 9.691949e-02
6.579332e+03 8.779007e-02
8.111308e+03 7.824388e-02
1.000000e+04 6.852505e-02
1.232847e+04 5.888405e-02
1.519911e+04 4.956653e-02
1.873817e+04 4.080063e-02
2.310130e+04 3.278293e-02
2.848036e+04 2.566442e-02
3.511192e+04 1.953921e-02
4.328761e+04 1.443904e-02
5.336699e+04 1.033546e-02
6.579332e+04 7.149635e-03
8.111308e+04 4.767311e-03
1.000000e+05 3.055409e-03
1.232847e+05 1.877037e-03
1.519911e+05 1.103031e-03
1.873817e+05 6.197320e-04
2.310130e+05 3.335395e-04
2.848036e+05 1.727403e-04
3.511192e+05 8.665904e-05
4.328761e+05 4.242774e-05
5.336699e+05 2.041584e-05
6.579332e+05 9.711654e-06
8.111308e+05 4.586664e-06
1.000000e+06 2.156973e-06
1.232847e+06 1.011896e-06
1.519911e+06 4.740760e-07
1.873817e+06 2.219484e-07
2.310130e+06 1.038717e-07
2.848036e+06 4.860299e-08
3.511192e+06 2.273997e-08
4.328761e+06 1.063895e-08
5.336699e+06 4.977371e-09
6.579332e+06 2.328617e-09
8.111308e+06 1.089419e-09
1.000000e+07 5.096734e-10
