1.000000e-02 1.093853e-02
1.232847e-02 1.147731e-02
1.519911e-02 1.204263e-02
1.873817e-02 1.263579e-02
2.310130e-02 1.325817e-02
2.848036e-02 1.391120e-02
3.511192e-02 1.459640e-02
4.328761e-02 1.531535e-02
5.336699e-02 1.606971e-02
6.579332e-02 1.686122e-02
8.111308e-02 1.769173e-02
1.000000e-01 1.856313e-02
1.232847e-01 1.947747e-02
1.519911e-01 2.043683e-02
1.873817e-01 2.144345e-02
2.310130e-01 2.249965e-02
2.848036e-01 2.360788e-02
3.511192e-01 2.477069e-02
4.328761e-01 2.599080e-02
5.336699e-01 2.727103e-02
6.579332e-01 2.861440e-02
8.111308e-01 3.002412e-02
1.000000e+00 3.150362e-02
1.232847e+00 3.305664e-02
1.519911e+00 3.468730e-02
1.873817e+00 3.640018e-02
2.310130e+00 3.820047e-02
2.848036e+00 4.009412e-02
3.511192e+00 4.208797e-02
4.328761e+00 4.418999e-02
5.336699e+00 4.640948e-02
6.579332e+00 4.875724e-02
8.111308e+00 5.124582e-02
1.000000e+01 5.388966e-02
1.232847e+01 5.670520e-02
1.519911e+01 5.971093e-02
1.873817e+01 6.292728e-02
2.310130e+01 6.637629e-02
2.848036e+01 7.008109e-02
3.511192e+01 7.406492e-02
4.328761e+01 7.834977e-02
5.336699e+01 8.295437e-02
6.579332e+01 8.789143e-02
8.111308e+01 9.316406e-02
1.000000e+02 9.876127e-02
1.232847e+02 1.046526e-01
1.519911e+02 1.107819e-01
1.873817e+02 1.170616e-01
2.310130e+02 1.233670e-01
2.848036e+02 1.295337e-01
3.511192e+02 1.353582e-01
4.328761e+02 1.406057e-01
5.336699e+02 1.450236e-01
6.579332e+02 1.483648e-01
8.111308e+02 1.504141e-01
1.000000e+03 1.510179e-01
1.232847e+03 1.501050e-01
1.519911e+03 1.476930e-01
1.873817e+03 1.438704e-01
2.310130e+03 1.387505e-01
2.848036e+03 1.323978e-01
3.511192e+03 1.247373e-01
4.328761e+03 1.154725e-01
5.336699e+03 1.040647e-01
6.579332e+03 8.988168e-02
8.111308e+03 7.265171e-02
1.000000e+04 5.321272e-02
1.232847e+04 3.401563e-02
1.519911e+04 1.834325e-02
1.873817e+04 8.204926e-03
2.310130e+04 3.077670e-03
2.848036e+04 1.003866e-03
3.511192e+04 2.981485e-04
4.328761e+04 8.390271e-05
5.336699e+04 2.297796e-05
6.579332e+04 6.216059e-06
8.111308e+04 1.673105e-06
1.000000e+05 4.494626e-07
1.232847e+05 1.206602e-07
1.519911e+05 3.238415e-08
1.873817e+05 8.690964e-09
2.310130e+05 2.332346e-09
2.848036e+05 6.259142e-10
3.511192e+05 1.679715e-10
4.328761e+05 4.507713e-11
5.336699e+05 1.209697e-11
6.579332e+05 3.246364e-12
8.111308e+05 8.711997e-13
1.000000e+06 2.337966e-13
1.232847e+06 6.274205e-14
1.519911e+06 1.683756e-14
1.873817e+06 4.518556e-15
2.310130e+06 1.212607e-15
2.848036e+06 3.254173e-16
3.511192e+06 8.732953e-17
4.328761e+06 2.343590e-17
5.336699e+06 6.289297e-18
6.579332e+06 1.687806e-18
8.111308e+06 4.529425e-19
1.000000e+07 1.215524e-19
