1.000000e-02 1.279792e-02
1.232847e-02 1.359883e-02
1.519911e-02 1.444987e-02
1.873817e-02 1.535416e-02
2.310130e-02 1.631504e-02
2.848036e-02 1.733606e-02
3.511192e-02 1.842097e-02
4.328761e-02 1.957378e-02
5.336699e-02 2.079874e-02
6.579332e-02 2.210035e-02
8.111308e-02 2.348342e-02
1.000000e-01 2.495304e-02
1.232847e-01 2.651464e-02
1.519911e-01 2.817396e-02
1.873817e-01 2.993712e-02
2.310130e-01 3.181063e-02
2.848036e-01 3.380138e-02
3.511192e-01 3.591673e-02
4.328761e-01 3.816447e-02
5.336699e-01 4.055292e-02
6.579332e-01 4.309094e-02
8.111308e-01 4.578799e-02
1.000000e+00 4.865418e-02
1.232847e+00 5.170032e-02
1.519911e+00 5.493794e-02
1.873817e+00 5.837927e-02
2.310130e+00 6.203714e-02
2.848036e+00 6.592467e-02
3.511192e+00 7.005482e-02
4.328761e+00 7.443962e-02
5.336699e+00 7.908886e-02
6.579332e+00 8.400838e-02
8.111308e+00 8.919750e-02
1.000000e+01 9.464572e-02
1.232847e+01 1.003283e-01
1.519911e+01 1.062013e-01
1.873817e+01 1.121949e-01
2.310130e+01 1.182074e-01
2.848036e+01 1.240987e-01
3.511192e+01 1.296859e-01
4.328761e+01 1.347414e-01
5.336699e+01 1.389980e-01
6.579332e+01 1.421598e-01
8.111308e+01 1.439245e-01
1.000000e+02 1.440138e-01
1.232847e+02 1.422112e-01
1.519911e+02 1.384017e-01
1.873817e+02 1.326043e-01
2.310130e+02 1.249884e-01
2.848036e+02 1.158677e-01
3.511192e+02 1.056692e-01
4.328761e+02 9.488233e-02
5.336699e+02 8.399928e-02
6.579332e+02 7.345914e-02
8.111308e+02 6.360749e-02
1.000000e+03 5.467694e-02
1.232847e+03 4.678805e-02
1.519911e+03 3.996529e-02
1.873817e+03 3.416096e-02
2.310130e+03 2.928033e-02
2.848036e+03 2.520350e-02
3.511192e+03 2.180206e-02
4.328761e+03 1.895015e-02
5.336699e+03 1.653121e-02
6.579332e+03 1.444168e-02
8.111308e+03 1.259325e-02
1.000000e+04 1.091463e-02
1.232847e+04 9.353468e-03
1.519911e+04 7.878194e-03
1.873817e+04 6.478831e-03
2.310130e+04 5.165553e-03
2.848036e+04 3.963852e-03
3.511192e+04 2.906242e-03
4.328761e+04 2.021882e-03
5.336699e+04 1.326834e-03
6.579332e+04 8.180732e-04
8.111308e+04 4.735125e-04
1.000000e+05 2.581450e-04
1.232847e+05 1.335328e-04
1.519911e+05 6.620851e-05
1.873817e+05 3.181119e-05
2.310130e+05 1.495748e-05
2.848036e+05 6.936076e-06
3.511192e+05 3.189533e-06
4.328761e+05 1.459640e-06
5.336699e+05 6.662068e-07
6.579332e+05 3.036387e-07
8.111308e+05 1.382887e-07
1.000000e+06 6.295868e-08
1.232847e+06 2.865793e-08
1.519911e+06 1.304353e-08
1.873817e+06 5.936450e-09
2.310130e+06 2.701779e-09
2.848036e+06 1.229613e-09
3.511192e+06 5.596102e-10
4.328761e+06 2.546840e-10
5.336699e+06 1.159091e-10
6.579332e+06 5.275131e-11
8.111308e+06 2.400761e-11
1.000000e+07 1.092608e-11
