1.000000e-02 1.132190e-02
1.232847e-02 1.192785e-02
1.519911e-02 1.256624e-02
1.873817e-02 1.323879e-02
2.310130e-02 1.394734e-02
2.848036e-02 1.469382e-02
3.511192e-02 1.548024e-02
4.328761e-02 1.630875e-02
5.336699e-02 1.718161e-02
6.579332e-02 1.810118e-02
8.111308e-02 1.906997e-02
1.000000e-01 2.009061e-02
1.232847e-01 2.116587e-02
1.519911e-01 2.229868e-02
1.873817e-01 2.349212e-02
2.310130e-01 2.474944e-02
2.848036e-01 2.607405e-02
3.511192e-01 2.746955e-02
4.328761e-01 2.893973e-02
5.336699e-01 3.048860e-02
6.579332e-01 3.212035e-02
8.111308e-01 3.383939e-02
1.000000e+00 3.565035e-02
1.232847e+00 3.755809e-02
1.519911e+00 3.956765e-02
1.873817e+00 4.168426e-02
2.310130e+00 4.391330e-02
2.848036e+00 4.626024e-02
3.511192e+00 4.873057e-02
4.328761e+00 5.132967e-02
5.336699e+00 5.406272e-02
6.579332e+00 5.693441e-02
8.111308e+00 5.994877e-02
1.000000e+01 6.310880e-02
1.232847e+01 6.641610e-02
1.519911e+01 6.987032e-02
1.873817e+01 7.346865e-02
2.310130e+01 7.720501e-02
2.848036e+01 8.106935e-02
3.511192e+01 8.504665e-02
4.328761e+01 8.911599e-02
5.336699e+01 9.324949e-02
6.579332e+01 9.741130e-02
8.111308e+01 1.015567e-01
1.000000e+02 1.056313e-01
1.232847e+02 1.095708e-01
1.519911e+02 1.133009e-01
1.873817e+02 1.167382e-01
2.310130e+02 1.197916e-01
2.848036e+02 1.223646e-01
3.511192e+02 1.243588e-01
4.328761e+02 1.256779e-01
5.336699e+02 1.262328e-01
6.579332e+02 1.259465e-01
8.111308e+02 1.247599e-01
1.000000e+03 1.226363e-01
1.232847e+03 1.195653e-01
1.519911e+03 1.155648e-01
1.873817e+03 1.106819e-01
2.310130e+03 1.049920e-01
2.848036e+03 9.859552e-02
3.511192e+03 9.161401e-02
4.328761e+03 8.418492e-02
5.336699e+03 7.645605e-02
6.579332e+03 6.857991e-02
8.111308e+03 6.070856e-02
1.000000e+04 5.298889e-02
1.232847e+04 4.555840e-02
1.519911e+04 3.854121e-02
1.873817e+04 3.204408e-02
2.310130e+04 2.615252e-02
2.848036e+04 2.092699e-02
3.511192e+04 1.639978e-02
4.328761e+04 1.257352e-02
5.336699e+04 9.422108e-03
6.579332e+04 6.894540e-03
8.111308e+04 4.921401e-03
1.000000e+05 3.422731e-03
1.232847e+05 2.315845e-03
1.519911e+05 1.521740e-03
1.873817e+05 9.693646e-04
2.310130e+05 5.977698e-04
2.848036e+05 3.566811e-04
3.511192e+05 2.061453e-04
4.328761e+05 1.157203e-04
5.336699e+05 6.336067e-05
6.579332e+05 3.400795e-05
8.111308e+05 1.798336e-05
1.000000e+06 9.410373e-06
1.232847e+06 4.889972e-06
1.519911e+06 2.529746e-06
1.873817e+06 1.305188e-06
2.310130e+06 6.723302e-07
2.848036e+06 3.460233e-07
3.511192e+06 1.779998e-07
4.328761e+06 9.154334e-08
5.336699e+06 4.707422e-08
6.579332e+06 2.420572e-08
8.111308e+06 1.244646e-08
1.000000e+07 6.399889e-09
