1.000000e-02 1.276794e-02
1.232847e-02 1.344147e-02
1.519911e-02 1.415053e-02
1.873817e-02 1.489699e-02
2.310130e-02 1.568283e-02
2.848036e-02 1.651012e-02
3.511192e-02 1.738106e-02
4.328761e-02 1.829793e-02
5.336699e-02 1.926318e-02
6.579332e-02 2.027934e-02
8.111308e-02 2.134910e-02
1.000000e-01 2.247530e-02
1.232847e-01 2.366091e-02
1.519911e-01 2.490906e-02
1.873817e-01 2.622305e-02
2.310130e-01 2.760635e-02
2.848036e-01 2.906263e-02
3.511192e-01 3.059573e-02
4.328761e-01 3.220972e-02
5.336699e-01 3.390889e-02
6.579332e-01 3.569778e-02
8.111308e-01 3.758122e-02
1.000000e+00 3.956437e-02
1.232847e+00 4.165281e-02
1.519911e+00 4.385257e-02
1.873817e+00 4.617026e-02
2.310130e+00 4.861314e-02
2.848036e+00 5.118927e-02
3.511192e+00 5.390759e-02
4.328761e+00 5.677801e-02
5.336699e+00 5.981149e-02
6.579332e+00 6.302000e-02
8.111308e+00 6.641644e-02
1.000000e+01 7.001439e-02
1.232847e+01 7.382771e-02
1.519911e+01 7.786984e-02
1.873817e+01 8.215278e-02
2.310130e+01 8.668567e-02
2.848036e+01 9.147286e-02
3.511192e+01 9.651126e-02
4.328761e+01 1.017871e-01
5.336699e+01 1.072720e-01
6.579332e+01 1.129177e-01
8.111308e+01 1.186516e-01
1.000000e+02 1.243701e-01
1.232847e+02 1.299344e-01
1.519911e+02 1.351661e-01
1.873817e+02 1.398461e-01
2.310130e+02 1.437182e-01
2.848036e+02 1.464978e-01
3.511192e+02 1.478889e-01
4.328761e+02 1.476082e-01
5.336699e+02 1.454169e-01
6.579332e+02 1.411554e-01
8.111308e+02 1.347763e-01
1.000000e+03 1.263702e-01
1.232847e+03 1.161752e-01
1.519911e+03 1.045685e-01
1.873817e+03 9.203763e-02
2.310130e+03 7.913390e-02
2.848036e+03 6.641670e-02
3.511192e+03 5.439564e-02
4.328761e+03 4.348072e-02
5.336699e+03 3.394846e-02
6.579332e+03 2.592931e-02
8.111308e+03 1.941744e-02
1.000000e+04 1.429893e-02
1.232847e+04 1.039017e-02
1.519911e+04 7.477041e-03
1.873817e+04 5.346944e-03
2.310130e+04 3.809944e-03
2.848036e+04 2.708950e-03
3.511192e+04 1.921526e-03
4.328761e+04 1.356632e-03
5.336699e+04 9.491232e-04
6.579332e+04 6.538372e-04
8.111308e+04 4.401576e-04
1.000000e+05 2.873507e-04
1.232847e+05 1.807927e-04
1.519911e+05 1.092631e-04
1.873817e+05 6.345531e-05
2.310130e+05 3.555200e-05
2.848036e+05 1.933617e-05
3.511192e+05 1.028099e-05
4.328761e+05 5.378840e-06
5.336699e+05 2.783788e-06
6.579332e+05 1.430799e-06
8.111308e+05 7.322865e-07
1.000000e+06 3.738481e-07
1.232847e+06 1.905832e-07
1.519911e+06 9.707869e-08
1.873817e+06 4.942785e-08
2.310130e+06 2.516036e-08
2.848036e+06 1.280585e-08
3.511192e+06 6.517371e-09
4.328761e+06 3.316831e-09
5.336699e+06 1.687983e-09
6.579332e+06 8.590338e-10
8.111308e+06 4.371714e-10
1.000000e+07 2.224810e-10
