1.000000e-02 1.353410e-02
1.232847e-02 1.426459e-02
1.519911e-02 1.503450e-02
1.873817e-02 1.584597e-02
2.310130e-02 1.670124e-02
2.848036e-02 1.760267e-02
3.511192e-02 1.855275e-02
4.328761e-02 1.955411e-02
5.336699e-02 2.060952e-02
6.579332e-02 2.172189e-02
8.111308e-02 2.289430e-02
1.000000e-01 2.413000e-02
1.232847e-01 2.543238e-02
1.519911e-01 2.680506e-02
1.873817e-01 2.825183e-02
2.310130e-01 2.977669e-02
2.848036e-01 3.138385e-02
3.511192e-01 3.307775e-02
4.328761e-01 3.486308e-02
5.336699e-01 3.674476e-02
6.579332e-01 3.872798e-02
8.111308e-01 4.081819e-02
1.000000e+00 4.302111e-02
1.232847e+00 4.534269e-02
1.519911e+00 4.778913e-02
1.873817e+00 5.036678e-02
2.310130e+00 5.308208e-02
2.848036e+00 5.594142e-02
3.511192e+00 5.895097e-02
4.328761e+00 6.211636e-02
5.336699e+00 6.544242e-02
6.579332e+00 6.893260e-02
8.111308e+00 7.258843e-02
1.000000e+01 7.640871e-02
1.232847e+01 8.038858e-02
1.519911e+01 8.451839e-02
1.873817e+01 8.878232e-02
2.310130e+01 9.315696e-02
2.848036e+01 9.760962e-02
3.511192e+01 1.020967e-01
4.328761e+01 1.065620e-01
5.336699e+01 1.109356e-01
6.579332e+01 1.151329e-01
8.111308e+01 1.190546e-01
1.000000e+02 1.225880e-01
1.232847e+02 1.256092e-01
1.519911e+02 1.279878e-01
1.873817e+02 1.295925e-01
2.310130e+02 1.302992e-01
2.848036e+02 1.299997e-01
3.511192e+02 1.286112e-01
4.328761e+02 1.260851e-01
5.336699e+02 1.224142e-01
6.579332e+02 1.176365e-01
8.111308e+02 1.118362e-01
1.000000e+03 1.051405e-01
1.232847e+03 9.771222e-02
1.519911e+03 8.974063e-02
1.873817e+03 8.142949e-02
2.310130e+03 7.298509e-02
2.848036e+03 6.460497e-02
3.511192e+03 5.646828e-02
4.328761e+03 4.872865e-02
5.336699e+03 4.150958e-02
6.579332e+03 3.490235e-02
8.111308e+03 2.896588e-02
1.000000e+04 2.372820e-02
1.232847e+04 1.918918e-02
1.519911e+04 1.532434e-02
1.873817e+04 1.208955e-02
2.310130e+04 9.426371e-03
2.848036e+04 7.267663e-03
3.511192e+04 5.542874e-03
4.328761e+04 4.182615e-03
5.336699e+04 3.122190e-03
6.579332e+04 2.303928e-03
8.111308e+04 1.678375e-03
1.000000e+05 1.204507e-03
1.232847e+05 8.491953e-04
1.519911e+05 5.861837e-04
1.873817e+05 3.948052e-04
2.310130e+05 2.586767e-04
2.848036e+05 1.645774e-04
3.511192e+05 1.016701e-04
4.328761e+05 6.109987e-05
5.336699e+05 3.584515e-05
6.579332e+05 2.062009e-05
8.111308e+05 1.168475e-05
1.000000e+06 6.549740e-06
1.232847e+06 3.644008e-06
1.519911e+06 2.017422e-06
1.873817e+06 1.113430e-06
2.310130e+06 6.133474e-07
2.848036e+06 3.374951e-07
3.511192e+06 1.855911e-07
4.328761e+06 1.020240e-07
5.336699e+06 5.607583e-08
6.579332e+06 3.081897e-08
8.111308e+06 1.693751e-08
1.000000e+07 9.308492e-09
