1.000000e-02 9.899267e-03
1.232847e-02 1.043905e-02
1.519911e-02 1.100827e-02
1.873817e-02 1.160852e-02
2.310130e-02 1.224150e-02
2.848036e-02 1.290900e-02
3.511192e-02 1.361290e-02
4.328761e-02 1.435518e-02
5.336699e-02 1.513793e-02
6.579332e-02 1.596336e-02
8.111308e-02 1.683380e-02
1.000000e-01 1.775171e-02
1.232847e-01 1.871967e-02
1.519911e-01 1.974041e-02
1.873817e-01 2.081680e-02
2.310130e-01 2.195189e-02
2.848036e-01 2.314887e-02
3.511192e-01 2.441112e-02
4.328761e-01 2.574220e-02
5.336699e-01 2.714585e-02
6.579332e-01 2.862603e-02
8.111308e-01 3.018689e-02
1.000000e+00 3.183281e-02
1.232847e+00 3.356837e-02
1.519911e+00 3.539836e-02
1.873817e+00 3.732778e-02
2.310130e+00 3.936181e-02
2.848036e+00 4.150575e-02
3.511192e+00 4.376501e-02
4.328761e+00 4.614503e-02
5.336699e+00 4.865113e-02
6.579332e+00 5.128843e-02
8.111308e+00 5.406165e-02
1.000000e+01 5.697485e-02
1.232847e+01 6.003118e-02
1.519911e+01 6.323251e-02
1.873817e+01 6.657896e-02
2.310130e+01 7.006840e-02
2.848036e+01 7.369583e-02
3.511192e+01 7.745263e-02
4.328761e+01 8.132584e-02
5.336699e+01 8.529720e-02
6.579332e+01 8.934235e-02
8.111308e+01 9.342985e-02
1.000000e+02 9.752041e-02
1.232847e+02 1.015663e-01
1.519911e+02 1.055107e-01
1.873817e+02 1.092882e-01
2.310130e+02 1.128248e-01
2.848036e+02 1.160395e-01
3.511192e+02 1.188460e-01
4.328761e+02 1.211557e-01
5.336699e+02 1.228807e-01
6.579332e+02 1.239385e-01
8.111308e+02 1.242560e-01
1.000000e+03 1.237741e-01
1.232847e+03 1.224521e-01
1.519911e+03 1.202706e-01
1.873817e+03 1.172336e-01
2.310130e+03 1.133693e-01
2.848036e+03 1.087283e-01
3.511192e+03 1.033818e-01
4.328761e+03 9.741711e-02
5.336699e+03 9.093427e-02
6.579332e+03 8.404205e-02
8.111308e+03 7.685505e-02
1.000000e+04 6.949177e-02
1.232847e+04 6.207340e-02
1.519911e+04 5.472281e-02
1.873817e+04 4.756282e-02
2.310130e+04 4.071299e-02
2.848036e+04 3.428459e-02
3.511192e+04 2.837419e-02
4.328761e+04 2.305692e-02
5.336699e+04 1.838094e-02
6.579332e+04 1.436453e-02
8.111308e+04 1.099644e-02
1.000000e+05 8.239614e-03
1.232847e+05 6.037361e-03
1.519911e+05 4.320736e-03
1.873817e+05 3.015735e-03
2.310130e+05 2.049262e-03
2.848036e+05 1.353285e-03
3.511192e+05 8.672161e-04
4.328761e+05 5.389325e-04
5.336699e+05 3.250197e-04
6.579332e+05 1.906484e-04
8.111308e+05 1.091665e-04
1.000000e+06 6.129564e-05
1.232847e+06 3.390550e-05
1.519911e+06 1.855411e-05
1.873817e+06 1.007942e-05
2.310130e+06 5.449833e-06
2.848036e+06 2.938155e-06
3.511192e+06 1.581378e-06
4.328761e+06 8.503489e-07
5.336699e+06 4.570438e-07
6.579332e+06 2.456008e-07
8.111308e+06 1.319687e-07
1.000000e+07 7.090979e-08
