1.000000e-02 2.183638e-02
1.232847e-02 2.282533e-02
1.519911e-02 2.385906e-02
1.873817e-02 2.493960e-02
2.310130e-02 2.606909e-02
2.848036e-02 2.724972e-02
3.511192e-02 2.848383e-02
4.328761e-02 2.977382e-02
5.336699e-02 3.112224e-02
6.579332e-02 3.253173e-02
8.111308e-02 3.400505e-02
1.000000e-01 3.554510e-02
1.232847e-01 3.715489e-02
1.519911e-01 3.883759e-02
1.873817e-01 4.059649e-02
2.310130e-01 4.243505e-02
2.848036e-01 4.435688e-02
3.511192e-01 4.636572e-02
4.328761e-01 4.846549e-02
5.336699e-01 5.066020e-02
6.579332e-01 5.295397e-02
8.111308e-01 5.535088e-02
1.000000e+00 5.785487e-02
1.232847e+00 6.046952e-02
1.519911e+00 6.319779e-02
1.873817e+00 6.604163e-02
2.310130e+00 6.900152e-02
2.848036e+00 7.207591e-02
3.511192e+00 7.526053e-02
4.328761e+00 7.854762e-02
5.336699e+00 8.192510e-02
6.579332e+00 8.537565e-02
8.111308e+00 8.887581e-02
1.000000e+01 9.239514e-02
1.232847e+01 9.589549e-02
1.519911e+01 9.933056e-02
1.873817e+01 1.026458e-01
2.310130e+01 1.057786e-01
2.848036e+01 1.086597e-01
3.511192e+01 1.112141e-01
4.328761e+01 1.133640e-01
5.336699e+01 1.150316e-01
6.579332e+01 1.161429e-01
8.111308e+01 1.166316e-01
1.000000e+02 1.164432e-01
1.232847e+02 1.155392e-01
1.519911e+02 1.139003e-01
1.873817e+02 1.115284e-01
2.310130e+02 1.084481e-01
2.848036e+02 1.047056e-01
3.511192e+02 1.003670e-01
4.328761e+02 9.551480e-02
5.336699e+02 9.024369e-02
6.579332e+02 8.465527e-02
8.111308e+02 7.885321e-02
1.000000e+03 7.293848e-02
1.232847e+03 6.700541e-02
1.519911e+03 6.113862e-02
1.873817e+03 5.541101e-02
2.310130e+03 4.988277e-02
2.848036e+03 4.460122e-02
3.511192e+03 3.960161e-02
4.328761e+03 3.490838e-02
5.336699e+03 3.053684e-02
6.579332e+03 2.649505e-02
8.111308e+03 2.278557e-02
1.000000e+04 1.940694e-02
1.232847e+04 1.635478e-02
1.519911e+04 1.362244e-02
1.873817e+04 1.120121e-02
2.310130e+04 9.080284e-03
2.848036e+04 7.246499e-03
3.511192e+04 5.684079e-03
4.328761e+04 4.374501e-03
5.336699e+04 3.296628e-03
6.579332e+04 2.427165e-03
8.111308e+04 1.741395e-03
1.000000e+05 1.214040e-03
1.232847e+05 8.200719e-04
1.519911e+05 5.353681e-04
1.873817e+05 3.372447e-04
2.310130e+05 2.049880e-04
2.848036e+05 1.204657e-04
3.511192e+05 6.871222e-05
4.328761e+05 3.823710e-05
5.336699e+05 2.087568e-05
6.579332e+05 1.123984e-05
8.111308e+05 5.994063e-06
1.000000e+06 3.176528e-06
1.232847e+06 1.676737e-06
1.519911e+06 8.829434e-07
1.873817e+06 4.642872e-07
2.310130e+06 2.439440e-07
2.848036e+06 1.281150e-07
3.511192e+06 6.726766e-08
4.328761e+06 3.531508e-08
5.336699e+06 1.853912e-08
6.579332e+06 9.732124e-09
8.111308e+06 5.108843e-09
1.000000e+07 2.681865e-09
