1.000000e-02 9.939478e-03
1.232847e-02 1.046693e-02
1.519911e-02 1.102237e-02
1.873817e-02 1.160728e-02
2.310130e-02 1.222324e-02
2.848036e-02 1.287188e-02
3.511192e-02 1.355494e-02
4.328761e-02 1.427425e-02
5.336699e-02 1.503173e-02
6.579332e-02 1.582940e-02
8.111308e-02 1.666941e-02
1.000000e-01 1.755399e-02
1.232847e-01 1.848552e-02
1.519911e-01 1.946647e-02
1.873817e-01 2.049948e-02
2.310130e-01 2.158731e-02
2.848036e-01 2.273287e-02
3.511192e-01 2.393921e-02
4.328761e-01 2.520957e-02
5.336699e-01 2.654734e-02
6.579332e-01 2.795608e-02
8.111308e-01 2.943954e-02
1.000000e+00 3.100165e-02
1.232847e+00 3.264651e-02
1.519911e+00 3.437841e-02
1.873817e+00 3.620178e-02
2.310130e+00 3.812121e-02
2.848036e+00 4.014138e-02
3.511192e+00 4.226702e-02
4.328761e+00 4.450289e-02
5.336699e+00 4.685366e-02
6.579332e+00 4.932379e-02
8.111308e+00 5.191746e-02
1.000000e+01 5.463835e-02
1.232847e+01 5.748946e-02
1.519911e+01 6.047283e-02
1.873817e+01 6.358930e-02
2.310130e+01 6.683809e-02
2.848036e+01 7.021638e-02
3.511192e+01 7.371889e-02
4.328761e+01 7.733724e-02
5.336699e+01 8.105942e-02
6.579332e+01 8.486908e-02
8.111308e+01 8.874492e-02
1.000000e+02 9.265995e-02
1.232847e+02 9.658093e-02
1.519911e+02 1.004679e-01
1.873817e+02 1.042736e-01
2.310130e+02 1.079438e-01
2.848036e+02 1.114173e-01
3.511192e+02 1.146264e-01
4.328761e+02 1.174983e-01
5.336699e+02 1.199566e-01
6.579332e+02 1.219235e-01
8.111308e+02 1.233222e-01
1.000000e+03 1.240800e-01
1.232847e+03 1.241310e-01
1.519911e+03 1.234191e-01
1.873817e+03 1.219009e-01
2.310130e+03 1.195470e-01
2.848036e+03 1.163442e-01
3.511192e+03 1.122952e-01
4.328761e+03 1.074195e-01
5.336699e+03 1.017540e-01
6.579332e+03 9.535348e-02
8.111308e+03 8.829346e-02
1.000000e+04 8.067336e-02
1.232847e+04 7.262012e-02
1.519911e+04 6.429062e-02
1.873817e+04 5.587040e-02
2.310130e+04 4.756679e-02
2.848036e+04 3.959552e-02
3.511192e+04 3.216209e-02
4.328761e+04 2.544126e-02
5.336699e+04 1.955945e-02
6.579332e+04 1.458400e-02
8.111308e+04 1.052157e-02
1.000000e+05 7.325178e-03
1.232847e+05 4.906971e-03
1.519911e+05 3.153308e-03
1.873817e+05 1.939039e-03
2.310130e+05 1.139601e-03
2.848036e+05 6.407528e-04
3.511192e+05 3.459194e-04
4.328761e+05 1.803836e-04
5.336699e+05 9.151957e-05
6.579332e+05 4.550866e-05
8.111308e+05 2.231952e-05
1.000000e+06 1.084952e-05
1.232847e+06 5.245283e-06
1.519911e+06 2.527796e-06
1.873817e+06 1.216006e-06
2.310130e+06 5.843944e-07
2.848036e+06 2.807077e-07
3.511192e+06 1.348002e-07
4.328761e+06 6.472503e-08
5.336699e+06 3.107634e-08
6.579332e+06 1.492030e-08
8.111308e+06 7.163449e-09
1.000000e+07 3.439270e-09
