1.000000e-02 9.043591e-03
1.232847e-02 9.651959e-03
1.519911e-02 1.030125e-02
1.873817e-02 1.099422e-02
2.310130e-02 1.173381e-02
2.848036e-02 1.252315e-02
3.511192e-02 1.336559e-02
4.328761e-02 1.426470e-02
5.336699e-02 1.522430e-02
6.579332e-02 1.624845e-02
8.111308e-02 1.734149e-02
1.000000e-01 1.850806e-02
1.232847e-01 1.975311e-02
1.519911e-01 2.108191e-02
1.873817e-01 2.250011e-02
2.310130e-01 2.401370e-02
2.848036e-01 2.562912e-02
3.511192e-01 2.735321e-02
4.328761e-01 2.919330e-02
5.336699e-01 3.115720e-02
6.579332e-01 3.325331e-02
8.111308e-01 3.549059e-02
1.000000e+00 3.787871e-02
1.232847e+00 4.042808e-02
1.519911e+00 4.314992e-02
1.873817e+00 4.605635e-02
2.310130e+00 4.916041e-02
2.848036e+00 5.247601e-02
3.511192e+00 5.601787e-02
4.328761e+00 5.980112e-02
5.336699e+00 6.384088e-02
6.579332e+00 6.815131e-02
8.111308e+00 7.274439e-02
1.000000e+01 7.762798e-02
1.232847e+01 8.280329e-02
1.519911e+01 8.826150e-02
1.873817e+01 9.397947e-02
2.310130e+01 9.991469e-02
2.848036e+01 1.059995e-01
3.511192e+01 1.121351e-01
4.328761e+01 1.181867e-01
5.336699e+01 1.239796e-01
6.579332e+01 1.293002e-01
8.111308e+01 1.339014e-01
1.000000e+02 1.375154e-01
1.232847e+02 1.398750e-01
1.519911e+02 1.407409e-01
1.873817e+02 1.399342e-01
2.310130e+02 1.373667e-01
2.848036e+02 1.330636e-01
3.511192e+02 1.271718e-01
4.328761e+02 1.199495e-01
5.336699e+02 1.117386e-01
6.579332e+02 1.029244e-01
8.111308e+02 9.389160e-02
1.000000e+03 8.498445e-02
1.232847e+03 7.647931e-02
1.519911e+03 6.857086e-02
1.873817e+03 6.137179e-02
2.310130e+03 5.492220e-02
2.848036e+03 4.920416e-02
3.511192e+03 4.415777e-02
4.328761e+03 3.969612e-02
5.336699e+03 3.571799e-02
6.579332e+03 3.211843e-02
8.111308e+03 2.879772e-02
1.000000e+04 2.566950e-02
1.232847e+04 2.266820e-02
1.519911e+04 1.975528e-02
1.873817e+04 1.692281e-02
2.310130e+04 1.419273e-02
2.848036e+04 1.161058e-02
3.511192e+04 9.234087e-03
4.328761e+04 7.119066e-03
5.336699e+04 5.306678e-03
6.579332e+04 3.815442e-03
8.111308e+04 2.639582e-03
1.000000e+05 1.752731e-03
1.232847e+05 1.114507e-03
1.519911e+05 6.775868e-04
1.873817e+05 3.938949e-04
2.310130e+05 2.194575e-04
2.848036e+05 1.177508e-04
3.511192e+05 6.124912e-05
4.328761e+05 3.111181e-05
5.336699e+05 1.553805e-05
6.579332e+05 7.672623e-06
8.111308e+05 3.761586e-06
1.000000e+06 1.836167e-06
1.232847e+06 8.940439e-07
1.519911e+06 4.347018e-07
1.873817e+06 2.111981e-07
2.310130e+06 1.025679e-07
2.848036e+06 4.980147e-08
3.511192e+06 2.417839e-08
4.328761e+06 1.173792e-08
5.336699e+06 5.698295e-09
6.579332e+06 2.766272e-09
8.111308e+06 1.342900e-09
1.000000e+07 6.519169e-10
