1.000000e-02 9.824026e-03
1.232847e-02 1.035948e-02
1.519911e-02 1.092412e-02
1.873817e-02 1.151953e-02
2.310130e-02 1.214739e-02
2.848036e-02 1.280948e-02
3.511192e-02 1.350765e-02
4.328761e-02 1.424388e-02
5.336699e-02 1.502023e-02
6.579332e-02 1.583890e-02
8.111308e-02 1.670219e-02
1.000000e-01 1.761254e-02
1.232847e-01 1.857250e-02
1.519911e-01 1.958478e-02
1.873817e-01 2.065224e-02
2.310130e-01 2.177788e-02
2.848036e-01 2.296487e-02
3.511192e-01 2.421656e-02
4.328761e-01 2.553647e-02
5.336699e-01 2.692834e-02
6.579332e-01 2.839611e-02
8.111308e-01 2.994395e-02
1.000000e+00 3.157629e-02
1.232847e+00 3.329786e-02
1.519911e+00 3.511370e-02
1.873817e+00 3.702923e-02
2.310130e+00 3.905029e-02
2.848036e+00 4.118319e-02
3.511192e+00 4.343476e-02
4.328761e+00 4.581238e-02
5.336699e+00 4.832404e-02
6.579332e+00 5.097830e-02
8.111308e+00 5.378427e-02
1.000000e+01 5.675151e-02
1.232847e+01 5.988984e-02
1.519911e+01 6.320902e-02
1.873817e+01 6.671837e-02
2.310130e+01 7.042607e-02
2.848036e+01 7.433839e-02
3.511192e+01 7.845857e-02
4.328761e+01 8.278537e-02
5.336699e+01 8.731142e-02
6.579332e+01 9.202112e-02
8.111308e+01 9.688829e-02
1.000000e+02 1.018736e-01
1.232847e+02 1.069221e-01
1.519911e+02 1.119606e-01
1.873817e+02 1.168959e-01
2.310130e+02 1.216142e-01
2.848036e+02 1.259818e-01
3.511192e+02 1.298481e-01
4.328761e+02 1.330515e-01
5.336699e+02 1.354274e-01
6.579332e+02 1.368197e-01
8.111308e+02 1.370938e-01
1.000000e+03 1.361495e-01
1.232847e+03 1.339329e-01
1.519911e+03 1.304440e-01
1.873817e+03 1.257392e-01
2.310130e+03 1.199263e-01
2.848036e+03 1.131539e-01
3.511192e+03 1.055953e-01
4.328761e+03 9.742999e-02
5.336699e+03 8.882623e-02
6.579332e+03 7.992776e-02
8.111308e+03 7.084870e-02
1.000000e+04 6.167872e-02
1.232847e+04 5.249988e-02
1.519911e+04 4.341461e-02
1.873817e+04 3.457988e-02
2.310130e+04 2.623538e-02
2.848036e+04 1.870388e-02
3.511192e+04 1.233965e-02
4.328761e+04 7.419329e-03
5.336699e+04 4.016941e-03
6.579332e+04 1.949589e-03
8.111308e+04 8.536564e-04
1.000000e+05 3.429651e-04
1.232847e+05 1.293122e-04
1.519911e+05 4.677043e-05
1.873817e+05 1.650751e-05
2.310130e+05 5.750364e-06
2.848036e+05 1.990142e-06
3.511192e+05 6.866882e-07
4.328761e+05 2.366231e-07
5.336699e+05 8.149133e-08
6.579332e+05 2.805866e-08
8.111308e+05 9.660142e-09
1.000000e+06 3.325716e-09
1.232847e+06 1.144936e-09
1.519911e+06 3.941625e-10
1.873817e+06 1.356965e-10
2.310130e+06 4.671555e-11
2.848036e+06 1.608253e-11
3.511192e+06 5.536651e-12
4.328761e+06 1.906075e-12
5.336699e+06 6.561948e-13
6.579332e+06 2.259049e-13
8.111308e+06 7.777113e-14
1.000000e+07 2.677387e-14
