1.000000e-02 1.977048e-02
1.232847e-02 2.065249e-02
1.519911e-02 2.157386e-02
1.873817e-02 2.253632e-02
2.310130e-02 2.354173e-02
2.848036e-02 2.459199e-02
3.511192e-02 2.568911e-02
4.328761e-02 2.683517e-02
5.336699e-02 2.803236e-02
6.579332e-02 2.928296e-02
8.111308e-02 3.058935e-02
1.000000e-01 3.195402e-02
1.232847e-01 3.337958e-02
1.519911e-01 3.486873e-02
1.873817e-01 3.642432e-02
2.310130e-01 3.804931e-02
2.848036e-01 3.974679e-02
3.511192e-01 4.151999e-02
4.328761e-01 4.337225e-02
5.336699e-01 4.530705e-02
6.579332e-01 4.732792e-02
8.111308e-01 4.943842e-02
1.000000e+00 5.164205e-02
1.232847e+00 5.394209e-02
1.519911e+00 5.634140e-02
1.873817e+00 5.884223e-02
2.310130e+00 6.144585e-02
2.848036e+00 6.415222e-02
3.511192e+00 6.695951e-02
4.328761e+00 6.986364e-02
5.336699e+00 7.285770e-02
6.579332e+00 7.593139e-02
8.111308e+00 7.907042e-02
1.000000e+01 8.225592e-02
1.232847e+01 8.546400e-02
1.519911e+01 8.866530e-02
1.873817e+01 9.182479e-02
2.310130e+01 9.490182e-02
2.848036e+01 9.785039e-02
3.511192e+01 1.006198e-01
4.328761e+01 1.031558e-01
5.336699e+01 1.054017e-01
6.579332e+01 1.073007e-01
8.111308e+01 1.087975e-01
1.000000e+02 1.098411e-01
1.232847e+02 1.103867e-01
1.519911e+02 1.103984e-01
1.873817e+02 1.098514e-01
2.310130e+02 1.087330e-01
2.848036e+02 1.070442e-01
3.511192e+02 1.047996e-01
4.328761e+02 1.020272e-01
5.336699e+02 9.876684e-02
6.579332e+02 9.506888e-02
8.111308e+02 9.099150e-02
1.000000e+03 8.659825e-02
1.232847e+03 8.195523e-02
1.519911e+03 7.712845e-02
1.873817e+03 7.218148e-02
2.310130e+03 6.717358e-02
2.848036e+03 6.215842e-02
3.511192e+03 5.718346e-02
4.328761e+03 5.228984e-02
5.336699e+03 4.751276e-02
6.579332e+03 4.288215e-02
8.111308e+03 3.842356e-02
1.000000e+04 3.415905e-02
1.232847e+04 3.010805e-02
1.519911e+04 2.628809e-02
1.873817e+04 2.271524e-02
2.310130e+04 1.940427e-02
2.848036e+04 1.636835e-02
3.511192e+04 1.361826e-02
4.328761e+04 1.116124e-02
5.336699e+04 8.999694e-03
6.579332e+04 7.130102e-03
8.111308e+04 5.542462e-03
1.000000e+05 4.220531e-03
1.232847e+05 3.142777e-03
1.519911e+05 2.283822e-03
1.873817e+05 1.616046e-03
2.310130e+05 1.111040e-03
2.848036e+05 7.407753e-04
3.511192e+05 4.785026e-04
4.328761e+05 2.995438e-04
5.336699e+05 1.820748e-04
6.579332e+05 1.078301e-04
8.111308e+05 6.249630e-05
1.000000e+06 3.561693e-05
1.232847e+06 2.004828e-05
1.519911e+06 1.118777e-05
1.873817e+06 6.207468e-06
2.310130e+06 3.431640e-06
2.848036e+06 1.892899e-06
3.511192e+06 1.042791e-06
4.328761e+06 5.740693e-07
5.336699e+06 3.159211e-07
6.579332e+06 1.738303e-07
8.111308e+06 9.564200e-08
1.000000e+07 5.262202e-08
