1.000000e-02 1.561022e-02
1.232847e-02 1.640964e-02
1.519911e-02 1.725000e-02
1.873817e-02 1.813339e-02
2.310130e-02 1.906202e-02
2.848036e-02 2.003821e-02
3.511192e-02 2.106439e-02
4.328761e-02 2.214312e-02
5.336699e-02 2.327709e-02
6.579332e-02 2.446914e-02
8.111308e-02 2.572223e-02
1.000000e-01 2.703950e-02
1.232847e-01 2.842422e-02
1.519911e-01 2.987986e-02
1.873817e-01 3.141004e-02
2.310130e-01 3.301859e-02
2.848036e-01 3.470951e-02
3.511192e-01 3.648702e-02
4.328761e-01 3.835555e-02
5.336699e-01 4.031974e-02
6.579332e-01 4.238447e-02
8.111308e-01 4.455479e-02
1.000000e+00 4.683599e-02
1.232847e+00 4.923346e-02
1.519911e+00 5.175273e-02
1.873817e+00 5.439927e-02
2.310130e+00 5.717843e-02
2.848036e+00 6.009522e-02
3.511192e+00 6.315404e-02
4.328761e+00 6.635833e-02
5.336699e+00 6.971015e-02
6.579332e+00 7.320965e-02
8.111308e+00 7.685434e-02
1.000000e+01 8.063834e-02
1.232847e+01 8.455140e-02
1.519911e+01 8.857782e-02
1.873817e+01 9.269529e-02
2.310130e+01 9.687353e-02
2.848036e+01 1.010731e-01
3.511192e+01 1.052440e-01
4.328761e+01 1.093250e-01
5.336699e+01 1.132426e-01
6.579332e+01 1.169113e-01
8.111308e+01 1.202341e-01
1.000000e+02 1.231047e-01
1.232847e+02 1.254101e-01
1.519911e+02 1.270352e-01
1.873817e+02 1.278682e-01
2.310130e+02 1.278079e-01
2.848036e+02 1.267705e-01
3.511192e+02 1.246976e-01
4.328761e+02 1.215629e-01
5.336699e+02 1.173770e-01
6.579332e+02 1.121907e-01
8.111308e+02 1.060937e-01
1.000000e+03 9.921137e-02
1.232847e+03 9.169805e-02
1.519911e+03 8.372872e-02
1.873817e+03 7.548940e-02
2.310130e+03 6.716775e-02
2.848036e+03 5.894436e-02
3.511192e+03 5.098531e-02
4.328761e+03 4.343606e-02
5.336699e+03 3.641680e-02
6.579332e+03 3.001942e-02
8.111308e+03 2.430583e-02
1.000000e+04 1.930797e-02
1.232847e+04 1.502906e-02
1.519911e+04 1.144645e-02
1.873817e+04 8.515710e-03
2.310130e+04 6.175943e-03
2.848036e+04 4.355685e-03
3.511192e+04 2.978685e-03
4.328761e+04 1.968831e-03
5.336699e+04 1.253771e-03
6.579332e+04 7.672719e-04
8.111308e+04 4.507578e-04
1.000000e+05 2.545129e-04
1.232847e+05 1.386226e-04
1.519911e+05 7.324304e-05
1.873817e+05 3.778974e-05
2.310130e+05 1.916249e-05
2.848036e+05 9.602376e-06
3.511192e+05 4.774996e-06
4.328761e+05 2.363262e-06
5.336699e+05 1.166361e-06
6.579332e+05 5.747200e-07
8.111308e+05 2.829380e-07
1.000000e+06 1.392242e-07
1.232847e+06 6.848975e-08
1.519911e+06 3.368816e-08
1.873817e+06 1.656908e-08
2.310130e+06 8.148995e-09
2.848036e+06 4.007763e-09
3.511192e+06 1.971043e-09
4.328761e+06 9.693676e-10
5.336699e+06 4.767384e-10
6.579332e+06 2.344614e-10
8.111308e+06 1.153088e-10
1.000000e+07 5.670923e-11
