1.000000e-02 2.827362e-03
1.232847e-02 3.033920e-03
1.519911e-02 3.255569e-03
1.873817e-02 3.493410e-03
2.310130e-02 3.748628e-03
2.848036e-02 4.022491e-03
3.511192e-02 4.316361e-03
4.328761e-02 4.631701e-03
5.336699e-02 4.970079e-03
6.579332e-02 5.333177e-03
8.111308e-02 5.722802e-03
1.000000e-01 6.140892e-03
1.232847e-01 6.589527e-03
1.519911e-01 7.070937e-03
1.873817e-01 7.587518e-03
2.310130e-01 8.141838e-03
2.848036e-01 8.736655e-03
3.511192e-01 9.374928e-03
4.328761e-01 1.005983e-02
5.336699e-01 1.079477e-02
6.579332e-01 1.158340e-02
8.111308e-01 1.242964e-02
1.000000e+00 1.333770e-02
1.232847e+00 1.431208e-02
1.519911e+00 1.535761e-02
1.873817e+00 1.647946e-02
2.310130e+00 1.768313e-02
2.848036e+00 1.897451e-02
3.511192e+00 2.035984e-02
4.328761e+00 2.184568e-02
5.336699e+00 2.343895e-02
6.579332e+00 2.514683e-02
8.111308e+00 2.697665e-02
1.000000e+01 2.893584e-02
1.232847e+01 3.103166e-02
1.519911e+01 3.327102e-02
1.873817e+01 3.566009e-02
2.310130e+01 3.820387e-02
2.848036e+01 4.090565e-02
3.511192e+01 4.376632e-02
4.328761e+01 4.678355e-02
5.336699e+01 4.995087e-02
6.579332e+01 5.325664e-02
8.111308e+01 5.668304e-02
1.000000e+02 6.020511e-02
1.232847e+02 6.378997e-02
1.519911e+02 6.739650e-02
1.873817e+02 7.097560e-02
2.310130e+02 7.447128e-02
2.848036e+02 7.782285e-02
3.511192e+02 8.096831e-02
4.328761e+02 8.384890e-02
5.336699e+02 8.641478e-02
6.579332e+02 8.863135e-02
8.111308e+02 9.048567e-02
1.000000e+03 9.199234e-02
1.232847e+03 9.319813e-02
1.519911e+03 9.418495e-02
1.873817e+03 9.507102e-02
2.310130e+03 9.601064e-02
2.848036e+03 9.719320e-02
3.511192e+03 9.884260e-02
4.328761e+03 1.012176e-01
5.336699e+03 1.046137e-01
6.579332e+03 1.093637e-01
8.111308e+03 1.158334e-01
1.000000e+04 1.243981e-01
1.232847e+04 1.353767e-01
1.519911e+04 1.488788e-01
1.873817e+04 1.644969e-01
2.310130e+04 1.807840e-01
2.848036e+04 1.945716e-01
3.511192e+04 2.005706e-01
4.328761e+04 1.923604e-01
5.336699e+04 1.659489e-01
6.579332e+04 1.246531e-01
8.111308e+04 7.977703e-02
1.000000e+05 4.346238e-02
1.232847e+05 2.063911e-02
1.519911e+05 8.909980e-03
1.873817e+05 3.668248e-03
2.310130e+05 1.501798e-03
2.848036e+05 6.295747e-04
3.511192e+05 2.745016e-04
4.328761e+05 1.250276e-04
5.336699e+05 5.930573e-05
6.579332e+05 2.909582e-05
8.111308e+05 1.464737e-05
1.000000e+06 7.511057e-06
1.232847e+06 3.900064e-06
1.519911e+06 2.041514e-06
1.873817e+06 1.074012e-06
2.310130e+06 5.667153e-07
2.848036e+06 2.995479e-07
3.511192e+06 1.584813e-07
4.328761e+06 8.388882e-08
5.336699e+06 4.441544e-08
6.579332e+06 2.351843e-08
8.111308e+06 1.245368e-08
1.000000e+07 6.594622e-09
