1.000000e-02 1.847107e-02
1.232847e-02 1.947291e-02
1.519911e-02 2.052908e-02
1.873817e-02 2.164255e-02
2.310130e-02 2.281640e-02
2.848036e-02 2.405393e-02
3.511192e-02 2.535857e-02
4.328761e-02 2.673398e-02
5.336699e-02 2.818398e-02
6.579332e-02 2.971264e-02
8.111308e-02 3.132420e-02
1.000000e-01 3.302317e-02
1.232847e-01 3.481429e-02
1.519911e-01 3.670256e-02
1.873817e-01 3.869325e-02
2.310130e-01 4.079190e-02
2.848036e-01 4.300438e-02
3.511192e-01 4.533685e-02
4.328761e-01 4.779577e-02
5.336699e-01 5.038793e-02
6.579332e-01 5.312034e-02
8.111308e-01 5.600019e-02
1.000000e+00 5.903470e-02
1.232847e+00 6.223080e-02
1.519911e+00 6.559481e-02
1.873817e+00 6.913186e-02
2.310130e+00 7.284515e-02
2.848036e+00 7.673492e-02
3.511192e+00 8.079723e-02
4.328761e+00 8.502230e-02
5.336699e+00 8.939266e-02
6.579332e+00 9.388096e-02
8.111308e+00 9.844754e-02
1.000000e+01 1.030379e-01
1.232847e+01 1.075804e-01
1.519911e+01 1.119845e-01
1.873817e+01 1.161395e-01
2.310130e+01 1.199153e-01
2.848036e+01 1.231651e-01
3.511192e+01 1.257304e-01
4.328761e+01 1.274492e-01
5.336699e+01 1.281673e-01
6.579332e+01 1.277518e-01
8.111308e+01 1.261057e-01
1.000000e+02 1.231821e-01
1.232847e+02 1.189953e-01
1.519911e+02 1.136269e-01
1.873817e+02 1.072245e-01
2.310130e+02 9.999277e-02
2.848036e+02 9.217749e-02
3.511192e+02 8.404476e-02
4.328761e+02 7.585836e-02
5.336699e+02 6.785898e-02
6.579332e+02 6.024807e-02
8.111308e+02 5.317813e-02
1.000000e+03 4.674980e-02
1.232847e+03 4.101476e-02
1.519911e+03 3.598289e-02
1.873817e+03 3.163166e-02
2.310130e+03 2.791580e-02
2.848036e+03 2.477628e-02
3.511192e+03 2.214744e-02
4.328761e+03 1.996228e-02
5.336699e+03 1.815576e-02
6.579332e+03 1.666652e-02
8.111308e+03 1.543730e-02
1.000000e+04 1.441453e-02
1.232847e+04 1.354739e-02
1.519911e+04 1.278682e-02
1.873817e+04 1.208498e-02
2.310130e+04 1.139555e-02
2.848036e+04 1.067547e-02
3.511192e+04 9.888245e-03
4.328761e+04 9.008747e-03
5.336699e+04 8.028516e-03
6.579332e+04 6.959797e-03
8.111308e+04 5.836236e-03
1.000000e+05 4.708711e-03
1.232847e+05 3.636386e-03
1.519911e+05 2.675126e-03
1.873817e+05 1.866596e-03
2.310130e+05 1.231146e-03
2.848036e+05 7.662266e-04
3.511192e+05 4.503440e-04
4.328761e+05 2.509717e-04
5.336699e+05 1.335653e-04
6.579332e+05 6.850259e-05
8.111308e+05 3.418084e-05
1.000000e+06 1.673372e-05
1.232847e+06 8.091576e-06
1.519911e+06 3.883080e-06
1.873817e+06 1.855204e-06
2.310130e+06 8.841547e-07
2.848036e+06 4.208098e-07
3.511192e+06 2.001454e-07
4.328761e+06 9.516126e-08
5.336699e+06 4.523854e-08
6.579332e+06 2.150455e-08
8.111308e+06 1.022218e-08
1.000000e+07 4.859094e-09
