1.000000e-02 6.894089e-03
1.232847e-02 7.292727e-03
1.519911e-02 7.714415e-03
1.873817e-02 8.160486e-03
2.310130e-02 8.632351e-03
2.848036e-02 9.131501e-03
3.511192e-02 9.659512e-03
4.328761e-02 1.021806e-02
5.336699e-02 1.080890e-02
6.579332e-02 1.143390e-02
8.111308e-02 1.209504e-02
1.000000e-01 1.279442e-02
1.232847e-01 1.353423e-02
1.519911e-01 1.431682e-02
1.873817e-01 1.514466e-02
2.310130e-01 1.602038e-02
2.848036e-01 1.694672e-02
3.511192e-01 1.792664e-02
4.328761e-01 1.896321e-02
5.336699e-01 2.005972e-02
6.579332e-01 2.121963e-02
8.111308e-01 2.244661e-02
1.000000e+00 2.374452e-02
1.232847e+00 2.511746e-02
1.519911e+00 2.656975e-02
1.873817e+00 2.810592e-02
2.310130e+00 2.973077e-02
2.848036e+00 3.144932e-02
3.511192e+00 3.326683e-02
4.328761e+00 3.518874e-02
5.336699e+00 3.722070e-02
6.579332e+00 3.936851e-02
8.111308e+00 4.163801e-02
1.000000e+01 4.403506e-02
1.232847e+01 4.656533e-02
1.519911e+01 4.923422e-02
1.873817e+01 5.204661e-02
2.310130e+01 5.500654e-02
2.848036e+01 5.811698e-02
3.511192e+01 6.137930e-02
4.328761e+01 6.479286e-02
5.336699e+01 6.835442e-02
6.579332e+01 7.205747e-02
8.111308e+01 7.589153e-02
1.000000e+02 7.984136e-02
1.232847e+02 8.388621e-02
1.519911e+02 8.799904e-02
1.873817e+02 9.214589e-02
2.310130e+02 9.628534e-02
2.848036e+02 1.003684e-01
3.511192e+02 1.043383e-01
4.328761e+02 1.081318e-01
5.336699e+02 1.116795e-01
6.579332e+02 1.149079e-01
8.111308e+02 1.177420e-01
1.000000e+03 1.201073e-01
1.232847e+03 1.219340e-01
1.519911e+03 1.231590e-01
1.873817e+03 1.237298e-01
2.310130e+03 1.236067e-01
2.848036e+03 1.227640e-01
3.511192e+03 1.211909e-01
4.328761e+03 1.188907e-01
5.336699e+03 1.158785e-01
6.579332e+03 1.121789e-01
8.111308e+03 1.078225e-01
1.000000e+04 1.028438e-01
1.232847e+04 9.727930e-02
1.519911e+04 9.116883e-02
1.873817e+04 8.455810e-02
2.310130e+04 7.750428e-02
2.848036e+04 7.008298e-02
3.511192e+04 6.239559e-02
4.328761e+04 5.457452e-02
5.336699e+04 4.678364e-02
6.579332e+04 3.921122e-02
8.111308e+04 3.205469e-02
1.000000e+05 2.549913e-02
1.232847e+05 1.969423e-02
1.519911e+05 1.473587e-02
1.873817e+05 1.065723e-02
2.310130e+05 7.431175e-03
2.848036e+05 4.981979e-03
3.511192e+05 3.201749e-03
4.328761e+05 1.967150e-03
5.336699e+05 1.153540e-03
6.579332e+05 6.458394e-04
8.111308e+05 3.462856e-04
1.000000e+06 1.788256e-04
1.232847e+06 8.960438e-05
1.519911e+06 4.390528e-05
1.873817e+06 2.118481e-05
2.310130e+06 1.012159e-05
2.848036e+06 4.807292e-06
3.511192e+06 2.275643e-06
4.328761e+06 1.075345e-06
5.336699e+06 5.077216e-07
6.579332e+06 2.396346e-07
8.111308e+06 1.130896e-07
1.000000e+07 5.336871e-08
