1.000000e-02 1.040891e-02
1.232847e-02 1.097186e-02
1.519911e-02 1.156526e-02
1.873817e-02 1.219075e-02
2.310130e-02 1.285007e-02
2.848036e-02 1.354504e-02
3.511192e-02 1.427761e-02
4.328761e-02 1.504979e-02
5.336699e-02 1.586374e-02
6.579332e-02 1.672170e-02
8.111308e-02 1.762607e-02
1.000000e-01 1.857935e-02
1.232847e-01 1.958418e-02
1.519911e-01 2.064336e-02
1.873817e-01 2.175983e-02
2.310130e-01 2.293667e-02
2.848036e-01 2.417717e-02
3.511192e-01 2.548475e-02
4.328761e-01 2.686306e-02
5.336699e-01 2.831590e-02
6.579332e-01 2.984733e-02
8.111308e-01 3.146157e-02
1.000000e+00 3.316310e-02
1.232847e+00 3.495663e-02
1.519911e+00 3.684710e-02
1.873817e+00 3.883969e-02
2.310130e+00 4.093981e-02
2.848036e+00 4.315308e-02
3.511192e+00 4.548530e-02
4.328761e+00 4.794240e-02
5.336699e+00 5.053033e-02
6.579332e+00 5.325498e-02
8.111308e+00 5.612198e-02
1.000000e+01 5.913650e-02
1.232847e+01 6.230294e-02
1.519911e+01 6.562456e-02
1.873817e+01 6.910299e-02
2.310130e+01 7.273762e-02
2.848036e+01 7.652492e-02
3.511192e+01 8.045752e-02
4.328761e+01 8.452329e-02
5.336699e+01 8.870421e-02
6.579332e+01 9.297517e-02
8.111308e+01 9.730276e-02
1.000000e+02 1.016441e-01
1.232847e+02 1.059457e-01
1.519911e+02 1.101430e-01
1.873817e+02 1.141597e-01
2.310130e+02 1.179084e-01
2.848036e+02 1.212918e-01
3.511192e+02 1.242047e-01
4.328761e+02 1.265376e-01
5.336699e+02 1.281807e-01
6.579332e+02 1.290297e-01
8.111308e+02 1.289914e-01
1.000000e+03 1.279904e-01
1.232847e+03 1.259750e-01
1.519911e+03 1.229220e-01
1.873817e+03 1.188406e-01
2.310130e+03 1.137735e-01
2.848036e+03 1.077963e-01
3.511192e+03 1.010153e-01
4.328761e+03 9.356311e-02
5.336699e+03 8.559424e-02
6.579332e+03 7.727931e-02
8.111308e+03 6.879942e-02
1.000000e+04 6.033955e-02
1.232847e+04 5.208124e-02
1.519911e+04 4.419441e-02
1.873817e+04 3.682874e-02
2.310130e+04 3.010565e-02
2.848036e+04 2.411203e-02
3.511192e+04 1.889667e-02
4.328761e+04 1.447032e-02
5.336699e+04 1.080920e-02
6.579332e+04 7.861393e-03
8.111308e+04 5.554745e-03
1.000000e+05 3.804744e-03
1.232847e+05 2.521416e-03
1.519911e+05 1.614850e-03
1.873817e+05 9.997586e-04
2.310130e+05 5.995026e-04
2.848036e+05 3.494630e-04
3.511192e+05 1.989774e-04
4.328761e+05 1.112355e-04
5.336699e+05 6.135137e-05
6.579332e+05 3.352079e-05
8.111308e+05 1.820019e-05
1.000000e+06 9.842102e-06
1.232847e+06 5.309034e-06
1.519911e+06 2.859505e-06
1.873817e+06 1.538807e-06
2.310130e+06 8.276744e-07
2.848036e+06 4.450554e-07
3.511192e+06 2.392785e-07
4.328761e+06 1.286353e-07
5.336699e+06 6.915138e-08
6.579332e+06 3.717361e-08
8.111308e+06 1.998326e-08
1.000000e+07 1.074231e-08
