1.000000e-02 4.335059e-02
1.232847e-02 4.495052e-02
1.519911e-02 4.660950e-02
1.873817e-02 4.832970e-02
2.310130e-02 5.011339e-02
2.848036e-02 5.196292e-02
3.511192e-02 5.388070e-02
4.328761e-02 5.586926e-02
5.336699e-02 5.793121e-02
6.579332e-02 6.006927e-02
8.111308e-02 6.228623e-02
1.000000e-01 6.458501e-02
1.232847e-01 6.696863e-02
1.519911e-01 6.944023e-02
1.873817e-01 7.200304e-02
2.310130e-01 7.466043e-02
2.848036e-01 7.741585e-02
3.511192e-01 8.027283e-02
4.328761e-01 8.323484e-02
5.336699e-01 8.630504e-02
6.579332e-01 8.948594e-02
8.111308e-01 9.277863e-02
1.000000e+00 9.618184e-02
1.232847e+00 9.969045e-02
1.519911e+00 1.032936e-01
1.873817e+00 1.069726e-01
2.310130e+00 1.106977e-01
2.848036e+00 1.144254e-01
3.511192e+00 1.180950e-01
4.328761e+00 1.216259e-01
5.336699e+00 1.249148e-01
6.579332e+00 1.278347e-01
8.111308e+00 1.302356e-01
1.000000e+01 1.319484e-01
1.232847e+01 1.327913e-01
1.519911e+01 1.325811e-01
1.873817e+01 1.311477e-01
2.310130e+01 1.283518e-01
2.848036e+01 1.241047e-01
3.511192e+01 1.183858e-01
4.328761e+01 1.112576e-01
5.336699e+01 1.028717e-01
6.579332e+01 9.346561e-02
8.111308e+01 8.334879e-02
1.000000e+02 7.287784e-02
1.232847e+02 6.242557e-02
1.519911e+02 5.234742e-02
1.873817e+02 4.295068e-02
2.310130e+02 3.447073e-02
2.848036e+02 2.705731e-02
3.511192e+02 2.077231e-02
4.328761e+02 1.559837e-02
5.336699e+02 1.145588e-02
6.579332e+02 8.224439e-03
8.111308e+02 5.764435e-03
1.000000e+03 3.935164e-03
1.232847e+03 2.607246e-03
1.519911e+03 1.668883e-03
1.873817e+03 1.026973e-03
2.310130e+03 6.051040e-04
2.848036e+03 3.408049e-04
3.511192e+03 1.837924e-04
4.328761e+03 9.539069e-05
5.336699e+03 4.799857e-05
6.579332e+03 2.360157e-05
8.111308e+03 1.142210e-05
1.000000e+04 5.471234e-06
1.232847e+04 2.604314e-06
1.519911e+04 1.235113e-06
1.873817e+04 5.845528e-07
2.310130e+04 2.763460e-07
2.848036e+04 1.305642e-07
3.511192e+04 6.166814e-08
4.328761e+04 2.912253e-08
5.336699e+04 1.375191e-08
6.579332e+04 6.493514e-09
8.111308e+04 3.066113e-09
1.000000e+05 1.447746e-09
1.232847e+05 6.835883e-10
1.519911e+05 3.227720e-10
1.873817e+05 1.524041e-10
2.310130e+05 7.196102e-11
2.848036e+05 3.397800e-11
3.511192e+05 1.604347e-11
4.328761e+05 7.575280e-12
5.336699e+05 3.576837e-12
6.579332e+05 1.688883e-12
8.111308e+05 7.974435e-13
1.000000e+06 3.765306e-13
1.232847e+06 1.777873e-13
1.519911e+06 8.394621e-14
1.873817e+06 3.963707e-14
2.310130e+06 1.871552e-14
2.848036e+06 8.836948e-15
3.511192e+06 4.172561e-15
4.328761e+06 1.970167e-15
5.336699e+06 9.302582e-16
6.579332e+06 4.392420e-16
8.111308e+06 2.073979e-16
1.000000e+07 9.792751e-17
