1.000000e-02 1.221018e-02
1.232847e-02 1.285470e-02
1.519911e-02 1.353323e-02
1.873817e-02 1.424758e-02
2.310130e-02 1.499963e-02
2.848036e-02 1.579138e-02
3.511192e-02 1.662493e-02
4.328761e-02 1.750247e-02
5.336699e-02 1.842633e-02
6.579332e-02 1.939896e-02
8.111308e-02 2.042293e-02
1.000000e-01 2.150095e-02
1.232847e-01 2.263587e-02
1.519911e-01 2.383070e-02
1.873817e-01 2.508860e-02
2.310130e-01 2.641290e-02
2.848036e-01 2.780709e-02
3.511192e-01 2.927489e-02
4.328761e-01 3.082016e-02
5.336699e-01 3.244700e-02
6.579332e-01 3.415972e-02
8.111308e-01 3.596287e-02
1.000000e+00 3.786122e-02
1.232847e+00 3.985983e-02
1.519911e+00 4.196401e-02
1.873817e+00 4.417934e-02
2.310130e+00 4.651168e-02
2.848036e+00 4.896715e-02
3.511192e+00 5.155211e-02
4.328761e+00 5.427304e-02
5.336699e+00 5.713653e-02
6.579332e+00 6.014904e-02
8.111308e+00 6.331672e-02
1.000000e+01 6.664511e-02
1.232847e+01 7.013867e-02
1.519911e+01 7.380026e-02
1.873817e+01 7.763044e-02
2.310130e+01 8.162653e-02
2.848036e+01 8.578154e-02
3.511192e+01 9.008285e-02
4.328761e+01 9.451070e-02
5.336699e+01 9.903644e-02
6.579332e+01 1.036208e-01
8.111308e+01 1.082119e-01
1.000000e+02 1.127436e-01
1.232847e+02 1.171344e-01
1.519911e+02 1.212863e-01
1.873817e+02 1.250854e-01
2.310130e+02 1.284036e-01
2.848036e+02 1.311018e-01
3.511192e+02 1.330349e-01
4.328761e+02 1.340593e-01
5.336699e+02 1.340415e-01
6.579332e+02 1.328681e-01
8.111308e+02 1.304562e-01
1.000000e+03 1.267629e-01
1.232847e+03 1.217929e-01
1.519911e+03 1.156038e-01
1.873817e+03 1.083069e-01
2.310130e+03 1.000641e-01
2.848036e+03 9.108128e-02
3.511192e+03 8.159684e-02
4.328761e+03 7.186899e-02
5.336699e+03 6.216104e-02
6.579332e+03 5.272701e-02
8.111308e+03 4.379798e-02
1.000000e+04 3.556999e-02
1.232847e+04 2.819376e-02
1.519911e+04 2.176745e-02
1.873817e+04 1.633353e-02
2.310130e+04 1.188099e-02
2.848036e+04 8.352549e-03
3.511192e+04 5.655578e-03
4.328761e+04 3.674520e-03
5.336699e+04 2.282661e-03
6.579332e+04 1.352343e-03
8.111308e+04 7.636817e-04
1.000000e+05 4.120457e-04
1.232847e+05 2.135513e-04
1.519911e+05 1.071061e-04
1.873817e+05 5.240852e-05
2.310130e+05 2.520544e-05
2.848036e+05 1.198625e-05
3.511192e+05 5.660362e-06
4.328761e+05 2.662094e-06
5.336699e+05 1.249097e-06
6.579332e+05 5.853560e-07
8.111308e+05 2.741274e-07
1.000000e+06 1.283316e-07
1.232847e+06 6.006731e-08
1.519911e+06 2.811282e-08
1.873817e+06 1.315684e-08
2.310130e+06 6.157292e-09
2.848036e+06 2.881533e-09
3.511192e+06 1.348513e-09
4.328761e+06 6.310823e-10
5.336699e+06 2.953360e-10
6.579332e+06 1.382123e-10
8.111308e+06 6.468102e-11
1.000000e+07 3.026963e-11
