1.000000e-02 8.130858e-03
1.232847e-02 8.575927e-03
1.519911e-02 9.045359e-03
1.873817e-02 9.540487e-03
2.310130e-02 1.006272e-02
2.848036e-02 1.061353e-02
3.511192e-02 1.119450e-02
4.328761e-02 1.180727e-02
5.336699e-02 1.245358e-02
6.579332e-02 1.313527e-02
8.111308e-02 1.385427e-02
1.000000e-01 1.461263e-02
1.232847e-01 1.541250e-02
1.519911e-01 1.625616e-02
1.873817e-01 1.714599e-02
2.310130e-01 1.808454e-02
2.848036e-01 1.907445e-02
3.511192e-01 2.011856e-02
4.328761e-01 2.121982e-02
5.336699e-01 2.238136e-02
6.579332e-01 2.360650e-02
8.111308e-01 2.489872e-02
1.000000e+00 2.626171e-02
1.232847e+00 2.769940e-02
1.519911e+00 2.921591e-02
1.873817e+00 3.081567e-02
2.310130e+00 3.250337e-02
2.848036e+00 3.428399e-02
3.511192e+00 3.616287e-02
4.328761e+00 3.814572e-02
5.336699e+00 4.023863e-02
6.579332e+00 4.244808e-02
8.111308e+00 4.478097e-02
1.000000e+01 4.724459e-02
1.232847e+01 4.984658e-02
1.519911e+01 5.259486e-02
1.873817e+01 5.549749e-02
2.310130e+01 5.856248e-02
2.848036e+01 6.179752e-02
3.511192e+01 6.520957e-02
4.328761e+01 6.880443e-02
5.336699e+01 7.258599e-02
6.579332e+01 7.655552e-02
8.111308e+01 8.071056e-02
1.000000e+02 8.504381e-02
1.232847e+02 8.954168e-02
1.519911e+02 9.418274e-02
1.873817e+02 9.893607e-02
2.310130e+02 1.037595e-01
2.848036e+02 1.085981e-01
3.511192e+02 1.133826e-01
4.328761e+02 1.180290e-01
5.336699e+02 1.224378e-01
6.579332e+02 1.264956e-01
8.111308e+02 1.300765e-01
1.000000e+03 1.330461e-01
1.232847e+03 1.352661e-01
1.519911e+03 1.366001e-01
1.873817e+03 1.369211e-01
2.310130e+03 1.361182e-01
2.848036e+03 1.341041e-01
3.511192e+03 1.308208e-01
4.328761e+03 1.262452e-01
5.336699e+03 1.203931e-01
6.579332e+03 1.133231e-01
8.111308e+03 1.051406e-01
1.000000e+04 9.600142e-02
1.232847e+04 8.611491e-02
1.519911e+04 7.574258e-02
1.873817e+04 6.519049e-02
2.310130e+04 5.479193e-02
2.848036e+04 4.488080e-02
3.511192e+04 3.575885e-02
4.328761e+04 2.766366e-02
5.336699e+04 2.074479e-02
6.579332e+04 1.505436e-02
8.111308e+04 1.055356e-02
1.000000e+05 7.132333e-03
1.232847e+05 4.635780e-03
1.519911e+05 2.890212e-03
1.873817e+05 1.724191e-03
2.310130e+05 9.827206e-04
2.848036e+05 5.353327e-04
3.511192e+05 2.795481e-04
4.328761e+05 1.407154e-04
5.336699e+05 6.877528e-05
6.579332e+05 3.288831e-05
8.111308e+05 1.549268e-05
1.000000e+06 7.227890e-06
1.232847e+06 3.352320e-06
1.519911e+06 1.549551e-06
1.873817e+06 7.149101e-07
2.310130e+06 3.295061e-07
2.848036e+06 1.517935e-07
3.511192e+06 6.990903e-08
4.328761e+06 3.219302e-08
5.336699e+06 1.482407e-08
6.579332e+06 6.825966e-09
8.111308e+06 3.143100e-09
1.000000e+07 1.447277e-09
