1.000000e-02 8.817076e-02
1.232847e-02 8.888055e-02
1.519911e-02 8.959606e-02
1.873817e-02 9.031733e-02
2.310130e-02 9.104441e-02
2.848036e-02 9.177734e-02
3.511192e-02 9.251617e-02
4.328761e-02 9.326094e-02
5.336699e-02 9.401172e-02
6.579332e-02 9.476853e-02
8.111308e-02 9.553144e-02
1.000000e-01 9.630049e-02
1.232847e-01 9.707574e-02
1.519911e-01 9.785722e-02
1.873817e-01 9.864499e-02
2.310130e-01 9.943907e-02
2.848036e-01 1.002394e-01
3.511192e-01 1.010459e-01
4.328761e-01 1.018578e-01
5.336699e-01 1.026738e-01
6.579332e-01 1.034910e-01
8.111308e-01 1.043040e-01
1.000000e+00 1.051042e-01
1.232847e+00 1.058780e-01
1.519911e+00 1.066055e-01
1.873817e+00 1.072598e-01
2.310130e+00 1.078054e-01
2.848036e+00 1.081982e-01
3.511192e+00 1.083858e-01
4.328761e+00 1.083084e-01
5.336699e+00 1.079016e-01
6.579332e+00 1.070996e-01
8.111308e+00 1.058395e-01
1.000000e+01 1.040670e-01
1.232847e+01 1.017414e-01
1.519911e+01 9.884161e-02
1.873817e+01 9.536960e-02
2.310130e+01 9.135358e-02
2.848036e+01 8.684806e-02
3.511192e+01 8.193171e-02
4.328761e+01 7.670286e-02
5.336699e+01 7.127300e-02
6.579332e+01 6.575923e-02
8.111308e+01 6.027656e-02
1.000000e+02 5.493087e-02
1.232847e+02 4.981339e-02
1.519911e+02 4.499714e-02
1.873817e+02 4.053528e-02
2.310130e+02 3.646147e-02
2.848036e+02 3.279155e-02
3.511192e+02 2.952634e-02
4.328761e+02 2.665481e-02
5.336699e+02 2.415747e-02
6.579332e+02 2.200935e-02
8.111308e+02 2.018266e-02
1.000000e+03 1.864889e-02
1.232847e+03 1.738029e-02
1.519911e+03 1.635089e-02
1.873817e+03 1.553698e-02
2.310130e+03 1.491725e-02
2.848036e+03 1.447249e-02
3.511192e+03 1.418486e-02
4.328761e+03 1.403691e-02
5.336699e+03 1.400999e-02
6.579332e+03 1.408223e-02
8.111308e+03 1.422600e-02
1.000000e+04 1.440488e-02
1.232847e+04 1.457059e-02
1.519911e+04 1.466063e-02
1.873817e+04 1.459807e-02
2.310130e+04 1.429584e-02
2.848036e+04 1.366791e-02
3.511192e+04 1.264911e-02
4.328761e+04 1.122180e-02
5.336699e+04 9.441697e-03
6.579332e+04 7.448623e-03
8.111308e+04 5.447470e-03
1.000000e+05 3.655598e-03
1.232847e+05 2.234529e-03
1.519911e+05 1.241509e-03
1.873817e+05 6.301067e-04
2.310130e+05 2.957260e-04
2.848036e+05 1.305488e-04
3.511192e+05 5.518624e-05
4.328761e+05 2.268523e-05
5.336699e+05 9.171410e-06
6.579332e+05 3.673912e-06
8.111308e+05 1.464644e-06
1.000000e+06 5.825011e-07
1.232847e+06 2.314013e-07
1.519911e+06 9.187691e-08
1.873817e+06 3.647074e-08
2.310130e+06 1.447565e-08
2.848036e+06 5.745294e-09
3.511192e+06 2.280229e-09
4.328761e+06 9.049856e-10
5.336699e+06 3.591729e-10
6.579332e+06 1.425493e-10
8.111308e+06 5.657524e-11
1.000000e+07 2.245369e-11
