1.000000e-02 1.658781e-02
1.232847e-02 1.741478e-02
1.519911e-02 1.828298e-02
1.873817e-02 1.919446e-02
2.310130e-02 2.015138e-02
2.848036e-02 2.115601e-02
3.511192e-02 2.221072e-02
4.328761e-02 2.331801e-02
5.336699e-02 2.448051e-02
6.579332e-02 2.570096e-02
8.111308e-02 2.698226e-02
1.000000e-01 2.832744e-02
1.232847e-01 2.973967e-02
1.519911e-01 3.122232e-02
1.873817e-01 3.277887e-02
2.310130e-01 3.441303e-02
2.848036e-01 3.612865e-02
3.511192e-01 3.792979e-02
4.328761e-01 3.982064e-02
5.336699e-01 4.180559e-02
6.579332e-01 4.388907e-02
8.111308e-01 4.607549e-02
1.000000e+00 4.836907e-02
1.232847e+00 5.077355e-02
1.519911e+00 5.329185e-02
1.873817e+00 5.592560e-02
2.310130e+00 5.867452e-02
2.848036e+00 6.153570e-02
3.511192e+00 6.450274e-02
4.328761e+00 6.756484e-02
5.336699e+00 7.070573e-02
6.579332e+00 7.390272e-02
8.111308e+00 7.712569e-02
1.000000e+01 8.033644e-02
1.232847e+01 8.348823e-02
1.519911e+01 8.652588e-02
1.873817e+01 8.938649e-02
2.310130e+01 9.200097e-02
2.848036e+01 9.429644e-02
3.511192e+01 9.619958e-02
4.328761e+01 9.764078e-02
5.336699e+01 9.855894e-02
6.579332e+01 9.890662e-02
8.111308e+01 9.865490e-02
1.000000e+02 9.779770e-02
1.232847e+02 9.635479e-02
1.519911e+02 9.437315e-02
1.873817e+02 9.192646e-02
2.310130e+02 8.911257e-02
2.848036e+02 8.604939e-02
3.511192e+02 8.286965e-02
4.328761e+02 7.971537e-02
5.336699e+02 7.673293e-02
6.579332e+02 7.406963e-02
8.111308e+02 7.187248e-02
1.000000e+03 7.028970e-02
1.232847e+03 6.947503e-02
1.519911e+03 6.959437e-02
1.873817e+03 7.083308e-02
2.310130e+03 7.339995e-02
2.848036e+03 7.751815e-02
3.511192e+03 8.338248e-02
4.328761e+03 9.104054e-02
5.336699e+03 1.001235e-01
6.579332e+03 1.093376e-01
8.111308e+03 1.157478e-01
1.000000e+04 1.144332e-01
1.232847e+04 1.001781e-01
1.519911e+04 7.268142e-02
1.873817e+04 4.100781e-02
2.310130e+04 1.744705e-02
2.848036e+04 5.748797e-03
3.511192e+04 1.575905e-03
4.328761e+04 3.880650e-04
5.336699e+04 9.068067e-05
6.579332e+04 2.072418e-05
8.111308e+04 4.696738e-06
1.000000e+05 1.061359e-06
1.232847e+05 2.396236e-07
1.519911e+05 5.408507e-08
1.873817e+05 1.220651e-08
2.310130e+05 2.754840e-09
2.848036e+05 6.217257e-10
3.511192e+05 1.403139e-10
4.328761e+05 3.166666e-11
5.336699e+05 7.146674e-12
6.579332e+05 1.612893e-12
8.111308e+05 3.640049e-13
1.000000e+06 8.215024e-14
1.232847e+06 1.854003e-14
1.519911e+06 4.184197e-15
1.873817e+06 9.443081e-16
2.310130e+06 2.131157e-16
2.848036e+06 4.809689e-17
3.511192e+06 1.085472e-17
4.328761e+06 2.449741e-18
5.336699e+06 5.528685e-19
6.579332e+06 1.247738e-19
8.111308e+06 2.815951e-20
1.000000e+07 6.355164e-21
