1.000000e-02 5.181171e-03
1.232847e-02 5.486977e-03
1.519911e-02 5.810832e-03
1.873817e-02 6.153802e-03
2.310130e-02 6.517015e-03
2.848036e-02 6.901665e-03
3.511192e-02 7.309019e-03
4.328761e-02 7.740416e-03
5.336699e-02 8.197275e-03
6.579332e-02 8.681098e-03
8.111308e-02 9.193479e-03
1.000000e-01 9.736101e-03
1.232847e-01 1.031075e-02
1.519911e-01 1.091932e-02
1.873817e-01 1.156380e-02
2.310130e-01 1.224633e-02
2.848036e-01 1.296914e-02
3.511192e-01 1.373461e-02
4.328761e-01 1.454526e-02
5.336699e-01 1.540376e-02
6.579332e-01 1.631292e-02
8.111308e-01 1.727575e-02
1.000000e+00 1.829540e-02
1.232847e+00 1.937523e-02
1.519911e+00 2.051877e-02
1.873817e+00 2.172978e-02
2.310130e+00 2.301222e-02
2.848036e+00 2.437027e-02
3.511192e+00 2.580834e-02
4.328761e+00 2.733107e-02
5.336699e+00 2.894333e-02
6.579332e+00 3.065022e-02
8.111308e+00 3.245706e-02
1.000000e+01 3.436934e-02
1.232847e+01 3.639273e-02
1.519911e+01 3.853298e-02
1.873817e+01 4.079587e-02
2.310130e+01 4.318713e-02
2.848036e+01 4.571226e-02
3.511192e+01 4.837638e-02
4.328761e+01 5.118406e-02
5.336699e+01 5.413898e-02
6.579332e+01 5.724369e-02
8.111308e+01 6.049923e-02
1.000000e+02 6.390469e-02
1.232847e+02 6.745680e-02
1.519911e+02 7.114943e-02
1.873817e+02 7.497315e-02
2.310130e+02 7.891473e-02
2.848036e+02 8.295679e-02
3.511192e+02 8.707753e-02
4.328761e+02 9.125062e-02
5.336699e+02 9.544528e-02
6.579332e+02 9.962667e-02
8.111308e+02 1.037564e-01
1.000000e+03 1.077933e-01
1.232847e+03 1.116944e-01
1.519911e+03 1.154155e-01
1.873817e+03 1.189121e-01
2.310130e+03 1.221390e-01
2.848036e+03 1.250495e-01
3.511192e+03 1.275934e-01
4.328761e+03 1.297134e-01
5.336699e+03 1.313396e-01
6.579332e+03 1.323835e-01
8.111308e+03 1.327311e-01
1.000000e+04 1.322373e-01
1.232847e+04 1.307249e-01
1.519911e+04 1.279911e-01
1.873817e+04 1.238264e-01
2.310130e+04 1.180489e-01
2.848036e+04 1.105547e-01
3.511192e+04 1.013756e-01
4.328761e+04 9.072812e-02
5.336699e+04 7.903087e-02
6.579332e+04 6.686891e-02
8.111308e+04 5.490384e-02
1.000000e+05 4.375330e-02
1.232847e+05 3.388221e-02
1.519911e+05 2.554391e-02
1.873817e+05 1.878392e-02
2.310130e+05 1.349106e-02
2.848036e+05 9.465970e-03
3.511192e+05 6.481385e-03
4.328761e+05 4.321098e-03
5.336699e+05 2.797618e-03
6.579332e+05 1.755197e-03
8.111308e+05 1.066449e-03
1.000000e+06 6.284621e-04
1.232847e+06 3.604725e-04
1.519911e+06 2.022255e-04
1.873817e+06 1.115499e-04
2.310130e+06 6.079958e-05
2.848036e+06 3.287625e-05
3.511192e+06 1.768994e-05
4.328761e+06 9.491645e-06
5.336699e+06 5.085259e-06
6.579332e+06 2.722646e-06
8.111308e+06 1.457353e-06
1.000000e+07 7.800429e-07
