1.000000e-02 1.155388e-02
1.232847e-02 1.222620e-02
1.519911e-02 1.293764e-02
1.873817e-02 1.369049e-02
2.310130e-02 1.448714e-02
2.848036e-02 1.533015e-02
3.511192e-02 1.622221e-02
4.328761e-02 1.716618e-02
5.336699e-02 1.816509e-02
6.579332e-02 1.922212e-02
8.111308e-02 2.034065e-02
1.000000e-01 2.152428e-02
1.232847e-01 2.277678e-02
1.519911e-01 2.410216e-02
1.873817e-01 2.550467e-02
2.310130e-01 2.698880e-02
2.848036e-01 2.855928e-02
3.511192e-01 3.022118e-02
4.328761e-01 3.197984e-02
5.336699e-01 3.384100e-02
6.579332e-01 3.581085e-02
8.111308e-01 3.789617e-02
1.000000e+00 4.010454e-02
1.232847e+00 4.244458e-02
1.519911e+00 4.492634e-02
1.873817e+00 4.756176e-02
2.310130e+00 5.036520e-02
2.848036e+00 5.335405e-02
3.511192e+00 5.654946e-02
4.328761e+00 5.997692e-02
5.336699e+00 6.366687e-02
6.579332e+00 6.765507e-02
8.111308e+00 7.198257e-02
1.000000e+01 7.669508e-02
1.232847e+01 8.184146e-02
1.519911e+01 8.747080e-02
1.873817e+01 9.362748e-02
2.310130e+01 1.003437e-01
2.848036e+01 1.076281e-01
3.511192e+01 1.154507e-01
4.328761e+01 1.237228e-01
5.336699e+01 1.322724e-01
6.579332e+01 1.408195e-01
8.111308e+01 1.489542e-01
1.000000e+02 1.561296e-01
1.232847e+02 1.616807e-01
1.519911e+02 1.648832e-01
1.873817e+02 1.650571e-01
2.310130e+02 1.617082e-01
2.848036e+02 1.546717e-01
3.511192e+02 1.442107e-01
4.328761e+02 1.310189e-01
5.336699e+02 1.161098e-01
6.579332e+02 1.006203e-01
8.111308e+02 8.559558e-02
1.000000e+03 7.182760e-02
1.232847e+03 5.978520e-02
1.519911e+03 4.963317e-02
1.873817e+03 4.130567e-02
2.310130e+03 3.459476e-02
2.848036e+03 2.922633e-02
3.511192e+03 2.491244e-02
4.328761e+03 2.138133e-02
5.336699e+03 1.839261e-02
6.579332e+03 1.574613e-02
8.111308e+03 1.329123e-02
1.000000e+04 1.093807e-02
1.232847e+04 8.667336e-03
1.519911e+04 6.528594e-03
1.873817e+04 4.618164e-03
2.310130e+04 3.037111e-03
2.848036e+04 1.845165e-03
3.511192e+04 1.034620e-03
4.328761e+04 5.383364e-04
5.336699e+04 2.628326e-04
6.579332e+04 1.221467e-04
8.111308e+04 5.481847e-05
1.000000e+05 2.404919e-05
1.232847e+05 1.040625e-05
1.519911e+05 4.467678e-06
1.873817e+05 1.909976e-06
2.310130e+05 8.147415e-07
2.848036e+05 3.471642e-07
3.511192e+05 1.478491e-07
4.328761e+05 6.294955e-08
5.336699e+05 2.679882e-08
6.579332e+05 1.140816e-08
8.111308e+05 4.856292e-09
1.000000e+06 2.067233e-09
1.232847e+06 8.799783e-10
1.519911e+06 3.745878e-10
1.873817e+06 1.594538e-10
2.310130e+06 6.787595e-11
2.848036e+06 2.889328e-11
3.511192e+06 1.229923e-11
4.328761e+06 5.235508e-12
5.336699e+06 2.228639e-12
6.579332e+06 9.486821e-13
8.111308e+06 4.038329e-13
1.000000e+07 1.719027e-13
