1.000000e-02 1.159042e-02
1.232847e-02 1.220603e-02
1.519911e-02 1.285434e-02
1.873817e-02 1.353709e-02
2.310130e-02 1.425610e-02
2.848036e-02 1.501330e-02
3.511192e-02 1.581072e-02
4.328761e-02 1.665049e-02
5.336699e-02 1.753486e-02
6.579332e-02 1.846621e-02
8.111308e-02 1.944703e-02
1.000000e-01 2.047994e-02
1.232847e-01 2.156771e-02
1.519911e-01 2.271326e-02
1.873817e-01 2.391966e-02
2.310130e-01 2.519013e-02
2.848036e-01 2.652808e-02
3.511192e-01 2.793709e-02
4.328761e-01 2.942094e-02
5.336699e-01 3.098360e-02
6.579332e-01 3.262923e-02
8.111308e-01 3.436223e-02
1.000000e+00 3.618718e-02
1.232847e+00 3.810888e-02
1.519911e+00 4.013232e-02
1.873817e+00 4.226266e-02
2.310130e+00 4.450515e-02
2.848036e+00 4.686514e-02
3.511192e+00 4.934793e-02
4.328761e+00 5.195869e-02
5.336699e+00 5.470227e-02
6.579332e+00 5.758300e-02
8.111308e+00 6.060445e-02
1.000000e+01 6.376905e-02
1.232847e+01 6.707769e-02
1.519911e+01 7.052926e-02
1.873817e+01 7.411999e-02
2.310130e+01 7.784280e-02
2.848036e+01 8.168649e-02
3.511192e+01 8.563486e-02
4.328761e+01 8.966578e-02
5.336699e+01 9.375024e-02
6.579332e+01 9.785138e-02
8.111308e+01 1.019237e-01
1.000000e+02 1.059124e-01
1.232847e+02 1.097533e-01
1.519911e+02 1.133728e-01
1.873817e+02 1.166887e-01
2.310130e+02 1.196120e-01
2.848036e+02 1.220490e-01
3.511192e+02 1.239048e-01
4.328761e+02 1.250869e-01
5.336699e+02 1.255103e-01
6.579332e+02 1.251020e-01
8.111308e+02 1.238060e-01
1.000000e+03 1.215881e-01
1.232847e+03 1.184389e-01
1.519911e+03 1.143771e-01
1.873817e+03 1.094495e-01
2.310130e+03 1.037311e-01
2.848036e+03 9.732210e-02
3.511192e+03 9.034446e-02
4.328761e+03 8.293669e-02
5.336699e+03 7.524829e-02
6.579332e+03 6.743378e-02
8.111308e+03 5.964691e-02
1.000000e+04 5.203503e-02
1.232847e+04 4.473395e-02
1.519911e+04 3.786321e-02
1.873817e+04 3.152189e-02
2.310130e+04 2.578507e-02
2.848036e+04 2.070127e-02
3.511192e+04 1.629144e-02
4.328761e+04 1.254999e-02
5.336699e+04 9.447910e-03
6.579332e+04 6.937539e-03
8.111308e+04 4.958131e-03
1.000000e+05 3.441178e-03
1.232847e+05 2.314848e-03
1.519911e+05 1.507460e-03
1.873817e+05 9.504385e-04
2.310130e+05 5.811868e-04
2.848036e+05 3.458351e-04
3.511192e+05 2.011477e-04
4.328761e+05 1.149114e-04
5.336699e+05 6.477572e-05
6.579332e+05 3.617122e-05
8.111308e+05 2.006983e-05
1.000000e+06 1.108975e-05
1.232847e+06 6.111752e-06
1.519911e+06 3.362919e-06
1.873817e+06 1.848650e-06
2.310130e+06 1.015672e-06
2.848036e+06 5.578507e-07
3.511192e+06 3.063437e-07
4.328761e+06 1.682139e-07
5.336699e+06 9.236260e-08
6.579332e+06 5.071338e-08
8.111308e+06 2.784494e-08
1.000000e+07 1.528866e-08
