1.000000e-02 7.150212e-03
1.232847e-02 7.548295e-03
1.519911e-02 7.968540e-03
1.873817e-02 8.412183e-03
2.310130e-02 8.880526e-03
2.848036e-02 9.374943e-03
3.511192e-02 9.896886e-03
4.328761e-02 1.044789e-02
5.336699e-02 1.102957e-02
6.579332e-02 1.164363e-02
8.111308e-02 1.229188e-02
1.000000e-01 1.297622e-02
1.232847e-01 1.369866e-02
1.519911e-01 1.446133e-02
1.873817e-01 1.526645e-02
2.310130e-01 1.611640e-02
2.848036e-01 1.701367e-02
3.511192e-01 1.796089e-02
4.328761e-01 1.896085e-02
5.336699e-01 2.001648e-02
6.579332e-01 2.113088e-02
8.111308e-01 2.230731e-02
1.000000e+00 2.354923e-02
1.232847e+00 2.486026e-02
1.519911e+00 2.624422e-02
1.873817e+00 2.770514e-02
2.310130e+00 2.924724e-02
2.848036e+00 3.087495e-02
3.511192e+00 3.259288e-02
4.328761e+00 3.440588e-02
5.336699e+00 3.631893e-02
6.579332e+00 3.833722e-02
8.111308e+00 4.046603e-02
1.000000e+01 4.271076e-02
1.232847e+01 4.507681e-02
1.519911e+01 4.756954e-02
1.873817e+01 5.019413e-02
2.310130e+01 5.295544e-02
2.848036e+01 5.585783e-02
3.511192e+01 5.890494e-02
4.328761e+01 6.209935e-02
5.336699e+01 6.544232e-02
6.579332e+01 6.893329e-02
8.111308e+01 7.256944e-02
1.000000e+02 7.634512e-02
1.232847e+02 8.025123e-02
1.519911e+02 8.427452e-02
1.873817e+02 8.839690e-02
2.310130e+02 9.259468e-02
2.848036e+02 9.683784e-02
3.511192e+02 1.010894e-01
4.328761e+02 1.053051e-01
5.336699e+02 1.094326e-01
6.579332e+02 1.134118e-01
8.111308e+02 1.171751e-01
1.000000e+03 1.206477e-01
1.232847e+03 1.237486e-01
1.519911e+03 1.263922e-01
1.873817e+03 1.284894e-01
2.310130e+03 1.299495e-01
2.848036e+03 1.306823e-01
3.511192e+03 1.305998e-01
4.328761e+03 1.296184e-01
5.336699e+03 1.276615e-01
6.579332e+03 1.246622e-01
8.111308e+03 1.205677e-01
1.000000e+04 1.153452e-01
1.232847e+04 1.089901e-01
1.519911e+04 1.015371e-01
1.873817e+04 9.307329e-02
2.310130e+04 8.375024e-02
2.848036e+04 7.379201e-02
3.511192e+04 6.349321e-02
4.328761e+04 5.320324e-02
5.336699e+04 4.329534e-02
6.579332e+04 3.412441e-02
8.111308e+04 2.598225e-02
1.000000e+05 1.906168e-02
1.232847e+05 1.343928e-02
1.519911e+05 9.080227e-03
1.873817e+05 5.861352e-03
2.310130e+05 3.603612e-03
2.848036e+05 2.104813e-03
3.511192e+05 1.166770e-03
4.328761e+05 6.148270e-04
5.336699e+05 3.094607e-04
6.579332e+05 1.499072e-04
8.111308e+05 7.051253e-05
1.000000e+06 3.248422e-05
1.232847e+06 1.476205e-05
1.519911e+06 6.652405e-06
1.873817e+06 2.983328e-06
2.310130e+06 1.334330e-06
2.848036e+06 5.959593e-07
3.511192e+06 2.659901e-07
4.328761e+06 1.186780e-07
5.336699e+06 5.294330e-08
6.579332e+06 2.361712e-08
8.111308e+06 1.053502e-08
1.000000e+07 4.699397e-09
