1.000000e-02 1.287926e-02
1.232847e-02 1.355089e-02
1.519911e-02 1.425754e-02
1.873817e-02 1.500105e-02
2.310130e-02 1.578333e-02
2.848036e-02 1.660640e-02
3.511192e-02 1.747239e-02
4.328761e-02 1.838355e-02
5.336699e-02 1.934222e-02
6.579332e-02 2.035088e-02
8.111308e-02 2.141214e-02
1.000000e-01 2.252875e-02
1.232847e-01 2.370358e-02
1.519911e-01 2.493968e-02
1.873817e-01 2.624024e-02
2.310130e-01 2.760862e-02
2.848036e-01 2.904836e-02
3.511192e-01 3.056318e-02
4.328761e-01 3.215699e-02
5.336699e-01 3.383390e-02
6.579332e-01 3.559822e-02
8.111308e-01 3.745448e-02
1.000000e+00 3.940738e-02
1.232847e+00 4.146182e-02
1.519911e+00 4.362285e-02
1.873817e+00 4.589561e-02
2.310130e+00 4.828530e-02
2.848036e+00 5.079702e-02
3.511192e+00 5.343572e-02
4.328761e+00 5.620594e-02
5.336699e+00 5.911162e-02
6.579332e+00 6.215584e-02
8.111308e+00 6.534039e-02
1.000000e+01 6.866541e-02
1.232847e+01 7.212879e-02
1.519911e+01 7.572561e-02
1.873817e+01 7.944738e-02
2.310130e+01 8.328126e-02
2.848036e+01 8.720917e-02
3.511192e+01 9.120683e-02
4.328761e+01 9.524290e-02
5.336699e+01 9.927802e-02
6.579332e+01 1.032641e-01
8.111308e+01 1.071439e-01
1.000000e+02 1.108508e-01
1.232847e+02 1.143092e-01
1.519911e+02 1.174354e-01
1.873817e+02 1.201396e-01
2.310130e+02 1.223284e-01
2.848036e+02 1.239081e-01
3.511192e+02 1.247888e-01
4.328761e+02 1.248893e-01
5.336699e+02 1.241422e-01
6.579332e+02 1.224984e-01
8.111308e+02 1.199318e-01
1.000000e+03 1.164429e-01
1.232847e+03 1.120603e-01
1.519911e+03 1.068418e-01
1.873817e+03 1.008724e-01
2.310130e+03 9.426169e-02
2.848036e+03 8.713897e-02
3.511192e+03 7.964790e-02
4.328761e+03 7.194051e-02
5.336699e+03 6.417114e-02
6.579332e+03 5.649060e-02
8.111308e+03 4.904068e-02
1.000000e+04 4.194910e-02
1.232847e+04 3.532512e-02
1.519911e+04 2.925578e-02
1.873817e+04 2.380325e-02
2.310130e+04 1.900344e-02
2.848036e+04 1.486618e-02
3.511192e+04 1.137718e-02
4.328761e+04 8.501716e-03
5.336699e+04 6.189356e-03
6.579332e+04 4.378995e-03
8.111308e+04 3.003385e-03
1.000000e+05 1.992755e-03
1.232847e+05 1.277723e-03
1.519911e+05 7.920831e-04
1.873817e+05 4.758441e-04
2.310130e+05 2.781224e-04
2.848036e+05 1.589419e-04
3.511192e+05 8.927242e-05
4.328761e+05 4.951317e-05
5.336699e+05 2.722285e-05
6.579332e+05 1.488103e-05
8.111308e+05 8.104494e-06
1.000000e+06 4.403762e-06
1.232847e+06 2.389582e-06
1.519911e+06 1.295587e-06
1.873817e+06 7.021145e-07
2.310130e+06 3.803947e-07
2.848036e+06 2.060620e-07
3.511192e+06 1.116164e-07
4.328761e+06 6.045617e-08
5.336699e+06 3.274501e-08
6.579332e+06 1.773561e-08
8.111308e+06 9.606079e-09
1.000000e+07 5.202905e-09
