1.000000e-02 5.734909e-03
1.232847e-02 6.064460e-03
1.519911e-02 6.412948e-03
1.873817e-02 6.781461e-03
2.310130e-02 7.171151e-03
2.848036e-02 7.583234e-03
3.511192e-02 8.018997e-03
4.328761e-02 8.479801e-03
5.336699e-02 8.967084e-03
6.579332e-02 9.482369e-03
8.111308e-02 1.002726e-02
1.000000e-01 1.060347e-02
1.232847e-01 1.121279e-02
1.519911e-01 1.185712e-02
1.873817e-01 1.253848e-02
2.310130e-01 1.325899e-02
2.848036e-01 1.402090e-02
3.511192e-01 1.482660e-02
4.328761e-01 1.567859e-02
5.336699e-01 1.657955e-02
6.579332e-01 1.753227e-02
8.111308e-01 1.853974e-02
1.000000e+00 1.960509e-02
1.232847e+00 2.073165e-02
1.519911e+00 2.192291e-02
1.873817e+00 2.318258e-02
2.310130e+00 2.451455e-02
2.848036e+00 2.592293e-02
3.511192e+00 2.741204e-02
4.328761e+00 2.898639e-02
5.336699e+00 3.065074e-02
6.579332e+00 3.241003e-02
8.111308e+00 3.426939e-02
1.000000e+01 3.623413e-02
1.232847e+01 3.830968e-02
1.519911e+01 4.050155e-02
1.873817e+01 4.281529e-02
2.310130e+01 4.525634e-02
2.848036e+01 4.782995e-02
3.511192e+01 5.054102e-02
4.328761e+01 5.339393e-02
5.336699e+01 5.639225e-02
6.579332e+01 5.953857e-02
8.111308e+01 6.283410e-02
1.000000e+02 6.627836e-02
1.232847e+02 6.986883e-02
1.519911e+02 7.360051e-02
1.873817e+02 7.746555e-02
2.310130e+02 8.145290e-02
2.848036e+02 8.554795e-02
3.511192e+02 8.973234e-02
4.328761e+02 9.398383e-02
5.336699e+02 9.827628e-02
6.579332e+02 1.025799e-01
8.111308e+02 1.068614e-01
1.000000e+03 1.110844e-01
1.232847e+03 1.152097e-01
1.519911e+03 1.191952e-01
1.873817e+03 1.229952e-01
2.310130e+03 1.265591e-01
2.848036e+03 1.298291e-01
3.511192e+03 1.327353e-01
4.328761e+03 1.351903e-01
5.336699e+03 1.370816e-01
6.579332e+03 1.382630e-01
8.111308e+03 1.385473e-01
1.000000e+04 1.377016e-01
1.232847e+04 1.354520e-01
1.519911e+04 1.315005e-01
1.873817e+04 1.255650e-01
2.310130e+04 1.174422e-01
2.848036e+04 1.070932e-01
3.511192e+04 9.473151e-02
4.328761e+04 8.087898e-02
5.336699e+04 6.634508e-02
6.579332e+04 5.210524e-02
8.111308e+04 3.909972e-02
1.000000e+05 2.802712e-02
1.232847e+05 1.921964e-02
1.519911e+05 1.264499e-02
1.873817e+05 8.010631e-03
2.310130e+05 4.904496e-03
2.848036e+05 2.911587e-03
3.511192e+05 1.680624e-03
4.328761e+05 9.455606e-04
5.336699e+05 5.198983e-04
6.579332e+05 2.802128e-04
8.111308e+05 1.485682e-04
1.000000e+06 7.777311e-05
1.232847e+06 4.033604e-05
1.519911e+06 2.078627e-05
1.873817e+06 1.066715e-05
2.310130e+06 5.460084e-06
2.848036e+06 2.790548e-06
3.511192e+06 1.424984e-06
4.328761e+06 7.273370e-07
5.336699e+06 3.711647e-07
6.579332e+06 1.893900e-07
8.111308e+06 9.663486e-08
1.000000e+07 4.930695e-08
