1.000000e-02 1.076486e-02
1.232847e-02 1.134627e-02
1.519911e-02 1.195908e-02
1.873817e-02 1.260498e-02
2.310130e-02 1.328577e-02
2.848036e-02 1.400333e-02
3.511192e-02 1.475965e-02
4.328761e-02 1.555681e-02
5.336699e-02 1.639703e-02
6.579332e-02 1.728262e-02
8.111308e-02 1.821605e-02
1.000000e-01 1.919989e-02
1.232847e-01 2.023687e-02
1.519911e-01 2.132986e-02
1.873817e-01 2.248188e-02
2.310130e-01 2.369611e-02
2.848036e-01 2.497593e-02
3.511192e-01 2.632487e-02
4.328761e-01 2.774667e-02
5.336699e-01 2.924527e-02
6.579332e-01 3.082482e-02
8.111308e-01 3.248972e-02
1.000000e+00 3.424460e-02
1.232847e+00 3.609437e-02
1.519911e+00 3.804424e-02
1.873817e+00 4.009969e-02
2.310130e+00 4.226658e-02
2.848036e+00 4.455106e-02
3.511192e+00 4.695963e-02
4.328761e+00 4.949911e-02
5.336699e+00 5.217659e-02
6.579332e+00 5.499931e-02
8.111308e+00 5.797456e-02
1.000000e+01 6.110947e-02
1.232847e+01 6.441066e-02
1.519911e+01 6.788387e-02
1.873817e+01 7.153334e-02
2.310130e+01 7.536114e-02
2.848036e+01 7.936621e-02
3.511192e+01 8.354322e-02
4.328761e+01 8.788123e-02
5.336699e+01 9.236208e-02
6.579332e+01 9.695864e-02
8.111308e+01 1.016329e-01
1.000000e+02 1.063341e-01
1.232847e+02 1.109969e-01
1.519911e+02 1.155404e-01
1.873817e+02 1.198671e-01
2.310130e+02 1.238637e-01
2.848036e+02 1.274028e-01
3.511192e+02 1.303468e-01
4.328761e+02 1.325531e-01
5.336699e+02 1.338820e-01
6.579332e+02 1.342053e-01
8.111308e+02 1.334163e-01
1.000000e+03 1.314394e-01
1.232847e+03 1.282382e-01
1.519911e+03 1.238205e-01
1.873817e+03 1.182413e-01
2.310130e+03 1.116002e-01
2.848036e+03 1.040368e-01
3.511192e+03 9.572293e-02
4.328761e+03 8.685285e-02
5.336699e+03 7.763430e-02
6.579332e+03 6.828009e-02
8.111308e+03 5.900152e-02
1.000000e+04 5.000295e-02
1.232847e+04 4.147642e-02
1.519911e+04 3.359505e-02
1.873817e+04 2.650441e-02
2.310130e+04 2.031268e-02
2.848036e+04 1.508104e-02
3.511192e+04 1.081749e-02
4.328761e+04 7.476668e-03
5.336699e+04 4.967074e-03
6.579332e+04 3.164829e-03
8.111308e+04 1.930747e-03
1.000000e+05 1.126929e-03
1.232847e+05 6.297753e-04
1.519911e+05 3.378972e-04
1.873817e+05 1.749041e-04
2.310130e+05 8.790626e-05
2.848036e+05 4.319914e-05
3.511192e+05 2.089243e-05
4.328761e+05 9.997223e-06
5.336699e+05 4.751845e-06
6.579332e+05 2.249600e-06
8.111308e+05 1.062553e-06
1.000000e+06 5.012371e-07
1.232847e+06 2.362867e-07
1.519911e+06 1.113473e-07
1.873817e+06 5.246151e-08
2.310130e+06 2.471508e-08
2.848036e+06 1.164297e-08
3.511192e+06 5.484738e-09
4.328761e+06 2.583711e-09
5.336699e+06 1.217111e-09
6.579332e+06 5.733442e-10
8.111308e+06 2.700851e-10
1.000000e+07 1.272289e-10
