1.000000e-02 8.922436e-03
1.232847e-02 9.398254e-03
1.519911e-02 9.899446e-03
1.873817e-02 1.042737e-02
2.310130e-02 1.098344e-02
2.848036e-02 1.156917e-02
3.511192e-02 1.218613e-02
4.328761e-02 1.283599e-02
5.336699e-02 1.352051e-02
6.579332e-02 1.424154e-02
8.111308e-02 1.500101e-02
1.000000e-01 1.580099e-02
1.232847e-01 1.664363e-02
1.519911e-01 1.753121e-02
1.873817e-01 1.846611e-02
2.310130e-01 1.945088e-02
2.848036e-01 2.048816e-02
3.511192e-01 2.158075e-02
4.328761e-01 2.273161e-02
5.336699e-01 2.394383e-02
6.579332e-01 2.522068e-02
8.111308e-01 2.656557e-02
1.000000e+00 2.798208e-02
1.232847e+00 2.947395e-02
1.519911e+00 3.104505e-02
1.873817e+00 3.269938e-02
2.310130e+00 3.444103e-02
2.848036e+00 3.627415e-02
3.511192e+00 3.820290e-02
4.328761e+00 4.023138e-02
5.336699e+00 4.236357e-02
6.579332e+00 4.460323e-02
8.111308e+00 4.695381e-02
1.000000e+01 4.941833e-02
1.232847e+01 5.199930e-02
1.519911e+01 5.469855e-02
1.873817e+01 5.751716e-02
2.310130e+01 6.045537e-02
2.848036e+01 6.351250e-02
3.511192e+01 6.668693e-02
4.328761e+01 6.997613e-02
5.336699e+01 7.337678e-02
6.579332e+01 7.688497e-02
8.111308e+01 8.049644e-02
1.000000e+02 8.420698e-02
1.232847e+02 8.801287e-02
1.519911e+02 9.191134e-02
1.873817e+02 9.590094e-02
2.310130e+02 9.998190e-02
2.848036e+02 1.041560e-01
3.511192e+02 1.084259e-01
4.328761e+02 1.127939e-01
5.336699e+02 1.172588e-01
6.579332e+02 1.218119e-01
8.111308e+02 1.264293e-01
1.000000e+03 1.310625e-01
1.232847e+03 1.356235e-01
1.519911e+03 1.399672e-01
1.873817e+03 1.438691e-01
2.310130e+03 1.470034e-01
2.848036e+03 1.489259e-01
3.511192e+03 1.490755e-01
4.328761e+03 1.468119e-01
5.336699e+03 1.415078e-01
6.579332e+03 1.327084e-01
8.111308e+03 1.203369e-01
1.000000e+04 1.048777e-01
1.232847e+04 8.742588e-02
1.519911e+04 6.951183e-02
1.873817e+04 5.272106e-02
2.310130e+04 3.827170e-02
2.848036e+04 2.676010e-02
3.511192e+04 1.817229e-02
4.328761e+04 1.208991e-02
5.336699e+04 7.938898e-03
6.579332e+04 5.169810e-03
8.111308e+04 3.342381e-03
1.000000e+05 2.139851e-03
1.232847e+05 1.349137e-03
1.519911e+05 8.318838e-04
1.873817e+05 4.984860e-04
2.310130e+05 2.891675e-04
2.848036e+05 1.623301e-04
3.511192e+05 8.845058e-05
4.328761e+05 4.702282e-05
5.336699e+05 2.453560e-05
6.579332e+05 1.263423e-05
8.111308e+05 6.448949e-06
1.000000e+06 3.273579e-06
1.232847e+06 1.656158e-06
1.519911e+06 8.362424e-07
1.873817e+06 4.217777e-07
2.310130e+06 2.126044e-07
2.848036e+06 1.071325e-07
3.511192e+06 5.397568e-08
4.328761e+06 2.719190e-08
5.336699e+06 1.369824e-08
6.579332e+06 6.900542e-09
8.111308e+06 3.476158e-09
1.000000e+07 1.751118e-09
