1.000000e-02 5.539738e-02
1.232847e-02 5.668143e-02
1.519911e-02 5.799524e-02
1.873817e-02 5.933951e-02
2.310130e-02 6.071493e-02
2.848036e-02 6.212224e-02
3.511192e-02 6.356216e-02
4.328761e-02 6.503546e-02
5.336699e-02 6.654291e-02
6.579332e-02 6.808530e-02
8.111308e-02 6.966345e-02
1.000000e-01 7.127817e-02
1.232847e-01 7.293032e-02
1.519911e-01 7.462076e-02
1.873817e-01 7.635039e-02
2.310130e-01 7.812010e-02
2.848036e-01 7.993081e-02
3.511192e-01 8.178343e-02
4.328761e-01 8.367880e-02
5.336699e-01 8.561762e-02
6.579332e-01 8.760027e-02
8.111308e-01 8.962660e-02
1.000000e+00 9.169556e-02
1.232847e+00 9.380477e-02
1.519911e+00 9.595001e-02
1.873817e+00 9.812447e-02
2.310130e+00 1.003181e-01
2.848036e+00 1.025166e-01
3.511192e+00 1.047006e-01
4.328761e+00 1.068446e-01
5.336699e+00 1.089156e-01
6.579332e+00 1.108723e-01
8.111308e+00 1.126635e-01
1.000000e+01 1.142269e-01
1.232847e+01 1.154885e-01
1.519911e+01 1.163615e-01
1.873817e+01 1.167468e-01
2.310130e+01 1.165338e-01
2.848036e+01 1.156043e-01
3.511192e+01 1.138373e-01
4.328761e+01 1.111181e-01
5.336699e+01 1.073507e-01
6.579332e+01 1.024725e-01
8.111308e+01 9.647207e-02
1.000000e+02 8.940504e-02
1.232847e+02 8.140605e-02
1.519911e+02 7.269112e-02
1.873817e+02 6.354740e-02
2.310130e+02 5.430868e-02
2.848036e+02 4.531943e-02
3.511192e+02 3.689416e-02
4.328761e+02 2.928142e-02
5.336699e+02 2.264104e-02
6.579332e+02 1.703906e-02
8.111308e+02 1.245944e-02
1.000000e+03 8.826648e-03
1.232847e+03 6.031236e-03
1.519911e+03 3.951117e-03
1.873817e+03 2.464428e-03
2.310130e+03 1.454112e-03
2.848036e+03 8.085541e-04
3.511192e+03 4.240116e-04
4.328761e+03 2.109453e-04
5.336699e+03 1.005360e-04
6.579332e+03 4.641559e-05
8.111308e+03 2.097124e-05
1.000000e+04 9.347037e-06
1.232847e+04 4.132681e-06
1.519911e+04 1.819007e-06
1.873817e+04 7.987114e-07
2.310130e+04 3.502714e-07
2.848036e+04 1.535143e-07
3.511192e+04 6.726055e-08
4.328761e+04 2.946516e-08
5.336699e+04 1.290706e-08
6.579332e+04 5.653689e-09
8.111308e+04 2.476454e-09
1.000000e+05 1.084740e-09
1.232847e+05 4.751378e-10
1.519911e+05 2.081196e-10
1.873817e+05 9.116041e-11
2.310130e+05 3.993000e-11
2.848036e+05 1.749010e-11
3.511192e+05 7.660999e-12
4.328761e+05 3.355663e-12
5.336699e+05 1.469845e-12
6.579332e+05 6.438199e-13
8.111308e+05 2.820054e-13
1.000000e+06 1.235237e-13
1.232847e+06 5.410574e-14
1.519911e+06 2.369935e-14
1.873817e+06 1.038076e-14
2.310130e+06 4.546972e-15
2.848036e+06 1.991661e-15
3.511192e+06 8.723852e-16
4.328761e+06 3.821213e-16
5.336699e+06 1.673764e-16
6.579332e+06 7.331406e-17
8.111308e+06 3.211295e-17
1.000000e+07 1.406609e-17
