1.000000e-02 2.838306e-03
1.232847e-02 3.037435e-03
1.519911e-02 3.250535e-03
1.873817e-02 3.478586e-03
2.310130e-02 3.722636e-03
2.848036e-02 3.983808e-03
3.511192e-02 4.263303e-03
4.328761e-02 4.562407e-03
5.336699e-02 4.882496e-03
6.579332e-02 5.225041e-03
8.111308e-02 5.591619e-03
1.000000e-01 5.983915e-03
1.232847e-01 6.403733e-03
1.519911e-01 6.853005e-03
1.873817e-01 7.333797e-03
2.310130e-01 7.848320e-03
2.848036e-01 8.398942e-03
3.511192e-01 8.988193e-03
4.328761e-01 9.618786e-03
5.336699e-01 1.029362e-02
6.579332e-01 1.101581e-02
8.111308e-01 1.178867e-02
1.000000e+00 1.261577e-02
1.232847e+00 1.350093e-02
1.519911e+00 1.444825e-02
1.873817e+00 1.546212e-02
2.310130e+00 1.654728e-02
2.848036e+00 1.770878e-02
3.511192e+00 1.895208e-02
4.328761e+00 2.028303e-02
5.336699e+00 2.170787e-02
6.579332e+00 2.323329e-02
8.111308e+00 2.486638e-02
1.000000e+01 2.661460e-02
1.232847e+01 2.848575e-02
1.519911e+01 3.048780e-02
1.873817e+01 3.262877e-02
2.310130e+01 3.491646e-02
2.848036e+01 3.735805e-02
3.511192e+01 3.995971e-02
4.328761e+01 4.272591e-02
5.336699e+01 4.565867e-02
6.579332e+01 4.875665e-02
8.111308e+01 5.201400e-02
1.000000e+02 5.541923e-02
1.232847e+02 5.895394e-02
1.519911e+02 6.259168e-02
1.873817e+02 6.629711e-02
2.310130e+02 7.002566e-02
2.848036e+02 7.372402e-02
3.511192e+02 7.733176e-02
4.328761e+02 8.078441e-02
5.336699e+02 8.401804e-02
6.579332e+02 8.697552e-02
8.111308e+02 8.961405e-02
1.000000e+03 9.191338e-02
1.232847e+03 9.388412e-02
1.519911e+03 9.557510e-02
1.873817e+03 9.707928e-02
2.310130e+03 9.853783e-02
2.848036e+03 1.001429e-01
3.511192e+03 1.021403e-01
4.328761e+03 1.048329e-01
5.336699e+03 1.085877e-01
6.579332e+03 1.138449e-01
8.111308e+03 1.211269e-01
1.000000e+04 1.310342e-01
1.232847e+04 1.441960e-01
1.519911e+04 1.611042e-01
1.873817e+04 1.816907e-01
2.310130e+04 2.044312e-01
2.848036e+04 2.248502e-01
3.511192e+04 2.340500e-01
4.328761e+04 2.199670e-01
5.336699e+04 1.756429e-01
6.579332e+04 1.116827e-01
8.111308e+04 5.397766e-02
1.000000e+05 1.979212e-02
1.232847e+05 5.784622e-03
1.519911e+05 1.453219e-03
1.873817e+05 3.358054e-04
2.310130e+05 7.460868e-05
2.848036e+05 1.631132e-05
3.511192e+05 3.545028e-06
4.328761e+05 7.689382e-07
5.336699e+05 1.666854e-07
6.579332e+05 3.612658e-08
8.111308e+05 7.829515e-09
1.000000e+06 1.696826e-09
1.232847e+06 3.677378e-10
1.519911e+06 7.969646e-11
1.873817e+06 1.727188e-11
2.310130e+06 3.743176e-12
2.848036e+06 8.112240e-13
3.511192e+06 1.758091e-13
4.328761e+06 3.810149e-14
5.336699e+06 8.257384e-15
6.579332e+06 1.789547e-15
8.111308e+06 3.878320e-16
1.000000e+07 8.405126e-17
