1.000000e-02 1.713853e-02
1.232847e-02 1.808693e-02
1.519911e-02 1.908782e-02
1.873817e-02 2.014408e-02
2.310130e-02 2.125880e-02
2.848036e-02 2.243521e-02
3.511192e-02 2.367672e-02
4.328761e-02 2.498692e-02
5.336699e-02 2.636963e-02
6.579332e-02 2.782886e-02
8.111308e-02 2.936883e-02
1.000000e-01 3.099402e-02
1.232847e-01 3.270915e-02
1.519911e-01 3.451919e-02
1.873817e-01 3.642939e-02
2.310130e-01 3.844529e-02
2.848036e-01 4.057276e-02
3.511192e-01 4.281796e-02
4.328761e-01 4.518743e-02
5.336699e-01 4.768809e-02
6.579332e-01 5.032729e-02
8.111308e-01 5.311287e-02
1.000000e+00 5.605321e-02
1.232847e+00 5.915732e-02
1.519911e+00 6.243488e-02
1.873817e+00 6.589627e-02
2.310130e+00 6.955253e-02
2.848036e+00 7.341512e-02
3.511192e+00 7.749563e-02
4.328761e+00 8.180505e-02
5.336699e+00 8.635275e-02
6.579332e+00 9.114486e-02
8.111308e+00 9.618204e-02
1.000000e+01 1.014563e-01
1.232847e+01 1.069469e-01
1.519911e+01 1.126154e-01
1.873817e+01 1.183991e-01
2.310130e+01 1.242040e-01
2.848036e+01 1.298979e-01
3.511192e+01 1.353031e-01
4.328761e+01 1.401927e-01
5.336699e+01 1.442903e-01
6.579332e+01 1.472777e-01
8.111308e+01 1.488115e-01
1.000000e+02 1.485517e-01
1.232847e+02 1.462015e-01
1.519911e+02 1.415552e-01
1.873817e+02 1.345467e-01
2.310130e+02 1.252879e-01
2.848036e+02 1.140858e-01
3.511192e+02 1.014278e-01
4.328761e+02 8.793294e-02
5.336699e+02 7.427791e-02
6.579332e+02 6.111149e-02
8.111308e+02 4.897770e-02
1.000000e+03 3.826299e-02
1.232847e+03 2.917544e-02
1.519911e+03 2.175467e-02
1.873817e+03 1.590481e-02
2.310130e+03 1.143911e-02
2.848036e+03 8.125669e-03
3.511192e+03 5.725713e-03
4.328761e+03 4.020334e-03
5.336699e+03 2.824902e-03
6.579332e+03 1.993391e-03
8.111308e+03 1.415994e-03
1.000000e+04 1.013337e-03
1.232847e+04 7.297862e-04
1.519911e+04 5.272799e-04
1.873817e+04 3.803086e-04
2.310130e+04 2.720940e-04
2.848036e+04 1.917682e-04
3.511192e+04 1.322875e-04
4.328761e+04 8.889473e-05
5.336699e+04 5.805824e-05
6.579332e+04 3.687086e-05
8.111308e+04 2.283103e-05
1.000000e+05 1.384161e-05
1.232847e+05 8.253803e-06
1.519911e+05 4.861709e-06
1.873817e+05 2.838899e-06
2.310130e+05 1.647939e-06
2.848036e+05 9.528777e-07
3.511192e+05 5.495958e-07
4.328761e+05 3.164930e-07
5.336699e+05 1.820794e-07
6.579332e+05 1.046886e-07
8.111308e+05 6.017036e-08
1.000000e+06 3.457589e-08
1.232847e+06 1.986596e-08
1.519911e+06 1.141337e-08
1.873817e+06 6.556920e-09
2.310130e+06 3.766825e-09
2.848036e+06 2.163940e-09
3.511192e+06 1.243117e-09
4.328761e+06 7.141292e-10
5.336699e+06 4.102428e-10
6.579332e+06 2.356702e-10
8.111308e+06 1.353843e-10
1.000000e+07 7.777356e-11
