1.000000e-02 6.087885e-03
1.232847e-02 6.416541e-03
1.519911e-02 6.762938e-03
1.873817e-02 7.128037e-03
2.310130e-02 7.512845e-03
2.848036e-02 7.918427e-03
3.511192e-02 8.345905e-03
4.328761e-02 8.796460e-03
5.336699e-02 9.271338e-03
6.579332e-02 9.771853e-03
8.111308e-02 1.029939e-02
1.000000e-01 1.085540e-02
1.232847e-01 1.144143e-02
1.519911e-01 1.205910e-02
1.873817e-01 1.271011e-02
2.310130e-01 1.339627e-02
2.848036e-01 1.411947e-02
3.511192e-01 1.488171e-02
4.328761e-01 1.568510e-02
5.336699e-01 1.653186e-02
6.579332e-01 1.742434e-02
8.111308e-01 1.836499e-02
1.000000e+00 1.935641e-02
1.232847e+00 2.040135e-02
1.519911e+00 2.150269e-02
1.873817e+00 2.266347e-02
2.310130e+00 2.388689e-02
2.848036e+00 2.517633e-02
3.511192e+00 2.653538e-02
4.328761e+00 2.796781e-02
5.336699e+00 2.947763e-02
6.579332e+00 3.106909e-02
8.111308e+00 3.274673e-02
1.000000e+01 3.451538e-02
1.232847e+01 3.638020e-02
1.519911e+01 3.834675e-02
1.873817e+01 4.042096e-02
2.310130e+01 4.260922e-02
2.848036e+01 4.491838e-02
3.511192e+01 4.735578e-02
4.328761e+01 4.992926e-02
5.336699e+01 5.264715e-02
6.579332e+01 5.551819e-02
8.111308e+01 5.855154e-02
1.000000e+02 6.175656e-02
1.232847e+02 6.514268e-02
1.519911e+02 6.871912e-02
1.873817e+02 7.249454e-02
2.310130e+02 7.647650e-02
2.848036e+02 8.067094e-02
3.511192e+02 8.508133e-02
4.328761e+02 8.970768e-02
5.336699e+02 9.454542e-02
6.579332e+02 9.958385e-02
8.111308e+02 1.048044e-01
1.000000e+03 1.101787e-01
1.232847e+03 1.156656e-01
1.519911e+03 1.212087e-01
1.873817e+03 1.267328e-01
2.310130e+03 1.321395e-01
2.848036e+03 1.373034e-01
3.511192e+03 1.420665e-01
4.328761e+03 1.462341e-01
5.336699e+03 1.495704e-01
6.579332e+03 1.517971e-01
8.111308e+03 1.525969e-01
1.000000e+04 1.516259e-01
1.232847e+04 1.485392e-01
1.519911e+04 1.430347e-01
1.873817e+04 1.349157e-01
2.310130e+04 1.241669e-01
2.848036e+04 1.110271e-01
3.511192e+04 9.603031e-02
4.328761e+04 7.998650e-02
5.336699e+04 6.388408e-02
6.579332e+04 4.872835e-02
8.111308e+04 3.536144e-02
1.000000e+05 2.432358e-02
1.232847e+05 1.579923e-02
1.519911e+05 9.653349e-03
1.873817e+05 5.528590e-03
2.310130e+05 2.961430e-03
2.848036e+05 1.484805e-03
3.511192e+05 7.003104e-04
4.328761e+05 3.136025e-04
5.336699e+05 1.349178e-04
6.579332e+05 5.643351e-05
8.111308e+05 2.318171e-05
1.000000e+06 9.420654e-06
1.232847e+06 3.805578e-06
1.519911e+06 1.532495e-06
1.873817e+06 6.161665e-07
2.310130e+06 2.475552e-07
2.848036e+06 9.942513e-08
3.511192e+06 3.992583e-08
4.328761e+06 1.603184e-08
5.336699e+06 6.437271e-09
6.579332e+06 2.584735e-09
8.111308e+06 1.037837e-09
1.000000e+07 4.167178e-10
