1.000000e-02 1.628932e-02
1.232847e-02 1.691325e-02
1.519911e-02 1.756107e-02
1.873817e-02 1.823371e-02
2.310130e-02 1.893210e-02
2.848036e-02 1.965725e-02
3.511192e-02 2.041018e-02
4.328761e-02 2.119194e-02
5.336699e-02 2.200365e-02
6.579332e-02 2.284645e-02
8.111308e-02 2.372152e-02
1.000000e-01 2.463012e-02
1.232847e-01 2.557352e-02
1.519911e-01 2.655305e-02
1.873817e-01 2.757010e-02
2.310130e-01 2.862611e-02
2.848036e-01 2.972256e-02
3.511192e-01 3.086100e-02
4.328761e-01 3.204301e-02
5.336699e-01 3.327021e-02
6.579332e-01 3.454422e-02
8.111308e-01 3.586662e-02
1.000000e+00 3.723890e-02
1.232847e+00 3.866235e-02
1.519911e+00 4.013796e-02
1.873817e+00 4.166631e-02
2.310130e+00 4.324743e-02
2.848036e+00 4.488062e-02
3.511192e+00 4.656431e-02
4.328761e+00 4.829594e-02
5.336699e+00 5.007185e-02
6.579332e+00 5.188719e-02
8.111308e+00 5.373595e-02
1.000000e+01 5.561098e-02
1.232847e+01 5.750422e-02
1.519911e+01 5.940687e-02
1.873817e+01 6.130984e-02
2.310130e+01 6.320415e-02
2.848036e+01 6.508149e-02
3.511192e+01 6.693481e-02
4.328761e+01 6.875899e-02
5.336699e+01 7.055139e-02
6.579332e+01 7.231247e-02
8.111308e+01 7.404622e-02
1.000000e+02 7.576050e-02
1.232847e+02 7.746714e-02
1.519911e+02 7.918194e-02
1.873817e+02 8.092432e-02
2.310130e+02 8.271689e-02
2.848036e+02 8.458469e-02
3.511192e+02 8.655419e-02
4.328761e+02 8.865202e-02
5.336699e+02 9.090344e-02
6.579332e+02 9.333027e-02
8.111308e+02 9.594845e-02
1.000000e+03 9.876481e-02
1.232847e+03 1.017732e-01
1.519911e+03 1.049494e-01
1.873817e+03 1.082451e-01
2.310130e+03 1.115809e-01
2.848036e+03 1.148383e-01
3.511192e+03 1.178514e-01
4.328761e+03 1.204007e-01
5.336699e+03 1.222091e-01
6.579332e+03 1.229465e-01
8.111308e+03 1.222437e-01
1.000000e+04 1.197240e-01
1.232847e+04 1.150533e-01
1.519911e+04 1.080099e-01
1.873817e+04 9.856595e-02
2.310130e+04 8.696184e-02
2.848036e+04 7.374465e-02
3.511192e+04 5.973977e-02
4.328761e+04 4.593825e-02
5.336699e+04 3.331613e-02
6.579332e+04 2.263902e-02
8.111308e+04 1.432045e-02
1.000000e+05 8.382035e-03
1.232847e+05 4.520129e-03
1.519911e+05 2.243868e-03
1.873817e+05 1.030103e-03
2.310130e+05 4.419748e-04
2.848036e+05 1.798787e-04
3.511192e+05 7.053927e-05
4.328761e+05 2.701510e-05
5.336699e+05 1.020451e-05
6.579332e+05 3.825994e-06
8.111308e+05 1.429093e-06
1.000000e+06 5.328353e-07
1.232847e+06 1.985030e-07
1.519911e+06 7.392360e-08
1.873817e+06 2.752528e-08
2.310130e+06 1.024831e-08
2.848036e+06 3.815589e-09
3.511192e+06 1.420582e-09
4.328761e+06 5.288950e-10
5.336699e+06 1.969118e-10
6.579332e+06 7.331182e-11
8.111308e+06 2.729456e-11
1.000000e+07 1.016198e-11
