1.000000e-02 8.490196e-03
1.232847e-02 8.945558e-03
1.519911e-02 9.425343e-03
1.873817e-02 9.930861e-03
2.310130e-02 1.046349e-02
2.848036e-02 1.102469e-02
3.511192e-02 1.161599e-02
4.328761e-02 1.223900e-02
5.336699e-02 1.289542e-02
6.579332e-02 1.358705e-02
8.111308e-02 1.431578e-02
1.000000e-01 1.508359e-02
1.232847e-01 1.589258e-02
1.519911e-01 1.674496e-02
1.873817e-01 1.764306e-02
2.310130e-01 1.858933e-02
2.848036e-01 1.958634e-02
3.511192e-01 2.063684e-02
4.328761e-01 2.174367e-02
5.336699e-01 2.290988e-02
6.579332e-01 2.413865e-02
8.111308e-01 2.543336e-02
1.000000e+00 2.679758e-02
1.232847e+00 2.823509e-02
1.519911e+00 2.974993e-02
1.873817e+00 3.134638e-02
2.310130e+00 3.302905e-02
2.848036e+00 3.480288e-02
3.511192e+00 3.667319e-02
4.328761e+00 3.864575e-02
5.336699e+00 4.072680e-02
6.579332e+00 4.292312e-02
8.111308e+00 4.524203e-02
1.000000e+01 4.769147e-02
1.232847e+01 5.027998e-02
1.519911e+01 5.301668e-02
1.873817e+01 5.591118e-02
2.310130e+01 5.897349e-02
2.848036e+01 6.221378e-02
3.511192e+01 6.564208e-02
4.328761e+01 6.926780e-02
5.336699e+01 7.309915e-02
6.579332e+01 7.714230e-02
8.111308e+01 8.140031e-02
1.000000e+02 8.587180e-02
1.232847e+02 9.054936e-02
1.519911e+02 9.541753e-02
1.873817e+02 1.004506e-01
2.310130e+02 1.056101e-01
2.848036e+02 1.108420e-01
3.511192e+02 1.160745e-01
4.328761e+02 1.212151e-01
5.336699e+02 1.261495e-01
6.579332e+02 1.307407e-01
8.111308e+02 1.348301e-01
1.000000e+03 1.382406e-01
1.232847e+03 1.407823e-01
1.519911e+03 1.422607e-01
1.873817e+03 1.424882e-01
2.310130e+03 1.412980e-01
2.848036e+03 1.385587e-01
3.511192e+03 1.341908e-01
4.328761e+03 1.281808e-01
5.336699e+03 1.205935e-01
6.579332e+03 1.115799e-01
8.111308e+03 1.013780e-01
1.000000e+04 9.030709e-02
1.232847e+04 7.875097e-02
1.519911e+04 6.713135e-02
1.873817e+04 5.587211e-02
2.310130e+04 4.535886e-02
2.848036e+04 3.590066e-02
3.511192e+04 2.770197e-02
4.328761e+04 2.085081e-02
5.336699e+04 1.532547e-02
6.579332e+04 1.101693e-02
8.111308e+04 7.760126e-03
1.000000e+05 5.366203e-03
1.232847e+05 3.649049e-03
1.519911e+05 2.442839e-03
1.873817e+05 1.610479e-03
2.310130e+05 1.044956e-03
2.848036e+05 6.663135e-04
3.511192e+05 4.166733e-04
4.328761e+05 2.549901e-04
5.336699e+05 1.524787e-04
6.579332e+05 8.907269e-05
8.111308e+05 5.089776e-05
1.000000e+06 2.852668e-05
1.232847e+06 1.573838e-05
1.519911e+06 8.579692e-06
1.873817e+06 4.637530e-06
2.310130e+06 2.492454e-06
2.848036e+06 1.334766e-06
3.511192e+06 7.132684e-07
4.328761e+06 3.807009e-07
5.336699e+06 2.030725e-07
6.579332e+06 1.082931e-07
8.111308e+06 5.774431e-08
1.000000e+07 3.079003e-08
