1.000000e-02 2.497624e-02
1.232847e-02 2.615858e-02
1.519911e-02 2.739688e-02
1.873817e-02 2.869380e-02
2.310130e-02 3.005212e-02
2.848036e-02 3.147474e-02
3.511192e-02 3.296470e-02
4.328761e-02 3.452520e-02
5.336699e-02 3.615956e-02
6.579332e-02 3.787130e-02
8.111308e-02 3.966407e-02
1.000000e-01 4.154170e-02
1.232847e-01 4.350821e-02
1.519911e-01 4.556782e-02
1.873817e-01 4.772493e-02
2.310130e-01 4.998415e-02
2.848036e-01 5.235030e-02
3.511192e-01 5.482844e-02
4.328761e-01 5.742379e-02
5.336699e-01 6.014175e-02
6.579332e-01 6.298775e-02
8.111308e-01 6.596712e-02
1.000000e+00 6.908481e-02
1.232847e+00 7.234494e-02
1.519911e+00 7.575028e-02
1.873817e+00 7.930142e-02
2.310130e+00 8.299582e-02
2.848036e+00 8.682648e-02
3.511192e+00 9.078052e-02
4.328761e+00 9.483743e-02
5.336699e+00 9.896717e-02
6.579332e+00 1.031282e-01
8.111308e+00 1.072656e-01
1.000000e+01 1.113094e-01
1.232847e+01 1.151738e-01
1.519911e+01 1.187568e-01
1.873817e+01 1.219416e-01
2.310130e+01 1.245998e-01
2.848036e+01 1.265967e-01
3.511192e+01 1.277981e-01
4.328761e+01 1.280808e-01
5.336699e+01 1.273434e-01
6.579332e+01 1.255182e-01
8.111308e+01 1.225829e-01
1.000000e+02 1.185689e-01
1.232847e+02 1.135656e-01
1.519911e+02 1.077186e-01
1.873817e+02 1.012203e-01
2.310130e+02 9.429352e-02
2.848036e+02 8.716954e-02
3.511192e+02 8.006134e-02
4.328761e+02 7.313581e-02
5.336699e+02 6.648597e-02
6.579332e+02 6.010520e-02
8.111308e+02 5.386581e-02
1.000000e+03 4.751162e-02
1.232847e+03 4.069272e-02
1.519911e+03 3.309886e-02
1.873817e+03 2.474418e-02
2.310130e+03 1.630356e-02
2.848036e+03 9.069021e-03
3.511192e+03 4.144021e-03
4.328761e+03 1.563876e-03
5.336699e+03 5.065099e-04
6.579332e+03 1.482896e-04
8.111308e+03 4.102992e-05
1.000000e+04 1.104429e-05
1.232847e+04 2.937457e-06
1.519911e+04 7.775667e-07
1.873817e+04 2.054669e-07
2.310130e+04 5.426024e-08
2.848036e+04 1.432632e-08
3.511192e+04 3.782334e-09
4.328761e+04 9.985660e-10
5.336699e+04 2.636277e-10
6.579332e+04 6.959928e-11
8.111308e+04 1.837461e-11
1.000000e+05 4.851003e-12
1.232847e+05 1.280693e-12
1.519911e+05 3.381101e-13
1.873817e+05 8.926301e-14
2.310130e+05 2.356595e-14
2.848036e+05 6.221545e-15
3.511192e+05 1.642523e-15
4.328761e+05 4.336356e-16
5.336699e+05 1.144823e-16
6.579332e+05 3.022397e-17
8.111308e+05 7.979302e-18
1.000000e+06 2.106581e-18
1.232847e+06 5.561495e-19
1.519911e+06 1.468267e-19
1.873817e+06 3.876308e-20
2.310130e+06 1.023367e-20
2.848036e+06 2.701749e-21
3.511192e+06 7.132771e-22
4.328761e+06 1.883092e-22
5.336699e+06 4.971471e-23
6.579332e+06 1.312497e-23
8.111308e+06 3.465067e-24
1.000000e+07 9.147975e-25
