1.000000e-02 9.932069e-03
1.232847e-02 1.043776e-02
1.519911e-02 1.096921e-02
1.873817e-02 1.152771e-02
2.310130e-02 1.211465e-02
2.848036e-02 1.273147e-02
3.511192e-02 1.337970e-02
4.328761e-02 1.406093e-02
5.336699e-02 1.477685e-02
6.579332e-02 1.552922e-02
8.111308e-02 1.631989e-02
1.000000e-01 1.715083e-02
1.232847e-01 1.802407e-02
1.519911e-01 1.894177e-02
1.873817e-01 1.990620e-02
2.310130e-01 2.091973e-02
2.848036e-01 2.198487e-02
3.511192e-01 2.310424e-02
4.328761e-01 2.428061e-02
5.336699e-01 2.551688e-02
6.579332e-01 2.681613e-02
8.111308e-01 2.818159e-02
1.000000e+00 2.961669e-02
1.232847e+00 3.112509e-02
1.519911e+00 3.271069e-02
1.873817e+00 3.437770e-02
2.310130e+00 3.613066e-02
2.848036e+00 3.797455e-02
3.511192e+00 3.991483e-02
4.328761e+00 4.195753e-02
5.336699e+00 4.410934e-02
6.579332e+00 4.637775e-02
8.111308e+00 4.877108e-02
1.000000e+01 5.129860e-02
1.232847e+01 5.397064e-02
1.519911e+01 5.679856e-02
1.873817e+01 5.979482e-02
2.310130e+01 6.297283e-02
2.848036e+01 6.634682e-02
3.511192e+01 6.993149e-02
4.328761e+01 7.374153e-02
5.336699e+01 7.779082e-02
6.579332e+01 8.209140e-02
8.111308e+01 8.665203e-02
1.000000e+02 9.147623e-02
1.232847e+02 9.655982e-02
1.519911e+02 1.018878e-01
1.873817e+02 1.074307e-01
2.310130e+02 1.131399e-01
2.848036e+02 1.189429e-01
3.511192e+02 1.247383e-01
4.328761e+02 1.303907e-01
5.336699e+02 1.357271e-01
6.579332e+02 1.405351e-01
8.111308e+02 1.445650e-01
1.000000e+03 1.475365e-01
1.232847e+03 1.491525e-01
1.519911e+03 1.491203e-01
1.873817e+03 1.471812e-01
2.310130e+03 1.431464e-01
2.848036e+03 1.369349e-01
3.511192e+03 1.286074e-01
4.328761e+03 1.183869e-01
5.336699e+03 1.066585e-01
6.579332e+03 9.394116e-02
8.111308e+03 8.083457e-02
1.000000e+04 6.794622e-02
1.232847e+04 5.581545e-02
1.519911e+04 4.485144e-02
1.873817e+04 3.529966e-02
2.310130e+04 2.724217e-02
2.848036e+04 2.062649e-02
3.511192e+04 1.531069e-02
4.328761e+04 1.111082e-02
5.336699e+04 7.840333e-03
6.579332e+04 5.335413e-03
8.111308e+04 3.464260e-03
1.000000e+05 2.121532e-03
1.232847e+05 1.213586e-03
1.519911e+05 6.454541e-04
1.873817e+05 3.200424e-04
2.310130e+05 1.493863e-04
2.848036e+05 6.655236e-05
3.511192e+05 2.870141e-05
4.328761e+05 1.212422e-05
5.336699e+05 5.059440e-06
6.579332e+05 2.097100e-06
8.111308e+05 8.661613e-07
1.000000e+06 3.571146e-07
1.232847e+06 1.471106e-07
1.519911e+06 6.057664e-08
1.873817e+06 2.493944e-08
2.310130e+06 1.026673e-08
2.848036e+06 4.226320e-09
3.511192e+06 1.739746e-09
4.328761e+06 7.161541e-10
5.336699e+06 2.947990e-10
6.579332e+06 1.213515e-10
8.111308e+06 4.995331e-11
1.000000e+07 2.056285e-11
