1.000000e-02 1.010008e-02
1.232847e-02 1.065250e-02
1.519911e-02 1.123514e-02
1.873817e-02 1.184964e-02
2.310130e-02 1.249775e-02
2.848036e-02 1.318132e-02
3.511192e-02 1.390227e-02
4.328761e-02 1.466265e-02
5.336699e-02 1.546462e-02
6.579332e-02 1.631046e-02
8.111308e-02 1.720255e-02
1.000000e-01 1.814344e-02
1.232847e-01 1.913580e-02
1.519911e-01 2.018243e-02
1.873817e-01 2.128630e-02
2.310130e-01 2.245055e-02
2.848036e-01 2.367848e-02
3.511192e-01 2.497357e-02
4.328761e-01 2.633951e-02
5.336699e-01 2.778016e-02
6.579332e-01 2.929965e-02
8.111308e-01 3.090232e-02
1.000000e+00 3.259278e-02
1.232847e+00 3.437596e-02
1.519911e+00 3.625711e-02
1.873817e+00 3.824188e-02
2.310130e+00 4.033633e-02
2.848036e+00 4.254701e-02
3.511192e+00 4.488099e-02
4.328761e+00 4.734593e-02
5.336699e+00 4.995006e-02
6.579332e+00 5.270221e-02
8.111308e+00 5.561173e-02
1.000000e+01 5.868841e-02
1.232847e+01 6.194226e-02
1.519911e+01 6.538321e-02
1.873817e+01 6.902063e-02
2.310130e+01 7.286273e-02
2.848036e+01 7.691562e-02
3.511192e+01 8.118221e-02
4.328761e+01 8.566071e-02
5.336699e+01 9.034283e-02
6.579332e+01 9.521158e-02
8.111308e+01 1.002387e-01
1.000000e+02 1.053818e-01
1.232847e+02 1.105814e-01
1.519911e+02 1.157580e-01
1.873817e+02 1.208096e-01
2.310130e+02 1.256102e-01
2.848036e+02 1.300096e-01
3.511192e+02 1.338360e-01
4.328761e+02 1.369007e-01
5.336699e+02 1.390065e-01
6.579332e+02 1.399603e-01
8.111308e+02 1.395872e-01
1.000000e+03 1.377488e-01
1.232847e+03 1.343601e-01
1.519911e+03 1.294056e-01
1.873817e+03 1.229499e-01
2.310130e+03 1.151417e-01
2.848036e+03 1.062083e-01
3.511192e+03 9.644106e-02
4.328761e+03 8.617378e-02
5.336699e+03 7.575504e-02
6.579332e+03 6.552005e-02
8.111308e+03 5.576483e-02
1.000000e+04 4.672655e-02
1.232847e+04 3.857194e-02
1.519911e+04 3.139462e-02
1.873817e+04 2.522059e-02
2.310130e+04 2.001959e-02
2.848036e+04 1.571988e-02
3.511192e+04 1.222372e-02
4.328761e+04 9.421222e-03
5.336699e+04 7.201463e-03
6.579332e+04 5.460343e-03
8.111308e+04 4.105278e-03
1.000000e+05 3.057324e-03
1.232847e+05 2.251404e-03
1.519911e+05 1.635279e-03
1.873817e+05 1.167824e-03
2.310130e+05 8.169957e-04
2.848036e+05 5.577832e-04
3.511192e+05 3.703525e-04
4.328761e+05 2.385581e-04
5.336699e+05 1.489408e-04
6.579332e+05 9.022610e-05
8.111308e+05 5.318945e-05
1.000000e+06 3.064503e-05
1.232847e+06 1.734021e-05
1.519911e+06 9.681762e-06
1.873817e+06 5.355703e-06
2.310130e+06 2.944517e-06
2.848036e+06 1.612666e-06
3.511192e+06 8.812264e-07
4.328761e+06 4.809306e-07
5.336699e+06 2.622997e-07
6.579332e+06 1.430171e-07
8.111308e+06 7.797118e-08
1.000000e+07 4.250815e-08
