1.000000e-02 2.808830e-02
1.232847e-02 2.937657e-02
1.519911e-02 3.072393e-02
1.873817e-02 3.213308e-02
2.310130e-02 3.360687e-02
2.848036e-02 3.514825e-02
3.511192e-02 3.676032e-02
4.328761e-02 3.844634e-02
5.336699e-02 4.020968e-02
6.579332e-02 4.205390e-02
8.111308e-02 4.398270e-02
1.000000e-01 4.599997e-02
1.232847e-01 4.810976e-02
1.519911e-01 5.031632e-02
1.873817e-01 5.262407e-02
2.310130e-01 5.503768e-02
2.848036e-01 5.756196e-02
3.511192e-01 6.020198e-02
4.328761e-01 6.296292e-02
5.336699e-01 6.585007e-02
6.579332e-01 6.886864e-02
8.111308e-01 7.202348e-02
1.000000e+00 7.531866e-02
1.232847e+00 7.875682e-02
1.519911e+00 8.233829e-02
1.873817e+00 8.605991e-02
2.310130e+00 8.991356e-02
2.848036e+00 9.388432e-02
3.511192e+00 9.794837e-02
4.328761e+00 1.020707e-01
5.336699e+00 1.062026e-01
6.579332e+00 1.102793e-01
8.111308e+00 1.142185e-01
1.000000e+01 1.179185e-01
1.232847e+01 1.212592e-01
1.519911e+01 1.241043e-01
1.873817e+01 1.263053e-01
2.310130e+01 1.277095e-01
2.848036e+01 1.281698e-01
3.511192e+01 1.275574e-01
4.328761e+01 1.257752e-01
5.336699e+01 1.227716e-01
6.579332e+01 1.185502e-01
8.111308e+01 1.131774e-01
1.000000e+02 1.067812e-01
1.232847e+02 9.954526e-02
1.519911e+02 9.169502e-02
1.873817e+02 8.347972e-02
2.310130e+02 7.515197e-02
2.848036e+02 6.694813e-02
3.511192e+02 5.907224e-02
4.328761e+02 5.168516e-02
5.336699e+02 4.489976e-02
6.579332e+02 3.878168e-02
8.111308e+02 3.335437e-02
1.000000e+03 2.860691e-02
1.232847e+03 2.450285e-02
1.519911e+03 2.098886e-02
1.873817e+03 1.800233e-02
2.310130e+03 1.547732e-02
2.848036e+03 1.334897e-02
3.511192e+03 1.155634e-02
4.328761e+03 1.004412e-02
5.336699e+03 8.763295e-03
6.579332e+03 7.671312e-03
8.111308e+03 6.731847e-03
1.000000e+04 5.914387e-03
1.232847e+04 5.193793e-03
1.519911e+04 4.549886e-03
1.873817e+04 3.967087e-03
2.310130e+04 3.434081e-03
2.848036e+04 2.943451e-03
3.511192e+04 2.491199e-03
4.328761e+04 2.076108e-03
5.336699e+04 1.698923e-03
6.579332e+04 1.361412e-03
8.111308e+04 1.065432e-03
1.000000e+05 8.121373e-04
1.232847e+05 6.014260e-04
1.519911e+05 4.316749e-04
1.873817e+05 2.997315e-04
2.310130e+05 2.011261e-04
2.848036e+05 1.304649e-04
3.511192e+05 8.196550e-05
4.328761e+05 5.004614e-05
5.336699e+05 2.983182e-05
6.579332e+05 1.744673e-05
8.111308e+05 1.005857e-05
1.000000e+06 5.740143e-06
1.232847e+06 3.252980e-06
1.519911e+06 1.835075e-06
1.873817e+06 1.032214e-06
2.310130e+06 5.795863e-07
2.848036e+06 3.250978e-07
3.511192e+06 1.822443e-07
4.328761e+06 1.021307e-07
5.336699e+06 5.722557e-08
6.579332e+06 3.206224e-08
8.111308e+06 1.796334e-08
1.000000e+07 1.006418e-08
