1.000000e-02 1.761461e-02
1.232847e-02 1.822889e-02
1.519911e-02 1.886460e-02
1.873817e-02 1.952247e-02
2.310130e-02 2.020329e-02
2.848036e-02 2.090785e-02
3.511192e-02 2.163699e-02
4.328761e-02 2.239155e-02
5.336699e-02 2.317242e-02
6.579332e-02 2.398052e-02
8.111308e-02 2.481681e-02
1.000000e-01 2.568226e-02
1.232847e-01 2.657790e-02
1.519911e-01 2.750476e-02
1.873817e-01 2.846395e-02
2.310130e-01 2.945659e-02
2.848036e-01 3.048385e-02
3.511192e-01 3.154691e-02
4.328761e-01 3.264702e-02
5.336699e-01 3.378541e-02
6.579332e-01 3.496332e-02
8.111308e-01 3.618192e-02
1.000000e+00 3.744228e-02
1.232847e+00 3.874527e-02
1.519911e+00 4.009148e-02
1.873817e+00 4.148108e-02
2.310130e+00 4.291368e-02
2.848036e+00 4.438822e-02
3.511192e+00 4.590275e-02
4.328761e+00 4.745433e-02
5.336699e+00 4.903885e-02
6.579332e+00 5.065095e-02
8.111308e+00 5.228388e-02
1.000000e+01 5.392950e-02
1.232847e+01 5.557829e-02
1.519911e+01 5.721943e-02
1.873817e+01 5.884098e-02
2.310130e+01 6.043012e-02
2.848036e+01 6.197354e-02
3.511192e+01 6.345779e-02
4.328761e+01 6.486987e-02
5.336699e+01 6.619772e-02
6.579332e+01 6.743088e-02
8.111308e+01 6.856105e-02
1.000000e+02 6.958273e-02
1.232847e+02 7.049372e-02
1.519911e+02 7.129565e-02
1.873817e+02 7.199432e-02
2.310130e+02 7.260003e-02
2.848036e+02 7.312770e-02
3.511192e+02 7.359698e-02
4.328761e+02 7.403224e-02
5.336699e+02 7.446246e-02
6.579332e+02 7.492110e-02
8.111308e+02 7.544598e-02
1.000000e+03 7.607913e-02
1.232847e+03 7.686662e-02
1.519911e+03 7.785835e-02
1.873817e+03 7.910774e-02
2.310130e+03 8.067114e-02
2.848036e+03 8.260655e-02
3.511192e+03 8.497141e-02
4.328761e+03 8.781842e-02
5.336699e+03 9.118840e-02
6.579332e+03 9.509844e-02
8.111308e+03 9.952299e-02
1.000000e+04 1.043653e-01
1.232847e+04 1.094172e-01
1.519911e+04 1.143072e-01
1.873817e+04 1.184462e-01
2.310130e+04 1.209898e-01
2.848036e+04 1.208630e-01
3.511192e+04 1.169050e-01
4.328761e+04 1.081884e-01
5.336699e+04 9.448865e-02
6.579332e+04 7.672310e-02
8.111308e+04 5.703234e-02
1.000000e+05 3.824098e-02
1.232847e+05 2.283326e-02
1.519911e+05 1.203274e-02
1.873817e+05 5.584869e-03
2.310130e+05 2.301009e-03
2.848036e+05 8.572948e-04
3.511192e+05 2.962780e-04
4.328761e+05 9.744818e-05
5.336699e+05 3.113712e-05
6.579332e+05 9.798691e-06
8.111308e+05 3.061102e-06
1.000000e+06 9.531732e-07
1.232847e+06 2.963975e-07
1.519911e+06 9.211774e-08
1.873817e+06 2.862354e-08
2.310130e+06 8.893465e-09
2.848036e+06 2.763168e-09
3.511192e+06 8.584985e-10
4.328761e+06 2.667292e-10
5.336699e+06 8.287073e-11
6.579332e+06 2.574730e-11
8.111308e+06 7.999485e-12
1.000000e+07 2.485378e-12
