1.000000e-02 1.108423e-02
1.232847e-02 1.162466e-02
1.519911e-02 1.219144e-02
1.873817e-02 1.278586e-02
2.310130e-02 1.340925e-02
2.848036e-02 1.406305e-02
3.511192e-02 1.474871e-02
4.328761e-02 1.546781e-02
5.336699e-02 1.622197e-02
6.579332e-02 1.701290e-02
8.111308e-02 1.784239e-02
1.000000e-01 1.871233e-02
1.232847e-01 1.962468e-02
1.519911e-01 2.058152e-02
1.873817e-01 2.158501e-02
2.310130e-01 2.263742e-02
2.848036e-01 2.374115e-02
3.511192e-01 2.489869e-02
4.328761e-01 2.611267e-02
5.336699e-01 2.738586e-02
6.579332e-01 2.872115e-02
8.111308e-01 3.012160e-02
1.000000e+00 3.159046e-02
1.232847e+00 3.313116e-02
1.519911e+00 3.474740e-02
1.873817e+00 3.644313e-02
2.310130e+00 3.822268e-02
2.848036e+00 4.009075e-02
3.511192e+00 4.205257e-02
4.328761e+00 4.411394e-02
5.336699e+00 4.628137e-02
6.579332e+00 4.856216e-02
8.111308e+00 5.096458e-02
1.000000e+01 5.349791e-02
1.232847e+01 5.617262e-02
1.519911e+01 5.900039e-02
1.873817e+01 6.199417e-02
2.310130e+01 6.516813e-02
2.848036e+01 6.853751e-02
3.511192e+01 7.211834e-02
4.328761e+01 7.592694e-02
5.336699e+01 7.997917e-02
6.579332e+01 8.428936e-02
8.111308e+01 8.886872e-02
1.000000e+02 9.372336e-02
1.232847e+02 9.885155e-02
1.519911e+02 1.042403e-01
1.873817e+02 1.098612e-01
2.310130e+02 1.156653e-01
2.848036e+02 1.215781e-01
3.511192e+02 1.274930e-01
4.328761e+02 1.332665e-01
5.336699e+02 1.387141e-01
6.579332e+02 1.436082e-01
8.111308e+02 1.476816e-01
1.000000e+03 1.506352e-01
1.232847e+03 1.521542e-01
1.519911e+03 1.519304e-01
1.873817e+03 1.496922e-01
2.310130e+03 1.452378e-01
2.848036e+03 1.384678e-01
3.511192e+03 1.294131e-01
4.328761e+03 1.182522e-01
5.336699e+03 1.053167e-01
6.579332e+03 9.108377e-02
8.111308e+03 7.615474e-02
1.000000e+04 6.121983e-02
1.232847e+04 4.700529e-02
1.519911e+04 3.420084e-02
1.873817e+04 2.336986e-02
2.310130e+04 1.485533e-02
2.848036e+04 8.709209e-03
3.511192e+04 4.683758e-03
4.328761e+04 2.311664e-03
5.336699e+04 1.055322e-03
6.579332e+04 4.519953e-04
8.111308e+04 1.847284e-04
1.000000e+05 7.318973e-05
1.232847e+05 2.845895e-05
1.519911e+05 1.095066e-05
1.873817e+05 4.190728e-06
2.310130e+05 1.599441e-06
2.848036e+05 6.096717e-07
3.511192e+05 2.322600e-07
4.328761e+05 8.845925e-08
5.336699e+05 3.368723e-08
6.579332e+05 1.282826e-08
8.111308e+05 4.884974e-09
1.000000e+06 1.860173e-09
1.232847e+06 7.083425e-10
1.519911e+06 2.697321e-10
1.873817e+06 1.027121e-10
2.310130e+06 3.911207e-11
2.848036e+06 1.489361e-11
3.511192e+06 5.671382e-12
4.328761e+06 2.159623e-12
5.336699e+06 8.223694e-13
6.579332e+06 3.131526e-13
8.111308e+06 1.192463e-13
1.000000e+07 4.540817e-14
