1.000000e-02 1.665726e-02
1.232847e-02 1.751301e-02
1.519911e-02 1.841271e-02
1.873817e-02 1.935864e-02
2.310130e-02 2.035317e-02
2.848036e-02 2.139878e-02
3.511192e-02 2.249812e-02
4.328761e-02 2.365393e-02
5.336699e-02 2.486912e-02
6.579332e-02 2.614673e-02
8.111308e-02 2.748999e-02
1.000000e-01 2.890225e-02
1.232847e-01 3.038706e-02
1.519911e-01 3.194816e-02
1.873817e-01 3.358945e-02
2.310130e-01 3.531507e-02
2.848036e-01 3.712933e-02
3.511192e-01 3.903680e-02
4.328761e-01 4.104228e-02
5.336699e-01 4.315079e-02
6.579332e-01 4.536765e-02
8.111308e-01 4.769845e-02
1.000000e+00 5.014909e-02
1.232847e+00 5.272575e-02
1.519911e+00 5.543495e-02
1.873817e+00 5.828347e-02
2.310130e+00 6.127834e-02
2.848036e+00 6.442670e-02
3.511192e+00 6.773560e-02
4.328761e+00 7.121175e-02
5.336699e+00 7.486100e-02
6.579332e+00 7.868778e-02
8.111308e+00 8.269416e-02
1.000000e+01 8.687869e-02
1.232847e+01 9.123486e-02
1.519911e+01 9.574918e-02
1.873817e+01 1.003988e-01
2.310130e+01 1.051486e-01
2.848036e+01 1.099484e-01
3.511192e+01 1.147293e-01
4.328761e+01 1.194007e-01
5.336699e+01 1.238474e-01
6.579332e+01 1.279286e-01
8.111308e+01 1.314784e-01
1.000000e+02 1.343092e-01
1.232847e+02 1.362196e-01
1.519911e+02 1.370058e-01
1.873817e+02 1.364788e-01
2.310130e+02 1.344836e-01
2.848036e+02 1.309216e-01
3.511192e+02 1.257702e-01
4.328761e+02 1.190976e-01
5.336699e+02 1.110680e-01
6.579332e+02 1.019348e-01
8.111308e+02 9.202176e-02
1.000000e+03 8.169335e-02
1.232847e+03 7.132069e-02
1.519911e+03 6.124733e-02
1.873817e+03 5.176148e-02
2.310130e+03 4.307803e-02
2.848036e+03 3.533205e-02
3.511192e+03 2.858260e-02
4.328761e+03 2.282417e-02
5.336699e+03 1.800242e-02
6.579332e+03 1.403080e-02
8.111308e+03 1.080580e-02
1.000000e+04 8.219247e-03
1.232847e+04 6.167349e-03
1.519911e+04 4.556296e-03
1.873817e+04 3.305071e-03
2.310130e+04 2.345911e-03
2.848036e+04 1.623074e-03
3.511192e+04 1.090564e-03
4.328761e+04 7.095946e-04
5.336699e+04 4.465505e-04
6.579332e+04 2.720208e-04
8.111308e+04 1.608748e-04
1.000000e+05 9.278678e-05
1.232847e+05 5.246309e-05
1.519911e+05 2.922714e-05
1.873817e+05 1.611284e-05
2.310130e+05 8.820451e-06
2.848036e+05 4.806405e-06
3.511192e+05 2.611567e-06
4.328761e+05 1.416509e-06
5.336699e+05 7.675066e-07
6.579332e+05 4.156021e-07
8.111308e+05 2.249673e-07
1.000000e+06 1.217512e-07
1.232847e+06 6.588364e-08
1.519911e+06 3.564959e-08
1.873817e+06 1.928930e-08
2.310130e+06 1.043686e-08
2.848036e+06 5.647020e-09
3.511192e+06 3.055387e-09
4.328761e+06 1.653149e-09
5.336699e+06 8.944527e-10
6.579332e+06 4.839522e-10
8.111308e+06 2.618469e-10
1.000000e+07 1.416747e-10
