1.000000e-02 6.467132e-03
1.232847e-02 6.839976e-03
1.519911e-02 7.234315e-03
1.873817e-02 7.651389e-03
2.310130e-02 8.092508e-03
2.848036e-02 8.559058e-03
3.511192e-02 9.052506e-03
4.328761e-02 9.574403e-03
5.336699e-02 1.012639e-02
6.579332e-02 1.071020e-02
8.111308e-02 1.132766e-02
1.000000e-01 1.198072e-02
1.232847e-01 1.267144e-02
1.519911e-01 1.340197e-02
1.873817e-01 1.417463e-02
2.310130e-01 1.499182e-02
2.848036e-01 1.585614e-02
3.511192e-01 1.677028e-02
4.328761e-01 1.773712e-02
5.336699e-01 1.875972e-02
6.579332e-01 1.984129e-02
8.111308e-01 2.098526e-02
1.000000e+00 2.219528e-02
1.232847e+00 2.347523e-02
1.519911e+00 2.482927e-02
1.873817e+00 2.626189e-02
2.310130e+00 2.777793e-02
2.848036e+00 2.938265e-02
3.511192e+00 3.108178e-02
4.328761e+00 3.288162e-02
5.336699e+00 3.478907e-02
6.579332e+00 3.681172e-02
8.111308e+00 3.895791e-02
1.000000e+01 4.123677e-02
1.232847e+01 4.365820e-02
1.519911e+01 4.623290e-02
1.873817e+01 4.897219e-02
2.310130e+01 5.188780e-02
2.848036e+01 5.499158e-02
3.511192e+01 5.829488e-02
4.328761e+01 6.180788e-02
5.336699e+01 6.553847e-02
6.579332e+01 6.949091e-02
8.111308e+01 7.366402e-02
1.000000e+02 7.804901e-02
1.232847e+02 8.262689e-02
1.519911e+02 8.736554e-02
1.873817e+02 9.221663e-02
2.310130e+02 9.711276e-02
2.848036e+02 1.019652e-01
3.511192e+02 1.066632e-01
4.328761e+02 1.110749e-01
5.336699e+02 1.150519e-01
6.579332e+02 1.184373e-01
8.111308e+02 1.210775e-01
1.000000e+03 1.228377e-01
1.232847e+03 1.236195e-01
1.519911e+03 1.233779e-01
1.873817e+03 1.221344e-01
2.310130e+03 1.199838e-01
2.848036e+03 1.170920e-01
3.511192e+03 1.136841e-01
4.328761e+03 1.100254e-01
5.336699e+03 1.063977e-01
6.579332e+03 1.030742e-01
8.111308e+03 1.002955e-01
1.000000e+04 9.824517e-02
1.232847e+04 9.701988e-02
1.519911e+04 9.658291e-02
1.873817e+04 9.668902e-02
2.310130e+04 9.677114e-02
2.848036e+04 9.581041e-02
3.511192e+04 9.228993e-02
4.328761e+04 8.446566e-02
5.336699e+04 7.123482e-02
6.579332e+04 5.345662e-02
8.111308e+04 3.453378e-02
1.000000e+05 1.879598e-02
1.232847e+05 8.612400e-03
1.519911e+05 3.396987e-03
1.873817e+05 1.197254e-03
2.310130e+05 3.921196e-04
2.848036e+05 1.231285e-04
3.511192e+05 3.783422e-05
4.328761e+05 1.150784e-05
5.336699e+05 3.484856e-06
6.579332e+05 1.053404e-06
8.111308e+05 3.182025e-07
1.000000e+06 9.609509e-08
1.232847e+06 2.901745e-08
1.519911e+06 8.762006e-09
1.873817e+06 2.645716e-09
2.310130e+06 7.988799e-10
2.848036e+06 2.412233e-10
3.511192e+06 7.283780e-11
4.328761e+06 2.199350e-11
5.336699e+06 6.640976e-12
6.579332e+06 2.005254e-12
8.111308e+06 6.054899e-13
1.000000e+07 1.828287e-13
