1.000000e-02 6.698064e-03
1.232847e-02 7.056022e-03
1.519911e-02 7.433111e-03
1.873817e-02 7.830352e-03
2.310130e-02 8.248823e-03
2.848036e-02 8.689657e-03
3.511192e-02 9.154051e-03
4.328761e-02 9.643263e-03
5.336699e-02 1.015862e-02
6.579332e-02 1.070152e-02
8.111308e-02 1.127343e-02
1.000000e-01 1.187590e-02
1.232847e-01 1.251058e-02
1.519911e-01 1.317917e-02
1.873817e-01 1.388349e-02
2.310130e-01 1.462546e-02
2.848036e-01 1.540707e-02
3.511192e-01 1.623046e-02
4.328761e-01 1.709785e-02
5.336699e-01 1.801159e-02
6.579332e-01 1.897418e-02
8.111308e-01 1.998820e-02
1.000000e+00 2.105643e-02
1.232847e+00 2.218177e-02
1.519911e+00 2.336729e-02
1.873817e+00 2.461624e-02
2.310130e+00 2.593205e-02
2.848036e+00 2.731838e-02
3.511192e+00 2.877912e-02
4.328761e+00 3.031840e-02
5.336699e+00 3.194067e-02
6.579332e+00 3.365068e-02
8.111308e+00 3.545357e-02
1.000000e+01 3.735485e-02
1.232847e+01 3.936051e-02
1.519911e+01 4.147701e-02
1.873817e+01 4.371133e-02
2.310130e+01 4.607103e-02
2.848036e+01 4.856422e-02
3.511192e+01 5.119958e-02
4.328761e+01 5.398632e-02
5.336699e+01 5.693413e-02
6.579332e+01 6.005299e-02
8.111308e+01 6.335302e-02
1.000000e+02 6.684420e-02
1.232847e+02 7.053590e-02
1.519911e+02 7.443643e-02
1.873817e+02 7.855230e-02
2.310130e+02 8.288738e-02
2.848036e+02 8.744174e-02
3.511192e+02 9.221041e-02
4.328761e+02 9.718172e-02
5.336699e+02 1.023355e-01
6.579332e+02 1.076408e-01
8.111308e+02 1.130539e-01
1.000000e+03 1.185151e-01
1.232847e+03 1.239464e-01
1.519911e+03 1.292488e-01
1.873817e+03 1.342992e-01
2.310130e+03 1.389483e-01
2.848036e+03 1.430189e-01
3.511192e+03 1.463053e-01
4.328761e+03 1.485743e-01
5.336699e+03 1.495697e-01
6.579332e+03 1.490213e-01
8.111308e+03 1.466608e-01
1.000000e+04 1.422485e-01
1.232847e+04 1.356107e-01
1.519911e+04 1.266878e-01
1.873817e+04 1.155866e-01
2.310130e+04 1.026224e-01
2.848036e+04 8.833260e-02
3.511192e+04 7.344377e-02
4.328761e+04 5.878549e-02
5.336699e+04 4.516383e-02
6.579332e+04 3.322775e-02
8.111308e+04 2.337045e-02
1.000000e+05 1.569695e-02
1.232847e+05 1.006175e-02
1.519911e+05 6.153420e-03
1.873817e+05 3.590588e-03
2.310130e+05 2.000292e-03
2.848036e+05 1.065703e-03
3.511192e+05 5.447943e-04
4.328761e+05 2.686100e-04
5.336699e+05 1.285814e-04
6.579332e+05 6.018684e-05
8.111308e+05 2.773153e-05
1.000000e+06 1.264584e-05
1.232847e+06 5.729902e-06
1.519911e+06 2.586591e-06
1.873817e+06 1.165220e-06
2.310130e+06 5.243347e-07
2.848036e+06 2.358109e-07
3.511192e+06 1.060227e-07
4.328761e+06 4.766256e-08
5.336699e+06 2.142552e-08
6.579332e+06 9.631097e-09
8.111308e+06 4.329295e-09
1.000000e+07 1.946069e-09
