1.000000e-02 7.833169e-02
1.232847e-02 7.957844e-02
1.519911e-02 8.084504e-02
1.873817e-02 8.213179e-02
2.310130e-02 8.343903e-02
2.848036e-02 8.476707e-02
3.511192e-02 8.611624e-02
4.328761e-02 8.748690e-02
5.336699e-02 8.887936e-02
6.579332e-02 9.029399e-02
8.111308e-02 9.173114e-02
1.000000e-01 9.319116e-02
1.232847e-01 9.467442e-02
1.519911e-01 9.618129e-02
1.873817e-01 9.771213e-02
2.310130e-01 9.926732e-02
2.848036e-01 1.008471e-01
3.511192e-01 1.024518e-01
4.328761e-01 1.040808e-01
5.336699e-01 1.057332e-01
6.579332e-01 1.074058e-01
8.111308e-01 1.090929e-01
1.000000e+00 1.107841e-01
1.232847e+00 1.124629e-01
1.519911e+00 1.141043e-01
1.873817e+00 1.156727e-01
2.310130e+00 1.171201e-01
2.848036e+00 1.183849e-01
3.511192e+00 1.193916e-01
4.328761e+00 1.200514e-01
5.336699e+00 1.202657e-01
6.579332e+00 1.199304e-01
8.111308e+00 1.189427e-01
1.000000e+01 1.172099e-01
1.232847e+01 1.146584e-01
1.519911e+01 1.112433e-01
1.873817e+01 1.069564e-01
2.310130e+01 1.018312e-01
2.848036e+01 9.594410e-02
3.511192e+01 8.941090e-02
4.328761e+01 8.237942e-02
5.336699e+01 7.501869e-02
6.579332e+01 6.750660e-02
8.111308e+01 6.001791e-02
1.000000e+02 5.271380e-02
1.232847e+02 4.573413e-02
1.519911e+02 3.919256e-02
1.873817e+02 3.317433e-02
2.310130e+02 2.773622e-02
2.848036e+02 2.290790e-02
3.511192e+02 1.869446e-02
4.328761e+02 1.507944e-02
5.336699e+02 1.202852e-02
6.579332e+02 9.493592e-03
8.111308e+02 7.417251e-03
1.000000e+03 5.737391e-03
1.232847e+03 4.391649e-03
1.519911e+03 3.321277e-03
1.873817e+03 2.474154e-03
2.310130e+03 1.806722e-03
2.848036e+03 1.284705e-03
3.511192e+03 8.824303e-04
4.328761e+03 5.807206e-04
5.336699e+03 3.637698e-04
6.579332e+03 2.162632e-04
8.111308e+03 1.222399e-04
1.000000e+04 6.609797e-05
1.232847e+04 3.449266e-05
1.519911e+04 1.753381e-05
1.873817e+04 8.754109e-06
2.310130e+04 4.320231e-06
2.848036e+04 2.116966e-06
3.511192e+04 1.033018e-06
4.328761e+04 5.028912e-07
5.336699e+04 2.444973e-07
6.579332e+04 1.187872e-07
8.111308e+04 5.769049e-08
1.000000e+05 2.801272e-08
1.232847e+05 1.360077e-08
1.519911e+05 6.603132e-09
1.873817e+05 3.205719e-09
2.310130e+05 1.556308e-09
2.848036e+05 7.555491e-10
3.511192e+05 3.667994e-10
4.328761e+05 1.780713e-10
5.336699e+05 8.644876e-11
6.579332e+05 4.196851e-11
8.111308e+05 2.037456e-11
1.000000e+06 9.891287e-12
1.232847e+06 4.801948e-12
1.519911e+06 2.331213e-12
1.873817e+06 1.131740e-12
2.310130e+06 5.494286e-13
2.848036e+06 2.667325e-13
3.511192e+06 1.294913e-13
4.328761e+06 6.286444e-14
5.336699e+06 3.051895e-14
6.579332e+06 1.481611e-14
8.111308e+06 7.192814e-15
1.000000e+07 3.491913e-15
