1.000000e-02 1.798317e-02
1.232847e-02 1.888084e-02
1.519911e-02 1.982331e-02
1.873817e-02 2.081284e-02
2.310130e-02 2.185176e-02
2.848036e-02 2.294254e-02
3.511192e-02 2.408776e-02
4.328761e-02 2.529016e-02
5.336699e-02 2.655257e-02
6.579332e-02 2.787800e-02
8.111308e-02 2.926959e-02
1.000000e-01 3.073065e-02
1.232847e-01 3.226463e-02
1.519911e-01 3.387519e-02
1.873817e-01 3.556615e-02
2.310130e-01 3.734151e-02
2.848036e-01 3.920549e-02
3.511192e-01 4.116251e-02
4.328761e-01 4.321721e-02
5.336699e-01 4.537442e-02
6.579332e-01 4.763920e-02
8.111308e-01 5.001677e-02
1.000000e+00 5.251251e-02
1.232847e+00 5.513184e-02
1.519911e+00 5.788010e-02
1.873817e+00 6.076242e-02
2.310130e+00 6.378345e-02
2.848036e+00 6.694704e-02
3.511192e+00 7.025584e-02
4.328761e+00 7.371076e-02
5.336699e+00 7.731031e-02
6.579332e+00 8.104982e-02
8.111308e+00 8.492048e-02
1.000000e+01 8.890829e-02
1.232847e+01 9.299280e-02
1.519911e+01 9.714577e-02
1.873817e+01 1.013299e-01
2.310130e+01 1.054972e-01
2.848036e+01 1.095884e-01
3.511192e+01 1.135313e-01
4.328761e+01 1.172412e-01
5.336699e+01 1.206208e-01
6.579332e+01 1.235620e-01
8.111308e+01 1.259482e-01
1.000000e+02 1.276588e-01
1.232847e+02 1.285747e-01
1.519911e+02 1.285848e-01
1.873817e+02 1.275943e-01
2.310130e+02 1.255324e-01
2.848036e+02 1.223608e-01
3.511192e+02 1.180795e-01
4.328761e+02 1.127317e-01
5.336699e+02 1.064046e-01
6.579332e+02 9.922837e-02
8.111308e+02 9.136988e-02
1.000000e+03 8.302466e-02
1.232847e+03 7.440548e-02
1.519911e+03 6.572976e-02
1.873817e+03 5.720667e-02
2.310130e+03 4.902553e-02
2.848036e+03 4.134642e-02
3.511192e+03 3.429390e-02
4.328761e+03 2.795395e-02
5.336699e+03 2.237390e-02
6.579332e+03 1.756509e-02
8.111308e+03 1.350763e-02
1.000000e+04 1.015695e-02
1.232847e+04 7.450955e-03
1.519911e+04 5.317205e-03
1.873817e+04 3.678836e-03
2.310130e+04 2.458795e-03
2.848036e+04 1.582313e-03
3.511192e+04 9.783543e-04
4.328761e+04 5.811459e-04
5.336699e+04 3.324313e-04
6.579332e+04 1.839911e-04
8.111308e+04 9.914137e-05
1.000000e+05 5.234841e-05
1.232847e+05 2.724575e-05
1.519911e+05 1.404427e-05
1.873817e+05 7.194807e-06
2.310130e+05 3.671931e-06
2.848036e+05 1.869798e-06
3.511192e+05 9.508956e-07
4.328761e+05 4.832307e-07
5.336699e+05 2.454716e-07
6.579332e+05 1.246674e-07
8.111308e+05 6.330729e-08
1.000000e+06 3.214603e-08
1.232847e+06 1.632250e-08
1.519911e+06 8.287791e-09
1.873817e+06 4.208109e-09
2.310130e+06 2.136649e-09
2.848036e+06 1.084872e-09
3.511192e+06 5.508371e-10
4.328761e+06 2.796841e-10
5.336699e+06 1.420078e-10
6.579332e+06 7.210353e-11
8.111308e+06 3.661010e-11
1.000000e+07 1.858854e-11
