1.000000e-02 2.426925e-02
1.232847e-02 2.545006e-02
1.519911e-02 2.668832e-02
1.873817e-02 2.798684e-02
2.310130e-02 2.934853e-02
2.848036e-02 3.077647e-02
3.511192e-02 3.227389e-02
4.328761e-02 3.384416e-02
5.336699e-02 3.549084e-02
6.579332e-02 3.721764e-02
8.111308e-02 3.902845e-02
1.000000e-01 4.092737e-02
1.232847e-01 4.291867e-02
1.519911e-01 4.500687e-02
1.873817e-01 4.719666e-02
2.310130e-01 4.949300e-02
2.848036e-01 5.190106e-02
3.511192e-01 5.442627e-02
4.328761e-01 5.707428e-02
5.336699e-01 5.985097e-02
6.579332e-01 6.276236e-02
8.111308e-01 6.581454e-02
1.000000e+00 6.901343e-02
1.232847e+00 7.236451e-02
1.519911e+00 7.587237e-02
1.873817e+00 7.954008e-02
2.310130e+00 8.336834e-02
2.848036e+00 8.735436e-02
3.511192e+00 9.149041e-02
4.328761e+00 9.576212e-02
5.336699e+00 1.001463e-01
6.579332e+00 1.046087e-01
8.111308e+00 1.091011e-01
1.000000e+01 1.135591e-01
1.232847e+01 1.178991e-01
1.519911e+01 1.220171e-01
1.873817e+01 1.257872e-01
2.310130e+01 1.290629e-01
2.848036e+01 1.316803e-01
3.511192e+01 1.334643e-01
4.328761e+01 1.342382e-01
5.336699e+01 1.338362e-01
6.579332e+01 1.321196e-01
8.111308e+01 1.289928e-01
1.000000e+02 1.244196e-01
1.232847e+02 1.184357e-01
1.519911e+02 1.111545e-01
1.873817e+02 1.027659e-01
2.310130e+02 9.352542e-02
2.848036e+02 8.373573e-02
3.511192e+02 7.372211e-02
4.328761e+02 6.380564e-02
5.336699e+02 5.427780e-02
6.579332e+02 4.538022e-02
8.111308e+02 3.729173e-02
1.000000e+03 3.012370e-02
1.232847e+03 2.392290e-02
1.519911e+03 1.867999e-02
1.873817e+03 1.434165e-02
2.310130e+03 1.082398e-02
2.848036e+03 8.025692e-03
3.511192e+03 5.839615e-03
4.328761e+03 4.161672e-03
5.336699e+03 2.896921e-03
6.579332e+03 1.962644e-03
8.111308e+03 1.288894e-03
1.000000e+04 8.172758e-04
1.232847e+04 4.989832e-04
1.519911e+04 2.931379e-04
1.873817e+04 1.660312e-04
2.310130e+04 9.107023e-05
2.848036e+04 4.866841e-05
3.511192e+04 2.550206e-05
4.328761e+04 1.317851e-05
5.336699e+04 6.747299e-06
6.579332e+04 3.434273e-06
8.111308e+04 1.741725e-06
1.000000e+05 8.814653e-07
1.232847e+05 4.455582e-07
1.519911e+05 2.250655e-07
1.873817e+05 1.136454e-07
2.310130e+05 5.737293e-08
2.848036e+05 2.896114e-08
3.511192e+05 1.461839e-08
4.328761e+05 7.378545e-09
5.336699e+05 3.724218e-09
6.579332e+05 1.879732e-09
8.111308e+05 9.487573e-10
1.000000e+06 4.788652e-10
1.232847e+06 2.416969e-10
1.519911e+06 1.219912e-10
1.873817e+06 6.157238e-11
2.310130e+06 3.107730e-11
2.848036e+06 1.568558e-11
3.511192e+06 7.916949e-12
4.328761e+06 3.995904e-12
5.336699e+06 2.016844e-12
6.579332e+06 1.017957e-12
8.111308e+06 5.137915e-13
1.000000e+07 2.593249e-13
