1.000000e-02 7.233747e-03
1.232847e-02 7.634100e-03
1.519911e-02 8.056610e-03
1.873817e-02 8.502504e-03
2.310130e-02 8.973076e-03
2.848036e-02 9.469692e-03
3.511192e-02 9.993793e-03
4.328761e-02 1.054690e-02
5.336699e-02 1.113062e-02
6.579332e-02 1.174664e-02
8.111308e-02 1.239676e-02
1.000000e-01 1.308286e-02
1.232847e-01 1.380694e-02
1.519911e-01 1.457108e-02
1.873817e-01 1.537752e-02
2.310130e-01 1.622859e-02
2.848036e-01 1.712677e-02
3.511192e-01 1.807465e-02
4.328761e-01 1.907499e-02
5.336699e-01 2.013070e-02
6.579332e-01 2.124485e-02
8.111308e-01 2.242067e-02
1.000000e+00 2.366158e-02
1.232847e+00 2.497122e-02
1.519911e+00 2.635341e-02
1.873817e+00 2.781222e-02
2.310130e+00 2.935196e-02
2.848036e+00 3.097722e-02
3.511192e+00 3.269285e-02
4.328761e+00 3.450405e-02
5.336699e+00 3.641632e-02
6.579332e+00 3.843553e-02
8.111308e+00 4.056789e-02
1.000000e+01 4.281997e-02
1.232847e+01 4.519870e-02
1.519911e+01 4.771128e-02
1.873817e+01 5.036517e-02
2.310130e+01 5.316793e-02
2.848036e+01 5.612710e-02
3.511192e+01 5.924993e-02
4.328761e+01 6.254312e-02
5.336699e+01 6.601236e-02
6.579332e+01 6.966186e-02
8.111308e+01 7.349363e-02
1.000000e+02 7.750674e-02
1.232847e+02 8.169633e-02
1.519911e+02 8.605246e-02
1.873817e+02 9.055891e-02
2.310130e+02 9.519173e-02
2.848036e+02 9.991779e-02
3.511192e+02 1.046933e-01
4.328761e+02 1.094627e-01
5.336699e+02 1.141570e-01
6.579332e+02 1.186939e-01
8.111308e+02 1.229772e-01
1.000000e+03 1.268978e-01
1.232847e+03 1.303354e-01
1.519911e+03 1.331614e-01
1.873817e+03 1.352427e-01
2.310130e+03 1.364470e-01
2.848036e+03 1.366480e-01
3.511192e+03 1.357330e-01
4.328761e+03 1.336091e-01
5.336699e+03 1.302112e-01
6.579332e+03 1.255092e-01
8.111308e+03 1.195149e-01
1.000000e+04 1.122887e-01
1.232847e+04 1.039448e-01
1.519911e+04 9.465398e-02
1.873817e+04 8.464355e-02
2.310130e+04 7.419192e-02
2.848036e+04 6.361670e-02
3.511192e+04 5.325504e-02
4.328761e+04 4.343699e-02
5.336699e+04 3.445458e-02
6.579332e+04 2.653210e-02
8.111308e+04 1.980426e-02
1.000000e+05 1.430819e-02
1.232847e+05 9.991325e-03
1.519911e+05 6.732406e-03
1.873817e+05 4.369119e-03
2.310130e+05 2.724921e-03
2.848036e+05 1.629887e-03
3.511192e+05 9.338141e-04
4.328761e+05 5.126857e-04
5.336699e+05 2.704833e-04
6.579332e+05 1.378366e-04
8.111308e+05 6.830445e-05
1.000000e+06 3.314990e-05
1.232847e+06 1.585784e-05
1.519911e+06 7.515202e-06
1.873817e+06 3.541228e-06
2.310130e+06 1.663141e-06
2.848036e+06 7.796712e-07
3.511192e+06 3.651562e-07
4.328761e+06 1.709386e-07
5.336699e+06 8.000322e-08
6.579332e+06 3.744005e-08
8.111308e+06 1.752077e-08
1.000000e+07 8.199131e-09
