1.000000e-02 1.815027e-02
1.232847e-02 1.908545e-02
1.519911e-02 2.006880e-02
1.873817e-02 2.110283e-02
2.310130e-02 2.219013e-02
2.848036e-02 2.333345e-02
3.511192e-02 2.453568e-02
4.328761e-02 2.579985e-02
5.336699e-02 2.712916e-02
6.579332e-02 2.852696e-02
8.111308e-02 2.999678e-02
1.000000e-01 3.154233e-02
1.232847e-01 3.316752e-02
1.519911e-01 3.487644e-02
1.873817e-01 3.667341e-02
2.310130e-01 3.856296e-02
2.848036e-01 4.054987e-02
3.511192e-01 4.263913e-02
4.328761e-01 4.483597e-02
5.336699e-01 4.714583e-02
6.579332e-01 4.957429e-02
8.111308e-01 5.212696e-02
1.000000e+00 5.480932e-02
1.232847e+00 5.762641e-02
1.519911e+00 6.058250e-02
1.873817e+00 6.368049e-02
2.310130e+00 6.692129e-02
2.848036e+00 7.030293e-02
3.511192e+00 7.381955e-02
4.328761e+00 7.746023e-02
5.336699e+00 8.120772e-02
6.579332e+00 8.503704e-02
8.111308e+00 8.891426e-02
1.000000e+01 9.279535e-02
1.232847e+01 9.662547e-02
1.519911e+01 1.003389e-01
1.873817e+01 1.038596e-01
2.310130e+01 1.071030e-01
2.848036e+01 1.099789e-01
3.511192e+01 1.123955e-01
4.328761e+01 1.142647e-01
5.336699e+01 1.155074e-01
6.579332e+01 1.160603e-01
8.111308e+01 1.158810e-01
1.000000e+02 1.149526e-01
1.232847e+02 1.132856e-01
1.519911e+02 1.109189e-01
1.873817e+02 1.079164e-01
2.310130e+02 1.043631e-01
2.848036e+02 1.003582e-01
3.511192e+02 9.600828e-02
4.328761e+02 9.141935e-02
5.336699e+02 8.669076e-02
6.579332e+02 8.190967e-02
8.111308e+02 7.714746e-02
1.000000e+03 7.245785e-02
1.232847e+03 6.787652e-02
1.519911e+03 6.342210e-02
1.873817e+03 5.909821e-02
2.310130e+03 5.489627e-02
2.848036e+03 5.079897e-02
3.511192e+03 4.678438e-02
4.328761e+03 4.283036e-02
5.336699e+03 3.891934e-02
6.579332e+03 3.504297e-02
8.111308e+03 3.120604e-02
1.000000e+04 2.742898e-02
1.232847e+04 2.374796e-02
1.519911e+04 2.021215e-02
1.873817e+04 1.687812e-02
2.310130e+04 1.380247e-02
2.848036e+04 1.103398e-02
3.511192e+04 8.607264e-03
4.328761e+04 6.539087e-03
5.336699e+04 4.827759e-03
6.579332e+04 3.455228e-03
8.111308e+04 2.390745e-03
1.000000e+05 1.594976e-03
1.232847e+05 1.023820e-03
1.519911e+05 6.317982e-04
1.873817e+05 3.752235e-04
2.310130e+05 2.151666e-04
2.848036e+05 1.197403e-04
3.511192e+05 6.506035e-05
4.328761e+05 3.472402e-05
5.336699e+05 1.830127e-05
6.579332e+05 9.565024e-06
8.111308e+05 4.972388e-06
1.000000e+06 2.576421e-06
1.232847e+06 1.332359e-06
1.519911e+06 6.882351e-07
1.873817e+06 3.552856e-07
2.310130e+06 1.833444e-07
2.848036e+06 9.459695e-08
3.511192e+06 4.880281e-08
4.328761e+06 2.517630e-08
5.336699e+06 1.298761e-08
6.579332e+06 6.699814e-09
8.111308e+06 3.456168e-09
1.000000e+07 1.782899e-09
