1.000000e-02 8.486691e-03
1.232847e-02 8.943784e-03
1.519911e-02 9.425496e-03
1.873817e-02 9.933153e-03
2.310130e-02 1.046815e-02
2.848036e-02 1.103197e-02
3.511192e-02 1.162615e-02
4.328761e-02 1.225233e-02
5.336699e-02 1.291224e-02
6.579332e-02 1.360769e-02
8.111308e-02 1.434060e-02
1.000000e-01 1.511299e-02
1.232847e-01 1.592697e-02
1.519911e-01 1.678480e-02
1.873817e-01 1.768883e-02
2.310130e-01 1.864154e-02
2.848036e-01 1.964558e-02
3.511192e-01 2.070369e-02
4.328761e-01 2.181879e-02
5.336699e-01 2.299396e-02
6.579332e-01 2.423243e-02
8.111308e-01 2.553763e-02
1.000000e+00 2.691317e-02
1.232847e+00 2.836290e-02
1.519911e+00 2.989087e-02
1.873817e+00 3.150140e-02
2.310130e+00 3.319909e-02
2.848036e+00 3.498887e-02
3.511192e+00 3.687601e-02
4.328761e+00 3.886614e-02
5.336699e+00 4.096533e-02
6.579332e+00 4.318006e-02
8.111308e+00 4.551730e-02
1.000000e+01 4.798446e-02
1.232847e+01 5.058937e-02
1.519911e+01 5.334025e-02
1.873817e+01 5.624560e-02
2.310130e+01 5.931401e-02
2.848036e+01 6.255394e-02
3.511192e+01 6.597333e-02
4.328761e+01 6.957919e-02
5.336699e+01 7.337689e-02
6.579332e+01 7.736941e-02
8.111308e+01 8.155631e-02
1.000000e+02 8.593250e-02
1.232847e+02 9.048677e-02
1.519911e+02 9.520010e-02
1.873817e+02 1.000438e-01
2.310130e+02 1.049774e-01
2.848036e+02 1.099468e-01
3.511192e+02 1.148824e-01
4.328761e+02 1.196974e-01
5.336699e+02 1.242873e-01
6.579332e+02 1.285301e-01
8.111308e+02 1.322875e-01
1.000000e+03 1.354083e-01
1.232847e+03 1.377331e-01
1.519911e+03 1.391010e-01
1.873817e+03 1.393578e-01
2.310130e+03 1.383661e-01
2.848036e+03 1.360154e-01
3.511192e+03 1.322333e-01
4.328761e+03 1.269954e-01
5.336699e+03 1.203342e-01
6.579332e+03 1.123453e-01
8.111308e+03 1.031902e-01
1.000000e+04 9.309574e-02
1.232847e+04 8.234711e-02
1.519911e+04 7.127663e-02
1.873817e+04 6.024491e-02
2.310130e+04 4.961583e-02
2.848036e+04 3.972619e-02
3.511192e+04 3.085412e-02
4.328761e+04 2.319231e-02
5.336699e+04 1.683282e-02
6.579332e+04 1.176721e-02
8.111308e+04 7.901826e-03
1.000000e+05 5.082726e-03
1.232847e+05 3.123627e-03
1.519911e+05 1.831036e-03
1.873817e+05 1.023989e-03
2.310130e+05 5.478574e-04
2.848036e+05 2.819580e-04
3.511192e+05 1.406128e-04
4.328761e+05 6.848568e-05
5.336699e+05 3.281056e-05
6.579332e+05 1.555073e-05
8.111308e+05 7.321560e-06
1.000000e+06 3.433708e-06
1.232847e+06 1.606829e-06
1.519911e+06 7.510307e-07
1.873817e+06 3.508106e-07
2.310130e+06 1.638127e-07
2.848036e+06 7.648089e-08
3.511192e+06 3.570463e-08
4.328761e+06 1.666788e-08
5.336699e+06 7.780894e-09
6.579332e+06 3.632252e-09
8.111308e+06 1.695593e-09
1.000000e+07 7.915293e-10
