1.000000e-02 5.392735e-03
1.232847e-02 5.724232e-03
1.519911e-02 6.076106e-03
1.873817e-02 6.449610e-03
2.310130e-02 6.846074e-03
2.848036e-02 7.266909e-03
3.511192e-02 7.713612e-03
4.328761e-02 8.187776e-03
5.336699e-02 8.691086e-03
6.579332e-02 9.225336e-03
8.111308e-02 9.792426e-03
1.000000e-01 1.039438e-02
1.232847e-01 1.103333e-02
1.519911e-01 1.171156e-02
1.873817e-01 1.243148e-02
2.310130e-01 1.319565e-02
2.848036e-01 1.400680e-02
3.511192e-01 1.486781e-02
4.328761e-01 1.578175e-02
5.336699e-01 1.675187e-02
6.579332e-01 1.778163e-02
8.111308e-01 1.887468e-02
1.000000e+00 2.003492e-02
1.232847e+00 2.126647e-02
1.519911e+00 2.257371e-02
1.873817e+00 2.396126e-02
2.310130e+00 2.543401e-02
2.848036e+00 2.699715e-02
3.511192e+00 2.865607e-02
4.328761e+00 3.041648e-02
5.336699e+00 3.228425e-02
6.579332e+00 3.426548e-02
8.111308e+00 3.636634e-02
1.000000e+01 3.859300e-02
1.232847e+01 4.095151e-02
1.519911e+01 4.344754e-02
1.873817e+01 4.608619e-02
2.310130e+01 4.887162e-02
2.848036e+01 5.180663e-02
3.511192e+01 5.489221e-02
4.328761e+01 5.812690e-02
5.336699e+01 6.150618e-02
6.579332e+01 6.502168e-02
8.111308e+01 6.866048e-02
1.000000e+02 7.240436e-02
1.232847e+02 7.622917e-02
1.519911e+02 8.010448e-02
1.873817e+02 8.399347e-02
2.310130e+02 8.785341e-02
2.848036e+02 9.163670e-02
3.511192e+02 9.529270e-02
4.328761e+02 9.877032e-02
5.336699e+02 1.020215e-01
6.579332e+02 1.050051e-01
8.111308e+02 1.076913e-01
1.000000e+03 1.100660e-01
1.232847e+03 1.121342e-01
1.519911e+03 1.139226e-01
1.873817e+03 1.154798e-01
2.310130e+03 1.168753e-01
2.848036e+03 1.181942e-01
3.511192e+03 1.195304e-01
4.328761e+03 1.209741e-01
5.336699e+03 1.225952e-01
6.579332e+03 1.244195e-01
8.111308e+03 1.263948e-01
1.000000e+04 1.283461e-01
1.232847e+04 1.299187e-01
1.519911e+04 1.305201e-01
1.873817e+04 1.292881e-01
2.310130e+04 1.251422e-01
2.848036e+04 1.169996e-01
3.511192e+04 1.042078e-01
4.328761e+04 8.710245e-02
5.336699e+04 6.735381e-02
6.579332e+04 4.765865e-02
8.111308e+04 3.071026e-02
1.000000e+05 1.807977e-02
1.232847e+05 9.835205e-03
1.519911e+05 5.030127e-03
1.873817e+05 2.467260e-03
2.310130e+05 1.182691e-03
2.848036e+05 5.624877e-04
3.511192e+05 2.681381e-04
4.328761e+05 1.288103e-04
5.336699e+05 6.246284e-05
6.579332e+05 3.055620e-05
8.111308e+05 1.505379e-05
1.000000e+06 7.454714e-06
1.232847e+06 3.704503e-06
1.519911e+06 1.844983e-06
1.873817e+06 9.201062e-07
2.310130e+06 4.592202e-07
2.848036e+06 2.292933e-07
3.511192e+06 1.145147e-07
4.328761e+06 5.719809e-08
5.336699e+06 2.857099e-08
6.579332e+06 1.427180e-08
8.111308e+06 7.129112e-09
1.000000e+07 3.561170e-09
