1.000000e-02 1.577233e-02
1.232847e-02 1.654835e-02
1.519911e-02 1.736254e-02
1.873817e-02 1.821680e-02
2.310130e-02 1.911308e-02
2.848036e-02 2.005347e-02
3.511192e-02 2.104012e-02
4.328761e-02 2.207532e-02
5.336699e-02 2.316145e-02
6.579332e-02 2.430101e-02
8.111308e-02 2.549665e-02
1.000000e-01 2.675111e-02
1.232847e-01 2.806729e-02
1.519911e-01 2.944823e-02
1.873817e-01 3.089712e-02
2.310130e-01 3.241729e-02
2.848036e-01 3.401225e-02
3.511192e-01 3.568568e-02
4.328761e-01 3.744143e-02
5.336699e-01 3.928352e-02
6.579332e-01 4.121614e-02
8.111308e-01 4.324360e-02
1.000000e+00 4.537035e-02
1.232847e+00 4.760084e-02
1.519911e+00 4.993950e-02
1.873817e+00 5.239055e-02
2.310130e+00 5.495787e-02
2.848036e+00 5.764474e-02
3.511192e+00 6.045360e-02
4.328761e+00 6.338568e-02
5.336699e+00 6.644058e-02
6.579332e+00 6.961579e-02
8.111308e+00 7.290615e-02
1.000000e+01 7.630319e-02
1.232847e+01 7.979444e-02
1.519911e+01 8.336271e-02
1.873817e+01 8.698534e-02
2.310130e+01 9.063343e-02
2.848036e+01 9.427121e-02
3.511192e+01 9.785551e-02
4.328761e+01 1.013355e-01
5.336699e+01 1.046525e-01
6.579332e+01 1.077409e-01
8.111308e+01 1.105288e-01
1.000000e+02 1.129396e-01
1.232847e+02 1.148948e-01
1.519911e+02 1.163168e-01
1.873817e+02 1.171331e-01
2.310130e+02 1.172803e-01
2.848036e+02 1.167091e-01
3.511192e+02 1.153889e-01
4.328761e+02 1.133119e-01
5.336699e+02 1.104957e-01
6.579332e+02 1.069851e-01
8.111308e+02 1.028506e-01
1.000000e+03 9.818594e-02
1.232847e+03 9.310226e-02
1.519911e+03 8.772094e-02
1.873817e+03 8.216484e-02
2.310130e+03 7.654926e-02
2.848036e+03 7.097349e-02
3.511192e+03 6.551367e-02
4.328761e+03 6.021781e-02
5.336699e+03 5.510327e-02
6.579332e+03 5.015706e-02
8.111308e+03 4.533926e-02
1.000000e+04 4.059054e-02
1.232847e+04 3.584502e-02
1.519911e+04 3.104977e-02
1.873817e+04 2.619096e-02
2.310130e+04 2.132182e-02
2.848036e+04 1.658089e-02
3.511192e+04 1.218290e-02
4.328761e+04 8.369839e-03
5.336699e+04 5.331534e-03
6.579332e+04 3.134176e-03
8.111308e+04 1.701164e-03
1.000000e+05 8.578925e-04
1.232847e+05 4.064734e-04
1.519911e+05 1.834773e-04
1.873817e+05 8.000884e-05
2.310130e+05 3.410757e-05
2.848036e+05 1.434044e-05
3.511192e+05 5.981963e-06
4.328761e+05 2.484677e-06
5.336699e+05 1.029766e-06
6.579332e+05 4.263168e-07
8.111308e+05 1.763998e-07
1.000000e+06 7.297218e-08
1.232847e+06 3.018337e-08
1.519911e+06 1.248407e-08
1.873817e+06 5.163394e-09
2.310130e+06 2.135552e-09
2.848036e+06 8.832488e-10
3.511192e+06 3.653047e-10
4.328761e+06 1.510870e-10
5.336699e+06 6.248834e-11
6.579332e+06 2.584466e-11
8.111308e+06 1.068913e-11
1.000000e+07 4.420936e-12
