1.000000e-02 7.797758e-03
1.232847e-02 8.233993e-03
1.519911e-02 8.694634e-03
1.873817e-02 9.181044e-03
2.310130e-02 9.694666e-03
2.848036e-02 1.023702e-02
3.511192e-02 1.080972e-02
4.328761e-02 1.141445e-02
5.336699e-02 1.205302e-02
6.579332e-02 1.272731e-02
8.111308e-02 1.343933e-02
1.000000e-01 1.419117e-02
1.232847e-01 1.498508e-02
1.519911e-01 1.582340e-02
1.873817e-01 1.670862e-02
2.310130e-01 1.764336e-02
2.848036e-01 1.863040e-02
3.511192e-01 1.967265e-02
4.328761e-01 2.077321e-02
5.336699e-01 2.193535e-02
6.579332e-01 2.316249e-02
8.111308e-01 2.445830e-02
1.000000e+00 2.582659e-02
1.232847e+00 2.727145e-02
1.519911e+00 2.879714e-02
1.873817e+00 3.040819e-02
2.310130e+00 3.210936e-02
2.848036e+00 3.390568e-02
3.511192e+00 3.580242e-02
4.328761e+00 3.780509e-02
5.336699e+00 3.991946e-02
6.579332e+00 4.215148e-02
8.111308e+00 4.450727e-02
1.000000e+01 4.699302e-02
1.232847e+01 4.961492e-02
1.519911e+01 5.237897e-02
1.873817e+01 5.529081e-02
2.310130e+01 5.835544e-02
2.848036e+01 6.157693e-02
3.511192e+01 6.495792e-02
4.328761e+01 6.849917e-02
5.336699e+01 7.219893e-02
6.579332e+01 7.605215e-02
8.111308e+01 8.004968e-02
1.000000e+02 8.417733e-02
1.232847e+02 8.841479e-02
1.519911e+02 9.273464e-02
1.873817e+02 9.710128e-02
2.310130e+02 1.014700e-01
2.848036e+02 1.057863e-01
3.511192e+02 1.099854e-01
4.328761e+02 1.139925e-01
5.336699e+02 1.177235e-01
6.579332e+02 1.210863e-01
8.111308e+02 1.239830e-01
1.000000e+03 1.263133e-01
1.232847e+03 1.279778e-01
1.519911e+03 1.288829e-01
1.873817e+03 1.289449e-01
2.310130e+03 1.280951e-01
2.848036e+03 1.262844e-01
3.511192e+03 1.234866e-01
4.328761e+03 1.197018e-01
5.336699e+03 1.149579e-01
6.579332e+03 1.093111e-01
8.111308e+03 1.028457e-01
1.000000e+04 9.567234e-02
1.232847e+04 8.792546e-02
1.519911e+04 7.976034e-02
1.873817e+04 7.134855e-02
2.310130e+04 6.287227e-02
2.848036e+04 5.451704e-02
3.511192e+04 4.646313e-02
4.328761e+04 3.887579e-02
5.336699e+04 3.189542e-02
6.579332e+04 2.562883e-02
8.111308e+04 2.014325e-02
1.000000e+05 1.546426e-02
1.232847e+05 1.157829e-02
1.519911e+05 8.439007e-03
1.873817e+05 5.975829e-03
2.310130e+05 4.102847e-03
2.848036e+05 2.726631e-03
3.511192e+05 1.752570e-03
4.328761e+05 1.090167e-03
5.336699e+05 6.577600e-04
6.579332e+05 3.864102e-04
8.111308e+05 2.220781e-04
1.000000e+06 1.254904e-04
1.232847e+06 7.004209e-05
1.519911e+06 3.876212e-05
1.873817e+06 2.133145e-05
2.310130e+06 1.169770e-05
2.848036e+06 6.401153e-06
3.511192e+06 3.498538e-06
4.328761e+06 1.910858e-06
5.336699e+06 1.043342e-06
6.579332e+06 5.695897e-07
8.111308e+06 3.109392e-07
1.000000e+07 1.697403e-07
