1.000000e-02 2.479040e-02
1.232847e-02 2.631715e-02
1.519911e-02 2.793792e-02
1.873817e-02 2.965852e-02
2.310130e-02 3.148508e-02
2.848036e-02 3.342413e-02
3.511192e-02 3.548260e-02
4.328761e-02 3.766784e-02
5.336699e-02 3.998767e-02
6.579332e-02 4.245036e-02
8.111308e-02 4.506472e-02
1.000000e-01 4.784010e-02
1.232847e-01 5.078639e-02
1.519911e-01 5.391414e-02
1.873817e-01 5.723451e-02
2.310130e-01 6.075936e-02
2.848036e-01 6.450125e-02
3.511192e-01 6.847339e-02
4.328761e-01 7.268955e-02
5.336699e-01 7.716367e-02
6.579332e-01 8.190913e-02
8.111308e-01 8.693741e-02
1.000000e+00 9.225580e-02
1.232847e+00 9.786392e-02
1.519911e+00 1.037486e-01
1.873817e+00 1.098768e-01
2.310130e+00 1.161868e-01
2.848036e+00 1.225769e-01
3.511192e+00 1.288941e-01
4.328761e+00 1.349226e-01
5.336699e+00 1.403767e-01
6.579332e+00 1.449022e-01
8.111308e+00 1.480905e-01
1.000000e+01 1.495119e-01
1.232847e+01 1.487691e-01
1.519911e+01 1.455659e-01
1.873817e+01 1.397805e-01
2.310130e+01 1.315219e-01
2.848036e+01 1.211485e-01
3.511192e+01 1.092354e-01
4.328761e+01 9.649171e-02
5.336699e+01 8.365030e-02
6.579332e+01 7.135993e-02
8.111308e+01 6.010866e-02
1.000000e+02 5.019267e-02
1.232847e+02 4.172735e-02
1.519911e+02 3.468606e-02
1.873817e+02 2.894887e-02
2.310130e+02 2.434768e-02
2.848036e+02 2.070048e-02
3.511192e+02 1.783321e-02
4.328761e+02 1.559107e-02
5.336699e+02 1.384233e-02
6.579332e+02 1.247760e-02
8.111308e+02 1.140686e-02
1.000000e+03 1.055559e-02
1.232847e+03 9.861299e-03
1.519911e+03 9.270688e-03
1.873817e+03 8.738013e-03
2.310130e+03 8.224657e-03
2.848036e+03 7.699849e-03
3.511192e+03 7.142078e-03
4.328761e+03 6.540511e-03
5.336699e+03 5.895572e-03
6.579332e+03 5.218023e-03
8.111308e+03 4.526385e-03
1.000000e+04 3.843163e-03
1.232847e+04 3.190791e-03
1.519911e+04 2.588280e-03
1.873817e+04 2.049226e-03
2.310130e+04 1.581284e-03
2.848036e+04 1.186786e-03
3.511192e+04 8.639325e-04
4.328761e+04 6.080081e-04
5.336699e+04 4.123029e-04
6.579332e+04 2.686962e-04
8.111308e+04 1.681111e-04
1.000000e+05 1.011032e-04
1.232847e+05 5.866304e-05
1.519911e+05 3.302213e-05
1.873817e+05 1.814971e-05
2.310130e+05 9.800859e-06
2.848036e+05 5.227649e-06
3.511192e+05 2.765640e-06
4.328761e+05 1.455540e-06
5.336699e+05 7.635980e-07
6.579332e+05 3.998324e-07
8.111308e+05 2.091270e-07
1.000000e+06 1.093121e-07
1.232847e+06 5.711802e-08
1.519911e+06 2.983964e-08
1.873817e+06 1.558721e-08
2.310130e+06 8.141767e-09
2.848036e+06 4.252616e-09
3.511192e+06 2.221197e-09
4.328761e+06 1.160152e-09
5.336699e+06 6.059561e-10
6.579332e+06 3.164950e-10
8.111308e+06 1.653074e-10
1.000000e+07 8.634114e-11
