1.000000e-02 6.785916e-03
1.232847e-02 7.166990e-03
1.519911e-02 7.569464e-03
1.873817e-02 7.994540e-03
2.310130e-02 8.443486e-03
2.848036e-02 8.917644e-03
3.511192e-02 9.418429e-03
4.328761e-02 9.947336e-03
5.336699e-02 1.050595e-02
6.579332e-02 1.109592e-02
8.111308e-02 1.171903e-02
1.000000e-01 1.237714e-02
1.232847e-01 1.307219e-02
1.519911e-01 1.380628e-02
1.873817e-01 1.458160e-02
2.310130e-01 1.540045e-02
2.848036e-01 1.626529e-02
3.511192e-01 1.717869e-02
4.328761e-01 1.814339e-02
5.336699e-01 1.916227e-02
6.579332e-01 2.023836e-02
8.111308e-01 2.137490e-02
1.000000e+00 2.257527e-02
1.232847e+00 2.384309e-02
1.519911e+00 2.518216e-02
1.873817e+00 2.659652e-02
2.310130e+00 2.809045e-02
2.848036e+00 2.966850e-02
3.511192e+00 3.133548e-02
4.328761e+00 3.309653e-02
5.336699e+00 3.495708e-02
6.579332e+00 3.692289e-02
8.111308e+00 3.900005e-02
1.000000e+01 4.119497e-02
1.232847e+01 4.351437e-02
1.519911e+01 4.596523e-02
1.873817e+01 4.855471e-02
2.310130e+01 5.129004e-02
2.848036e+01 5.417836e-02
3.511192e+01 5.722649e-02
4.328761e+01 6.044066e-02
5.336699e+01 6.382609e-02
6.579332e+01 6.738649e-02
8.111308e+01 7.112349e-02
1.000000e+02 7.503587e-02
1.232847e+02 7.911868e-02
1.519911e+02 8.336222e-02
1.873817e+02 8.775094e-02
2.310130e+02 9.226214e-02
2.848036e+02 9.686477e-02
3.511192e+02 1.015181e-01
4.328761e+02 1.061707e-01
5.336699e+02 1.107595e-01
6.579332e+02 1.152095e-01
8.111308e+02 1.194338e-01
1.000000e+03 1.233344e-01
1.232847e+03 1.268044e-01
1.519911e+03 1.297300e-01
1.873817e+03 1.319949e-01
2.310130e+03 1.334839e-01
2.848036e+03 1.340884e-01
3.511192e+03 1.337112e-01
4.328761e+03 1.322721e-01
5.336699e+03 1.297124e-01
6.579332e+03 1.259991e-01
8.111308e+03 1.211286e-01
1.000000e+04 1.151302e-01
1.232847e+04 1.080702e-01
1.519911e+04 1.000551e-01
1.873817e+04 9.123577e-02
2.310130e+04 8.180913e-02
2.848036e+04 7.201567e-02
3.511192e+04 6.213070e-02
4.328761e+04 5.244746e-02
5.336699e+04 4.325317e-02
6.579332e+04 3.480160e-02
8.111308e+04 2.728785e-02
1.000000e+05 2.083106e-02
1.232847e+05 1.546901e-02
1.519911e+05 1.116514e-02
1.873817e+05 7.825274e-03
2.310130e+05 5.319135e-03
2.848036e+05 3.501307e-03
3.511192e+05 2.228096e-03
4.328761e+05 1.368668e-03
5.336699e+05 8.109599e-04
6.579332e+05 4.637970e-04
8.111308e+05 2.566693e-04
1.000000e+06 1.380376e-04
1.232847e+06 7.253750e-05
1.519911e+06 3.745836e-05
1.873817e+06 1.910760e-05
2.310130e+06 9.668371e-06
2.848036e+06 4.867744e-06
3.511192e+06 2.443649e-06
4.328761e+06 1.224800e-06
5.336699e+06 6.134101e-07
6.579332e+06 3.071064e-07
8.111308e+06 1.537363e-07
1.000000e+07 7.695822e-08
