1.000000e-02 1.089272e-02
1.232847e-02 1.143393e-02
1.519911e-02 1.200203e-02
1.873817e-02 1.259835e-02
2.310130e-02 1.322431e-02
2.848036e-02 1.388137e-02
3.511192e-02 1.457107e-02
4.328761e-02 1.529504e-02
5.336699e-02 1.605499e-02
6.579332e-02 1.685269e-02
8.111308e-02 1.769002e-02
1.000000e-01 1.856896e-02
1.232847e-01 1.949157e-02
1.519911e-01 2.046002e-02
1.873817e-01 2.147659e-02
2.310130e-01 2.254367e-02
2.848036e-01 2.366376e-02
3.511192e-01 2.483951e-02
4.328761e-01 2.607369e-02
5.336699e-01 2.736919e-02
6.579332e-01 2.872911e-02
8.111308e-01 3.015667e-02
1.000000e+00 3.165531e-02
1.232847e+00 3.322871e-02
1.519911e+00 3.488080e-02
1.873817e+00 3.661585e-02
2.310130e+00 3.843850e-02
2.848036e+00 4.035386e-02
3.511192e+00 4.236760e-02
4.328761e+00 4.448604e-02
5.336699e+00 4.671627e-02
6.579332e+00 4.906628e-02
8.111308e+00 5.154502e-02
1.000000e+01 5.416258e-02
1.232847e+01 5.693020e-02
1.519911e+01 5.986035e-02
1.873817e+01 6.296667e-02
2.310130e+01 6.626388e-02
2.848036e+01 6.976749e-02
3.511192e+01 7.349338e-02
4.328761e+01 7.745713e-02
5.336699e+01 8.167303e-02
6.579332e+01 8.615272e-02
8.111308e+01 9.090337e-02
1.000000e+02 9.592522e-02
1.232847e+02 1.012086e-01
1.519911e+02 1.067301e-01
1.873817e+02 1.124483e-01
2.310130e+02 1.182987e-01
2.848036e+02 1.241883e-01
3.511192e+02 1.299911e-01
4.328761e+02 1.355437e-01
5.336699e+02 1.406435e-01
6.579332e+02 1.450501e-01
8.111308e+02 1.484914e-01
1.000000e+03 1.506749e-01
1.232847e+03 1.513060e-01
1.519911e+03 1.501113e-01
1.873817e+03 1.468678e-01
2.310130e+03 1.414337e-01
2.848036e+03 1.337773e-01
3.511192e+03 1.240007e-01
4.328761e+03 1.123520e-01
5.336699e+03 9.922443e-02
6.579332e+03 8.513913e-02
8.111308e+03 7.071148e-02
1.000000e+04 5.660180e-02
1.232847e+04 4.345202e-02
1.519911e+04 3.181389e-02
1.873817e+04 2.208011e-02
2.310130e+04 1.443383e-02
2.848036e+04 8.832558e-03
3.511192e+04 5.035035e-03
4.328761e+04 2.668309e-03
5.336699e+04 1.317657e-03
6.579332e+04 6.108596e-04
8.111308e+04 2.689671e-04
1.000000e+05 1.139901e-04
1.232847e+05 4.707934e-05
1.519911e+05 1.913551e-05
1.873817e+05 7.706263e-06
2.310130e+05 3.088034e-06
2.848036e+05 1.234272e-06
3.511192e+05 4.927150e-07
4.328761e+05 1.965731e-07
5.336699e+05 7.840345e-08
6.579332e+05 3.126754e-08
8.111308e+05 1.246893e-08
1.000000e+06 4.972275e-09
1.232847e+06 1.982790e-09
1.519911e+06 7.906725e-10
1.873817e+06 3.152940e-10
2.310130e+06 1.257288e-10
2.848036e+06 5.013642e-11
3.511192e+06 1.999273e-11
4.328761e+06 7.972429e-12
5.336699e+06 3.179138e-12
6.579332e+06 1.267734e-12
8.111308e+06 5.055297e-13
1.000000e+07 2.015883e-13
