1.000000e-02 5.091640e-03
1.232847e-02 5.378568e-03
1.519911e-02 5.681665e-03
1.873817e-02 6.001842e-03
2.310130e-02 6.340062e-03
2.848036e-02 6.697342e-03
3.511192e-02 7.074756e-03
4.328761e-02 7.473438e-03
5.336699e-02 7.894586e-03
6.579332e-02 8.339468e-03
8.111308e-02 8.809420e-03
1.000000e-01 9.305854e-03
1.232847e-01 9.830265e-03
1.519911e-01 1.038423e-02
1.873817e-01 1.096941e-02
2.310130e-01 1.158756e-02
2.848036e-01 1.224055e-02
3.511192e-01 1.293034e-02
4.328761e-01 1.365900e-02
5.336699e-01 1.442873e-02
6.579332e-01 1.524183e-02
8.111308e-01 1.610075e-02
1.000000e+00 1.700809e-02
1.232847e+00 1.796658e-02
1.519911e+00 1.897912e-02
1.873817e+00 2.004878e-02
2.310130e+00 2.117883e-02
2.848036e+00 2.237273e-02
3.511192e+00 2.363418e-02
4.328761e+00 2.496715e-02
5.336699e+00 2.637586e-02
6.579332e+00 2.786486e-02
8.111308e+00 2.943904e-02
1.000000e+01 3.110367e-02
1.232847e+01 3.286446e-02
1.519911e+01 3.472755e-02
1.873817e+01 3.669960e-02
2.310130e+01 3.878775e-02
2.848036e+01 4.099970e-02
3.511192e+01 4.334364e-02
4.328761e+01 4.582826e-02
5.336699e+01 4.846264e-02
6.579332e+01 5.125617e-02
8.111308e+01 5.421832e-02
1.000000e+02 5.735841e-02
1.232847e+02 6.068524e-02
1.519911e+02 6.420664e-02
1.873817e+02 6.792888e-02
2.310130e+02 7.185600e-02
2.848036e+02 7.598894e-02
3.511192e+02 8.032461e-02
4.328761e+02 8.485488e-02
5.336699e+02 8.956543e-02
6.579332e+02 9.443471e-02
8.111308e+02 9.943293e-02
1.000000e+03 1.045212e-01
1.232847e+03 1.096512e-01
1.519911e+03 1.147645e-01
1.873817e+03 1.197931e-01
2.310130e+03 1.246598e-01
2.848036e+03 1.292786e-01
3.511192e+03 1.335550e-01
4.328761e+03 1.373859e-01
5.336699e+03 1.406582e-01
6.579332e+03 1.432460e-01
8.111308e+03 1.450063e-01
1.000000e+04 1.457739e-01
1.232847e+04 1.453560e-01
1.519911e+04 1.435312e-01
1.873817e+04 1.400557e-01
2.310130e+04 1.346841e-01
2.848036e+04 1.272095e-01
3.511192e+04 1.175251e-01
4.328761e+04 1.057017e-01
5.336699e+04 9.205879e-02
6.579332e+04 7.719984e-02
8.111308e+04 6.197487e-02
1.000000e+05 4.735711e-02
1.232847e+05 3.425749e-02
1.519911e+05 2.333972e-02
1.873817e+05 1.490565e-02
2.310130e+05 8.887843e-03
2.848036e+05 4.936532e-03
3.511192e+05 2.555890e-03
4.328761e+05 1.239796e-03
5.336699e+05 5.687960e-04
6.579332e+05 2.498617e-04
8.111308e+05 1.064268e-04
1.000000e+06 4.443167e-05
1.232847e+06 1.832722e-05
1.519911e+06 7.508584e-06
1.873817e+06 3.065211e-06
2.310130e+06 1.249043e-06
2.848036e+06 5.085297e-07
3.511192e+06 2.069575e-07
4.328761e+06 8.421118e-08
5.336699e+06 3.426313e-08
6.579332e+06 1.394032e-08
8.111308e+06 5.671724e-09
1.000000e+07 2.307581e-09
