1.000000e-02 1.158733e-02
1.232847e-02 1.219974e-02
1.519911e-02 1.284453e-02
1.873817e-02 1.352339e-02
2.310130e-02 1.423813e-02
2.848036e-02 1.499064e-02
3.511192e-02 1.578293e-02
4.328761e-02 1.661709e-02
5.336699e-02 1.749534e-02
6.579332e-02 1.842001e-02
8.111308e-02 1.939355e-02
1.000000e-01 2.041854e-02
1.232847e-01 2.149770e-02
1.519911e-01 2.263390e-02
1.873817e-01 2.383015e-02
2.310130e-01 2.508963e-02
2.848036e-01 2.641567e-02
3.511192e-01 2.781179e-02
4.328761e-01 2.928170e-02
5.336699e-01 3.082927e-02
6.579332e-01 3.245860e-02
8.111308e-01 3.417396e-02
1.000000e+00 3.597981e-02
1.232847e+00 3.788076e-02
1.519911e+00 3.988157e-02
1.873817e+00 4.198708e-02
2.310130e+00 4.420214e-02
2.848036e+00 4.653152e-02
3.511192e+00 4.897974e-02
4.328761e+00 5.155096e-02
5.336699e+00 5.424869e-02
6.579332e+00 5.707553e-02
8.111308e+00 6.003281e-02
1.000000e+01 6.312018e-02
1.232847e+01 6.633507e-02
1.519911e+01 6.967211e-02
1.873817e+01 7.312242e-02
2.310130e+01 7.667286e-02
2.848036e+01 8.030522e-02
3.511192e+01 8.399534e-02
4.328761e+01 8.771235e-02
5.336699e+01 9.141799e-02
6.579332e+01 9.506609e-02
8.111308e+01 9.860256e-02
1.000000e+02 1.019658e-01
1.232847e+02 1.050876e-01
1.519911e+02 1.078954e-01
1.873817e+02 1.103150e-01
2.310130e+02 1.122742e-01
2.848036e+02 1.137073e-01
3.511192e+02 1.145606e-01
4.328761e+02 1.147974e-01
5.336699e+02 1.144025e-01
6.579332e+02 1.133857e-01
8.111308e+02 1.117839e-01
1.000000e+03 1.096594e-01
1.232847e+03 1.070974e-01
1.519911e+03 1.041989e-01
1.873817e+03 1.010728e-01
2.310130e+03 9.782476e-02
2.848036e+03 9.454565e-02
3.511192e+03 9.129816e-02
4.328761e+03 8.810286e-02
5.336699e+03 8.492327e-02
6.579332e+03 8.165097e-02
8.111308e+03 7.809334e-02
1.000000e+04 7.397089e-02
1.232847e+04 6.893740e-02
1.519911e+04 6.264259e-02
1.873817e+04 5.485517e-02
2.310130e+04 4.563754e-02
2.848036e+04 3.550163e-02
3.511192e+04 2.540854e-02
4.328761e+04 1.649903e-02
5.336699e+04 9.634762e-03
6.579332e+04 5.053879e-03
8.111308e+04 2.399742e-03
1.000000e+05 1.047550e-03
1.232847e+05 4.287878e-04
1.519911e+05 1.678618e-04
1.873817e+05 6.389264e-05
2.310130e+05 2.392629e-05
2.848036e+05 8.881692e-06
3.511192e+05 3.282446e-06
4.328761e+05 1.210551e-06
5.336699e+05 4.460166e-07
6.579332e+05 1.642613e-07
8.111308e+05 6.048415e-08
1.000000e+06 2.226976e-08
1.232847e+06 8.199292e-09
1.519911e+06 3.018783e-09
1.873817e+06 1.111439e-09
2.310130e+06 4.092025e-10
2.848036e+06 1.506575e-10
3.511192e+06 5.546809e-11
4.328761e+06 2.042187e-11
5.336699e+06 7.518788e-12
6.579332e+06 2.768217e-12
8.111308e+06 1.019184e-12
1.000000e+07 3.752362e-13
