1.000000e-02 1.030621e-02
1.232847e-02 1.083204e-02
1.519911e-02 1.138469e-02
1.873817e-02 1.196554e-02
2.310130e-02 1.257603e-02
2.848036e-02 1.321767e-02
3.511192e-02 1.389204e-02
4.328761e-02 1.460082e-02
5.336699e-02 1.534576e-02
6.579332e-02 1.612870e-02
8.111308e-02 1.695160e-02
1.000000e-01 1.781648e-02
1.232847e-01 1.872548e-02
1.519911e-01 1.968086e-02
1.873817e-01 2.068499e-02
2.310130e-01 2.174035e-02
2.848036e-01 2.284955e-02
3.511192e-01 2.401535e-02
4.328761e-01 2.524063e-02
5.336699e-01 2.652844e-02
6.579332e-01 2.788198e-02
8.111308e-01 2.930466e-02
1.000000e+00 3.080006e-02
1.232847e+00 3.237202e-02
1.519911e+00 3.402466e-02
1.873817e+00 3.576239e-02
2.310130e+00 3.759005e-02
2.848036e+00 3.951291e-02
3.511192e+00 4.153677e-02
4.328761e+00 4.366809e-02
5.336699e+00 4.591406e-02
6.579332e+00 4.828267e-02
8.111308e+00 5.078290e-02
1.000000e+01 5.342472e-02
1.232847e+01 5.621916e-02
1.519911e+01 5.917837e-02
1.873817e+01 6.231552e-02
2.310130e+01 6.564462e-02
2.848036e+01 6.918029e-02
3.511192e+01 7.293720e-02
4.328761e+01 7.692940e-02
5.336699e+01 8.116921e-02
6.579332e+01 8.566580e-02
8.111308e+01 9.042322e-02
1.000000e+02 9.543789e-02
1.232847e+02 1.006954e-01
1.519911e+02 1.061666e-01
1.873817e+02 1.118032e-01
2.310130e+02 1.175326e-01
2.848036e+02 1.232527e-01
3.511192e+02 1.288273e-01
4.328761e+02 1.340826e-01
5.336699e+02 1.388062e-01
6.579332e+02 1.427505e-01
8.111308e+02 1.456415e-01
1.000000e+03 1.471941e-01
1.232847e+03 1.471360e-01
1.519911e+03 1.452368e-01
1.873817e+03 1.413424e-01
2.310130e+03 1.354063e-01
2.848036e+03 1.275150e-01
3.511192e+03 1.178974e-01
4.328761e+03 1.069152e-01
5.336699e+03 9.503218e-02
6.579332e+03 8.276631e-02
8.111308e+03 7.063236e-02
1.000000e+04 5.908698e-02
1.232847e+04 4.848636e-02
1.519911e+04 3.906394e-02
1.873817e+04 3.092955e-02
2.310130e+04 2.408618e-02
2.848036e+04 1.845713e-02
3.511192e+04 1.391618e-02
4.328761e+04 1.031460e-02
5.336699e+04 7.501712e-03
6.579332e+04 5.338164e-03
8.111308e+04 3.702262e-03
1.000000e+05 2.491145e-03
1.232847e+05 1.618571e-03
1.519911e+05 1.011352e-03
1.873817e+05 6.062845e-04
2.310130e+05 3.487605e-04
2.848036e+05 1.930988e-04
3.511192e+05 1.034678e-04
4.328761e+05 5.401849e-05
5.336699e+05 2.766621e-05
6.579332e+05 1.398298e-05
8.111308e+05 7.006354e-06
1.000000e+06 3.491802e-06
1.232847e+06 1.734667e-06
1.519911e+06 8.601676e-07
1.873817e+06 4.260935e-07
2.310130e+06 2.109531e-07
2.848036e+06 1.044096e-07
3.511192e+06 5.166911e-08
4.328761e+06 2.556761e-08
5.336699e+06 1.265130e-08
6.579332e+06 6.260002e-09
8.111308e+06 3.097504e-09
1.000000e+07 1.532671e-09
