1.000000e-02 7.122781e-03
1.232847e-02 7.519627e-03
1.519911e-02 7.938584e-03
1.873817e-02 8.380882e-03
2.310130e-02 8.847824e-03
2.848036e-02 9.340781e-03
3.511192e-02 9.861203e-03
4.328761e-02 1.041062e-02
5.336699e-02 1.099065e-02
6.579332e-02 1.160299e-02
8.111308e-02 1.224946e-02
1.000000e-01 1.293194e-02
1.232847e-01 1.365244e-02
1.519911e-01 1.441309e-02
1.873817e-01 1.521611e-02
2.310130e-01 1.606388e-02
2.848036e-01 1.695888e-02
3.511192e-01 1.790375e-02
4.328761e-01 1.890125e-02
5.336699e-01 1.995434e-02
6.579332e-01 2.106609e-02
8.111308e-01 2.223978e-02
1.000000e+00 2.347884e-02
1.232847e+00 2.478692e-02
1.519911e+00 2.616782e-02
1.873817e+00 2.762558e-02
2.310130e+00 2.916442e-02
2.848036e+00 3.078877e-02
3.511192e+00 3.250326e-02
4.328761e+00 3.431273e-02
5.336699e+00 3.622221e-02
6.579332e+00 3.823686e-02
8.111308e+00 4.036203e-02
1.000000e+01 4.260311e-02
1.232847e+01 4.496553e-02
1.519911e+01 4.745468e-02
1.873817e+01 5.007575e-02
2.310130e+01 5.283362e-02
2.848036e+01 5.573265e-02
3.511192e+01 5.877643e-02
4.328761e+01 6.196754e-02
5.336699e+01 6.530713e-02
6.579332e+01 6.879450e-02
8.111308e+01 7.242665e-02
1.000000e+02 7.619768e-02
1.232847e+02 8.009814e-02
1.519911e+02 8.411439e-02
1.873817e+02 8.822786e-02
2.310130e+02 9.241438e-02
2.848036e+02 9.664345e-02
3.511192e+02 1.008777e-01
4.328761e+02 1.050725e-01
5.336699e+02 1.091757e-01
6.579332e+02 1.131276e-01
8.111308e+02 1.168614e-01
1.000000e+03 1.203040e-01
1.232847e+03 1.233768e-01
1.519911e+03 1.259969e-01
1.873817e+03 1.280790e-01
2.310130e+03 1.295363e-01
2.848036e+03 1.302829e-01
3.511192e+03 1.302343e-01
4.328761e+03 1.293099e-01
5.336699e+03 1.274342e-01
6.579332e+03 1.245395e-01
8.111308e+03 1.205691e-01
1.000000e+04 1.154836e-01
1.232847e+04 1.092688e-01
1.519911e+04 1.019481e-01
1.873817e+04 9.359613e-02
2.310130e+04 8.435310e-02
2.848036e+04 7.443508e-02
3.511192e+04 6.413444e-02
4.328761e+04 5.380595e-02
5.336699e+04 4.383579e-02
6.579332e+04 3.459647e-02
8.111308e+04 2.639676e-02
1.000000e+05 1.944022e-02
1.232847e+05 1.380432e-02
1.519911e+05 9.445628e-03
1.873817e+05 6.227112e-03
2.310130e+05 3.956677e-03
2.848036e+05 2.425366e-03
3.511192e+05 1.436817e-03
4.328761e+05 8.249513e-04
5.336699e+05 4.608334e-04
6.579332e+05 2.516398e-04
8.111308e+05 1.349855e-04
1.000000e+06 7.146557e-05
1.232847e+06 3.749163e-05
1.519911e+06 1.954981e-05
1.873817e+06 1.015526e-05
2.310130e+06 5.263050e-06
2.848036e+06 2.723983e-06
3.511192e+06 1.408806e-06
4.328761e+06 7.283348e-07
5.336699e+06 3.764698e-07
6.579332e+06 1.945785e-07
8.111308e+06 1.005652e-07
1.000000e+07 5.197552e-08
