1.000000e-02 1.409042e-02
1.232847e-02 1.481916e-02
1.519911e-02 1.558560e-02
1.873817e-02 1.639168e-02
2.310130e-02 1.723944e-02
2.848036e-02 1.813105e-02
3.511192e-02 1.906878e-02
4.328761e-02 2.005500e-02
5.336699e-02 2.109223e-02
6.579332e-02 2.218310e-02
8.111308e-02 2.333039e-02
1.000000e-01 2.453702e-02
1.232847e-01 2.580606e-02
1.519911e-01 2.714073e-02
1.873817e-01 2.854442e-02
2.310130e-01 3.002072e-02
2.848036e-01 3.157337e-02
3.511192e-01 3.320631e-02
4.328761e-01 3.492371e-02
5.336699e-01 3.672991e-02
6.579332e-01 3.862948e-02
8.111308e-01 4.062719e-02
1.000000e+00 4.272801e-02
1.232847e+00 4.493707e-02
1.519911e+00 4.725964e-02
1.873817e+00 4.970103e-02
2.310130e+00 5.226651e-02
2.848036e+00 5.496116e-02
3.511192e+00 5.778971e-02
4.328761e+00 6.075626e-02
5.336699e+00 6.386398e-02
6.579332e+00 6.711470e-02
8.111308e+00 7.050844e-02
1.000000e+01 7.404279e-02
1.232847e+01 7.771220e-02
1.519911e+01 8.150719e-02
1.873817e+01 8.541337e-02
2.310130e+01 8.941046e-02
2.848036e+01 9.347120e-02
3.511192e+01 9.756026e-02
4.328761e+01 1.016332e-01
5.336699e+01 1.056358e-01
6.579332e+01 1.095034e-01
8.111308e+01 1.131609e-01
1.000000e+02 1.165234e-01
1.232847e+02 1.194981e-01
1.519911e+02 1.219860e-01
1.873817e+02 1.238860e-01
2.310130e+02 1.250993e-01
2.848036e+02 1.255346e-01
3.511192e+02 1.251143e-01
4.328761e+02 1.237806e-01
5.336699e+02 1.215001e-01
6.579332e+02 1.182689e-01
8.111308e+02 1.141135e-01
1.000000e+03 1.090918e-01
1.232847e+03 1.032896e-01
1.519911e+03 9.681753e-02
1.873817e+03 8.980457e-02
2.310130e+03 8.239260e-02
2.848036e+03 7.473034e-02
3.511192e+03 6.696798e-02
4.328761e+03 5.925254e-02
5.336699e+03 5.172361e-02
6.579332e+03 4.450952e-02
8.111308e+03 3.772343e-02
1.000000e+04 3.145967e-02
1.232847e+04 2.579045e-02
1.519911e+04 2.076334e-02
1.873817e+04 1.640001e-02
2.310130e+04 1.269638e-02
2.848036e+04 9.624619e-03
3.511192e+04 7.136979e-03
4.328761e+04 5.171020e-03
5.336699e+04 3.655737e-03
6.579332e+04 2.517565e-03
8.111308e+04 1.685468e-03
1.000000e+05 1.094544e-03
1.232847e+05 6.880463e-04
1.519911e+05 4.180915e-04
1.873817e+05 2.455668e-04
2.310130e+05 1.396596e-04
2.848036e+05 7.718338e-05
3.511192e+05 4.165308e-05
4.328761e+05 2.206827e-05
5.336699e+05 1.153658e-05
6.579332e+05 5.975882e-06
8.111308e+05 3.077025e-06
1.000000e+06 1.578486e-06
1.232847e+06 8.079374e-07
1.519911e+06 4.129988e-07
1.873817e+06 2.109599e-07
2.310130e+06 1.077147e-07
2.848036e+06 5.498653e-08
3.511192e+06 2.806654e-08
4.328761e+06 1.432509e-08
5.336699e+06 7.311297e-09
6.579332e+06 3.731531e-09
8.111308e+06 1.904488e-09
1.000000e+07 9.720064e-10
