1.000000e-02 8.870317e-02
1.232847e-02 8.975830e-02
1.519911e-02 9.082599e-02
1.873817e-02 9.190638e-02
2.310130e-02 9.299962e-02
2.848036e-02 9.410586e-02
3.511192e-02 9.522527e-02
4.328761e-02 9.635799e-02
5.336699e-02 9.750418e-02
6.579332e-02 9.866400e-02
8.111308e-02 9.983763e-02
1.000000e-01 1.010252e-01
1.232847e-01 1.022269e-01
1.519911e-01 1.034429e-01
1.873817e-01 1.046734e-01
2.310130e-01 1.059185e-01
2.848036e-01 1.071782e-01
3.511192e-01 1.084525e-01
4.328761e-01 1.097406e-01
5.336699e-01 1.110407e-01
6.579332e-01 1.123491e-01
8.111308e-01 1.136583e-01
1.000000e+00 1.149561e-01
1.232847e+00 1.162228e-01
1.519911e+00 1.174293e-01
1.873817e+00 1.185349e-01
2.310130e+00 1.194855e-01
2.848036e+00 1.202127e-01
3.511192e+00 1.206337e-01
4.328761e+00 1.206536e-01
5.336699e+00 1.201689e-01
6.579332e+00 1.190737e-01
8.111308e+00 1.172675e-01
1.000000e+01 1.146650e-01
1.232847e+01 1.112058e-01
1.519911e+01 1.068642e-01
1.873817e+01 1.016560e-01
2.310130e+01 9.564235e-02
2.848036e+01 8.892836e-02
3.511192e+01 8.165796e-02
4.328761e+01 7.400420e-02
5.336699e+01 6.615696e-02
6.579332e+01 5.830976e-02
8.111308e+01 5.064701e-02
1.000000e+02 4.333339e-02
1.232847e+02 3.650591e-02
1.519911e+02 3.026903e-02
1.873817e+02 2.469263e-02
2.310130e+02 1.981230e-02
2.848036e+02 1.563169e-02
3.511192e+02 1.212636e-02
4.328761e+02 9.249098e-03
5.336699e+02 6.936220e-03
6.579332e+02 5.114279e-03
8.111308e+02 3.706571e-03
1.000000e+03 2.638710e-03
1.232847e+03 1.842783e-03
1.519911e+03 1.259831e-03
1.873817e+03 8.407376e-04
2.310130e+03 5.458219e-04
2.848036e+03 3.435957e-04
3.511192e+03 2.092280e-04
4.328761e+03 1.231743e-04
5.336699e+03 7.022635e-05
6.579332e+03 3.892549e-05
8.111308e+03 2.108530e-05
1.000000e+04 1.122374e-05
1.232847e+04 5.900498e-06
1.519911e+04 3.076064e-06
1.873817e+04 1.594996e-06
2.310130e+04 8.242844e-07
2.848036e+04 4.251379e-07
3.511192e+04 2.190180e-07
4.328761e+04 1.127572e-07
5.336699e+04 5.802950e-08
6.579332e+04 2.985835e-08
8.111308e+04 1.536156e-08
1.000000e+05 7.902765e-09
1.232847e+05 4.065456e-09
1.519911e+05 2.091376e-09
1.873817e+05 1.075849e-09
2.310130e+05 5.534373e-10
2.848036e+05 2.846981e-10
3.511192e+05 1.464536e-10
4.328761e+05 7.533822e-11
5.336699e+05 3.875524e-11
6.579332e+05 1.993634e-11
8.111308e+05 1.025559e-11
1.000000e+06 5.275644e-12
1.232847e+06 2.713879e-12
1.519911e+06 1.396064e-12
1.873817e+06 7.181586e-13
2.310130e+06 3.694327e-13
2.848036e+06 1.900423e-13
3.511192e+06 9.776092e-14
4.328761e+06 5.028984e-14
5.336699e+06 2.586993e-14
6.579332e+06 1.330792e-14
8.111308e+06 6.845815e-15
1.000000e+07 3.521601e-15
