1.000000e-02 1.517418e-02
1.232847e-02 1.596255e-02
1.519911e-02 1.679187e-02
1.873817e-02 1.766428e-02
2.310130e-02 1.858202e-02
2.848036e-02 1.954744e-02
3.511192e-02 2.056301e-02
4.328761e-02 2.163135e-02
5.336699e-02 2.275520e-02
6.579332e-02 2.393743e-02
8.111308e-02 2.518109e-02
1.000000e-01 2.648936e-02
1.232847e-01 2.786560e-02
1.519911e-01 2.931334e-02
1.873817e-01 3.083630e-02
2.310130e-01 3.243838e-02
2.848036e-01 3.412370e-02
3.511192e-01 3.589657e-02
4.328761e-01 3.776155e-02
5.336699e-01 3.972341e-02
6.579332e-01 4.178716e-02
8.111308e-01 4.395804e-02
1.000000e+00 4.624154e-02
1.232847e+00 4.864331e-02
1.519911e+00 5.116918e-02
1.873817e+00 5.382506e-02
2.310130e+00 5.661682e-02
2.848036e+00 5.955014e-02
3.511192e+00 6.263027e-02
4.328761e+00 6.586170e-02
5.336699e+00 6.924779e-02
6.579332e+00 7.279019e-02
8.111308e+00 7.648817e-02
1.000000e+01 8.033779e-02
1.232847e+01 8.433089e-02
1.519911e+01 8.845389e-02
1.873817e+01 9.268645e-02
2.310130e+01 9.699997e-02
2.848036e+01 1.013560e-01
3.511192e+01 1.057049e-01
4.328761e+01 1.099840e-01
5.336699e+01 1.141171e-01
6.579332e+01 1.180140e-01
8.111308e+01 1.215706e-01
1.000000e+02 1.246710e-01
1.232847e+02 1.271906e-01
1.519911e+02 1.290008e-01
1.873817e+02 1.299755e-01
2.310130e+02 1.299990e-01
2.848036e+02 1.289752e-01
3.511192e+02 1.268359e-01
4.328761e+02 1.235498e-01
5.336699e+02 1.191278e-01
6.579332e+02 1.136271e-01
8.111308e+02 1.071498e-01
1.000000e+03 9.983893e-02
1.232847e+03 9.187082e-02
1.519911e+03 8.344503e-02
1.873817e+03 7.477317e-02
2.310130e+03 6.606751e-02
2.848036e+03 5.753029e-02
3.511192e+03 4.934420e-02
4.328761e+03 4.166433e-02
5.336699e+03 3.461215e-02
6.579332e+03 2.827182e-02
8.111308e+03 2.268945e-02
1.000000e+04 1.787526e-02
1.232847e+04 1.380839e-02
1.519911e+04 1.044352e-02
1.873817e+04 7.718306e-03
2.310130e+04 5.560532e-03
2.848036e+04 3.894043e-03
3.511192e+04 2.642907e-03
4.328761e+04 1.733876e-03
5.336699e+04 1.097785e-03
6.579332e+04 6.708577e-04
8.111308e+04 3.965626e-04
1.000000e+05 2.276853e-04
1.232847e+05 1.276411e-04
1.519911e+05 7.025741e-05
1.873817e+05 3.816310e-05
2.310130e+05 2.054237e-05
2.848036e+05 1.099183e-05
3.511192e+05 5.859427e-06
4.328761e+05 3.116309e-06
5.336699e+05 1.655122e-06
6.579332e+05 8.783590e-07
8.111308e+05 4.659241e-07
1.000000e+06 2.470849e-07
1.232847e+06 1.310131e-07
1.519911e+06 6.946228e-08
1.873817e+06 3.682687e-08
2.310130e+06 1.952408e-08
2.848036e+06 1.035073e-08
3.511192e+06 5.487427e-09
4.328761e+06 2.909144e-09
5.336699e+06 1.542272e-09
6.579332e+06 8.176298e-10
8.111308e+06 4.334632e-10
1.000000e+07 2.297988e-10
