1.000000e-02 1.266697e-02
1.232847e-02 1.331884e-02
1.519911e-02 1.400426e-02
1.873817e-02 1.472495e-02
2.310130e-02 1.548273e-02
2.848036e-02 1.627951e-02
3.511192e-02 1.711729e-02
4.328761e-02 1.799819e-02
5.336699e-02 1.892442e-02
6.579332e-02 1.989831e-02
8.111308e-02 2.092232e-02
1.000000e-01 2.199903e-02
1.232847e-01 2.313115e-02
1.519911e-01 2.432154e-02
1.873817e-01 2.557318e-02
2.310130e-01 2.688924e-02
2.848036e-01 2.827302e-02
3.511192e-01 2.972802e-02
4.328761e-01 3.125791e-02
5.336699e-01 3.286655e-02
6.579332e-01 3.455806e-02
8.111308e-01 3.633675e-02
1.000000e+00 3.820727e-02
1.232847e+00 4.017459e-02
1.519911e+00 4.224407e-02
1.873817e+00 4.442156e-02
2.310130e+00 4.671350e-02
2.848036e+00 4.912695e-02
3.511192e+00 5.166979e-02
4.328761e+00 5.435072e-02
5.336699e+00 5.717940e-02
6.579332e+00 6.016643e-02
8.111308e+00 6.332339e-02
1.000000e+01 6.666265e-02
1.232847e+01 7.019719e-02
1.519911e+01 7.394010e-02
1.873817e+01 7.790398e-02
2.310130e+01 8.209992e-02
2.848036e+01 8.653620e-02
3.511192e+01 9.121640e-02
4.328761e+01 9.613709e-02
5.336699e+01 1.012848e-01
6.579332e+01 1.066324e-01
8.111308e+01 1.121347e-01
1.000000e+02 1.177239e-01
1.232847e+02 1.233047e-01
1.519911e+02 1.287494e-01
1.873817e+02 1.338952e-01
2.310130e+02 1.385426e-01
2.848036e+02 1.424583e-01
3.511192e+02 1.453825e-01
4.328761e+02 1.470428e-01
5.336699e+02 1.471735e-01
6.579332e+02 1.455411e-01
8.111308e+02 1.419728e-01
1.000000e+03 1.363847e-01
1.232847e+03 1.288046e-01
1.519911e+03 1.193857e-01
1.873817e+03 1.084085e-01
2.310130e+03 9.626610e-02
2.848036e+03 8.343764e-02
3.511192e+03 7.044835e-02
4.328761e+03 5.782336e-02
5.336699e+03 4.603966e-02
6.579332e+03 3.548286e-02
8.111308e+03 2.641449e-02
1.000000e+04 1.895537e-02
1.232847e+04 1.308856e-02
1.519911e+04 8.681763e-03
1.873817e+04 5.524006e-03
2.310130e+04 3.367544e-03
2.848036e+04 1.965431e-03
3.511192e+04 1.098297e-03
4.328761e+04 5.884779e-04
5.336699e+04 3.033379e-04
6.579332e+04 1.512053e-04
8.111308e+04 7.336277e-05
1.000000e+05 3.488242e-05
1.232847e+05 1.635409e-05
1.519911e+05 7.597354e-06
1.873817e+05 3.509529e-06
2.310130e+05 1.615856e-06
2.848036e+05 7.425973e-07
3.511192e+05 3.409337e-07
4.328761e+05 1.564439e-07
5.336699e+05 7.176792e-08
6.579332e+05 3.291877e-08
8.111308e+05 1.509829e-08
1.000000e+06 6.924653e-09
1.232847e+06 3.175861e-09
1.519911e+06 1.456537e-09
1.873817e+06 6.680060e-10
2.310130e+06 3.063644e-10
2.848036e+06 1.405063e-10
3.511192e+06 6.443969e-11
4.328761e+06 2.955363e-11
5.336699e+06 1.355402e-11
6.579332e+06 6.216210e-12
8.111308e+06 2.850907e-12
1.000000e+07 1.307496e-12
