1.000000e-02 1.588558e-01
1.232847e-02 1.570957e-01
1.519911e-02 1.553551e-01
1.873817e-02 1.536337e-01
2.310130e-02 1.519315e-01
2.848036e-02 1.502481e-01
3.511192e-02 1.485834e-01
4.328761e-02 1.469371e-01
5.336699e-02 1.453090e-01
6.579332e-02 1.436990e-01
8.111308e-02 1.421068e-01
1.000000e-01 1.405323e-01
1.232847e-01 1.389752e-01
1.519911e-01 1.374353e-01
1.873817e-01 1.359125e-01
2.310130e-01 1.344066e-01
2.848036e-01 1.329169e-01
3.511192e-01 1.314429e-01
4.328761e-01 1.299824e-01
5.336699e-01 1.285318e-01
6.579332e-01 1.270839e-01
8.111308e-01 1.256266e-01
1.000000e+00 1.241407e-01
1.232847e+00 1.225983e-01
1.519911e+00 1.209614e-01
1.873817e+00 1.191812e-01
2.310130e+00 1.171986e-01
2.848036e+00 1.149466e-01
3.511192e+00 1.123541e-01
4.328761e+00 1.093512e-01
5.336699e+00 1.058764e-01
6.579332e+00 1.018838e-01
8.111308e+00 9.735100e-02
1.000000e+01 9.228476e-02
1.232847e+01 8.672457e-02
1.519911e+01 8.074276e-02
1.873817e+01 7.444078e-02
2.310130e+01 6.794216e-02
2.848036e+01 6.138272e-02
3.511192e+01 5.489988e-02
4.328761e+01 4.862217e-02
5.336699e+01 4.266064e-02
6.579332e+01 3.710292e-02
8.111308e+01 3.201031e-02
1.000000e+02 2.741780e-02
1.232847e+02 2.333634e-02
1.519911e+02 1.975672e-02
1.873817e+02 1.665418e-02
2.310130e+02 1.399306e-02
2.848036e+02 1.173118e-02
3.511192e+02 9.823432e-03
4.328761e+02 8.224636e-03
5.336699e+02 6.891571e-03
6.579332e+02 5.784311e-03
8.111308e+02 4.866965e-03
1.000000e+03 4.107969e-03
1.232847e+03 3.480050e-03
1.519911e+03 2.959986e-03
1.873817e+03 2.528234e-03
2.310130e+03 2.168506e-03
2.848036e+03 1.867328e-03
3.511192e+03 1.613629e-03
4.328761e+03 1.398358e-03
5.336699e+03 1.214152e-03
6.579332e+03 1.055058e-03
8.111308e+03 9.162880e-04
1.000000e+04 7.940339e-04
1.232847e+04 6.853087e-04
1.519911e+04 5.878239e-04
1.873817e+04 4.998908e-04
2.310130e+04 4.203369e-04
2.848036e+04 3.484302e-04
3.511192e+04 2.838017e-04
4.328761e+04 2.263581e-04
5.336699e+04 1.761748e-04
6.579332e+04 1.333663e-04
8.111308e+04 9.794077e-05
1.000000e+05 6.966777e-05
1.232847e+05 4.799942e-05
1.519911e+05 3.208369e-05
1.873817e+05 2.087055e-05
2.310130e+05 1.326721e-05
2.848036e+05 8.279106e-06
3.511192e+05 5.093638e-06
4.328761e+05 3.101371e-06
5.336699e+05 1.874495e-06
6.579332e+05 1.127267e-06
8.111308e+05 6.756322e-07
1.000000e+06 4.040586e-07
1.232847e+06 2.413086e-07
1.519911e+06 1.439867e-07
1.873817e+06 8.586959e-08
2.310130e+06 5.119372e-08
2.848036e+06 3.051491e-08
3.511192e+06 1.818700e-08
4.328761e+06 1.083889e-08
5.336699e+06 6.459452e-09
6.579332e+06 3.849471e-09
8.111308e+06 2.294058e-09
1.000000e+07 1.367122e-09
