1.000000e-02 6.003368e-03
1.232847e-02 6.345724e-03
1.519911e-02 6.707604e-03
1.873817e-02 7.090120e-03
2.310130e-02 7.494451e-03
2.848036e-02 7.921840e-03
3.511192e-02 8.373601e-03
4.328761e-02 8.851126e-03
5.336699e-02 9.355882e-03
6.579332e-02 9.889423e-03
8.111308e-02 1.045339e-02
1.000000e-01 1.104952e-02
1.232847e-01 1.167964e-02
1.519911e-01 1.234570e-02
1.873817e-01 1.304975e-02
2.310130e-01 1.379394e-02
2.848036e-01 1.458057e-02
3.511192e-01 1.541206e-02
4.328761e-01 1.629097e-02
5.336699e-01 1.722000e-02
6.579332e-01 1.820201e-02
8.111308e-01 1.924002e-02
1.000000e+00 2.033722e-02
1.232847e+00 2.149699e-02
1.519911e+00 2.272289e-02
1.873817e+00 2.401868e-02
2.310130e+00 2.538834e-02
2.848036e+00 2.683606e-02
3.511192e+00 2.836626e-02
4.328761e+00 2.998359e-02
5.336699e+00 3.169296e-02
6.579332e+00 3.349950e-02
8.111308e+00 3.540857e-02
1.000000e+01 3.742577e-02
1.232847e+01 3.955690e-02
1.519911e+01 4.180790e-02
1.873817e+01 4.418483e-02
2.310130e+01 4.669377e-02
2.848036e+01 4.934070e-02
3.511192e+01 5.213136e-02
4.328761e+01 5.507104e-02
5.336699e+01 5.816434e-02
6.579332e+01 6.141481e-02
8.111308e+01 6.482463e-02
1.000000e+02 6.839405e-02
1.232847e+02 7.212090e-02
1.519911e+02 7.599987e-02
1.873817e+02 8.002187e-02
2.310130e+02 8.417311e-02
2.848036e+02 8.843436e-02
3.511192e+02 9.278000e-02
4.328761e+02 9.717724e-02
5.336699e+02 1.015853e-01
6.579332e+02 1.059550e-01
8.111308e+02 1.102282e-01
1.000000e+03 1.143380e-01
1.232847e+03 1.182090e-01
1.519911e+03 1.217581e-01
1.873817e+03 1.248959e-01
2.310130e+03 1.275283e-01
2.848036e+03 1.295587e-01
3.511192e+03 1.308906e-01
4.328761e+03 1.314301e-01
5.336699e+03 1.310893e-01
6.579332e+03 1.297901e-01
8.111308e+03 1.274678e-01
1.000000e+04 1.240758e-01
1.232847e+04 1.195910e-01
1.519911e+04 1.140196e-01
1.873817e+04 1.074030e-01
2.310130e+04 9.982419e-02
2.848036e+04 9.141235e-02
3.511192e+04 8.234504e-02
4.328761e+04 7.284587e-02
5.336699e+04 6.317611e-02
6.579332e+04 5.361936e-02
8.111308e+04 4.446000e-02
1.000000e+05 3.595760e-02
1.232847e+05 2.832189e-02
1.519911e+05 2.169344e-02
1.873817e+05 1.613491e-02
2.310130e+05 1.163421e-02
2.848036e+05 8.117912e-03
3.511192e+05 5.470207e-03
4.328761e+05 3.552466e-03
5.336699e+05 2.219915e-03
6.579332e+05 1.334203e-03
8.111308e+05 7.722395e-04
1.000000e+06 4.319065e-04
1.232847e+06 2.346216e-04
1.519911e+06 1.245483e-04
1.873817e+06 6.500475e-05
2.310130e+06 3.353508e-05
2.848036e+06 1.717157e-05
3.511192e+06 8.753359e-06
4.328761e+06 4.450970e-06
5.336699e+06 2.260390e-06
6.579332e+06 1.147275e-06
8.111308e+06 5.821928e-07
1.000000e+07 2.954274e-07
