1.000000e-02 7.668259e-02
1.232847e-02 7.784447e-02
1.519911e-02 7.902395e-02
1.873817e-02 8.022130e-02
2.310130e-02 8.143680e-02
2.848036e-02 8.267071e-02
3.511192e-02 8.392332e-02
4.328761e-02 8.519490e-02
5.336699e-02 8.648576e-02
6.579332e-02 8.779617e-02
8.111308e-02 8.912644e-02
1.000000e-01 9.047686e-02
1.232847e-01 9.184774e-02
1.519911e-01 9.323940e-02
1.873817e-01 9.465214e-02
2.310130e-01 9.608626e-02
2.848036e-01 9.754203e-02
3.511192e-01 9.901958e-02
4.328761e-01 1.005187e-01
5.336699e-01 1.020385e-01
6.579332e-01 1.035767e-01
8.111308e-01 1.051289e-01
1.000000e+00 1.066875e-01
1.232847e+00 1.082398e-01
1.519911e+00 1.097671e-01
1.873817e+00 1.112425e-01
2.310130e+00 1.126299e-01
2.848036e+00 1.138823e-01
3.511192e+00 1.149421e-01
4.328761e+00 1.157406e-01
5.336699e+00 1.162002e-01
6.579332e+00 1.162369e-01
8.111308e+00 1.157644e-01
1.000000e+01 1.147001e-01
1.232847e+01 1.129712e-01
1.519911e+01 1.105221e-01
1.873817e+01 1.073204e-01
2.310130e+01 1.033630e-01
2.848036e+01 9.867886e-02
3.511192e+01 9.332994e-02
4.328761e+01 8.740857e-02
5.336699e+01 8.103222e-02
6.579332e+01 7.433609e-02
8.111308e+01 6.746453e-02
1.000000e+02 6.056221e-02
1.232847e+02 5.376624e-02
1.519911e+02 4.719959e-02
1.873817e+02 4.096638e-02
2.310130e+02 3.514908e-02
2.848036e+02 2.980757e-02
3.511192e+02 2.497964e-02
4.328761e+02 2.068268e-02
5.336699e+02 1.691617e-02
6.579332e+02 1.366444e-02
8.111308e+02 1.089963e-02
1.000000e+03 8.584549e-03
1.232847e+03 6.675531e-03
1.519911e+03 5.125158e-03
1.873817e+03 3.884796e-03
2.310130e+03 2.906847e-03
2.848036e+03 2.146597e-03
3.511192e+03 1.563567e-03
4.328761e+03 1.122333e-03
5.336699e+03 7.928204e-04
6.579332e+03 5.501730e-04
8.111308e+03 3.742760e-04
1.000000e+04 2.490879e-04
1.232847e+04 1.619100e-04
1.519911e+04 1.027192e-04
1.873817e+04 6.364142e-05
2.310130e+04 3.858127e-05
2.848036e+04 2.295406e-05
3.511192e+04 1.345007e-05
4.328761e+04 7.789576e-06
5.336699e+04 4.473016e-06
6.579332e+04 2.553301e-06
8.111308e+04 1.451658e-06
1.000000e+05 8.231762e-07
1.232847e+05 4.660161e-07
1.519911e+05 2.635489e-07
1.873817e+05 1.489525e-07
2.310130e+05 8.415303e-08
2.848036e+05 4.753284e-08
3.511192e+05 2.684480e-08
4.328761e+05 1.515978e-08
5.336699e+05 8.560632e-09
6.579332e+05 4.834011e-09
8.111308e+05 2.729624e-09
1.000000e+06 1.541326e-09
1.232847e+06 8.703301e-10
1.519911e+06 4.914421e-10
1.873817e+06 2.774981e-10
2.310130e+06 1.566922e-10
2.848036e+06 8.847780e-11
3.511192e+06 4.995987e-11
4.328761e+06 2.821033e-11
5.336699e+06 1.592924e-11
6.579332e+06 8.994602e-12
8.111308e+06 5.078890e-12
1.000000e+07 2.867845e-12
