1.000000e-02 5.815768e-03
1.232847e-02 6.137462e-03
1.519911e-02 6.476950e-03
1.873817e-02 6.835217e-03
2.310130e-02 7.213301e-03
2.848036e-02 7.612299e-03
3.511192e-02 8.033366e-03
4.328761e-02 8.477725e-03
5.336699e-02 8.946663e-03
6.579332e-02 9.441540e-03
8.111308e-02 9.963791e-03
1.000000e-01 1.051493e-02
1.232847e-01 1.109655e-02
1.519911e-01 1.171035e-02
1.873817e-01 1.235810e-02
2.310130e-01 1.304167e-02
2.848036e-01 1.376306e-02
3.511192e-01 1.452436e-02
4.328761e-01 1.532776e-02
5.336699e-01 1.617560e-02
6.579332e-01 1.707034e-02
8.111308e-01 1.801457e-02
1.000000e+00 1.901103e-02
1.232847e+00 2.006261e-02
1.519911e+00 2.117236e-02
1.873817e+00 2.234350e-02
2.310130e+00 2.357945e-02
2.848036e+00 2.488380e-02
3.511192e+00 2.626037e-02
4.328761e+00 2.771321e-02
5.336699e+00 2.924660e-02
6.579332e+00 3.086510e-02
8.111308e+00 3.257356e-02
1.000000e+01 3.437716e-02
1.232847e+01 3.628138e-02
1.519911e+01 3.829208e-02
1.873817e+01 4.041549e-02
2.310130e+01 4.265823e-02
2.848036e+01 4.502727e-02
3.511192e+01 4.752995e-02
4.328761e+01 5.017392e-02
5.336699e+01 5.296707e-02
6.579332e+01 5.591740e-02
8.111308e+01 5.903285e-02
1.000000e+02 6.232109e-02
1.232847e+02 6.578922e-02
1.519911e+02 6.944335e-02
1.873817e+02 7.328814e-02
2.310130e+02 7.732616e-02
2.848036e+02 8.155719e-02
3.511192e+02 8.597738e-02
4.328761e+02 9.057820e-02
5.336699e+02 9.534536e-02
6.579332e+02 1.002575e-01
8.111308e+02 1.052850e-01
1.000000e+03 1.103880e-01
1.232847e+03 1.155155e-01
1.519911e+03 1.206030e-01
1.873817e+03 1.255712e-01
2.310130e+03 1.303237e-01
2.848036e+03 1.347454e-01
3.511192e+03 1.387002e-01
4.328761e+03 1.420296e-01
5.336699e+03 1.445514e-01
6.579332e+03 1.460604e-01
8.111308e+03 1.463311e-01
1.000000e+04 1.451259e-01
1.232847e+04 1.422090e-01
1.519911e+04 1.373705e-01
1.873817e+04 1.304604e-01
2.310130e+04 1.214339e-01
2.848036e+04 1.103989e-01
3.511192e+04 9.765666e-02
4.328761e+04 8.371618e-02
5.336699e+04 6.926524e-02
6.579332e+04 5.509121e-02
8.111308e+04 4.196181e-02
1.000000e+05 3.049743e-02
1.232847e+05 2.107599e-02
1.519911e+05 1.380016e-02
1.873817e+05 8.530097e-03
2.310130e+05 4.959808e-03
2.848036e+05 2.705882e-03
3.511192e+05 1.384829e-03
4.328761e+05 6.671916e-04
5.336699e+05 3.049279e-04
6.579332e+05 1.336223e-04
8.111308e+05 5.679409e-05
1.000000e+06 2.365527e-05
1.232847e+06 9.731207e-06
1.519911e+06 3.974973e-06
1.873817e+06 1.617538e-06
2.310130e+06 6.569575e-07
2.848036e+06 2.665716e-07
3.511192e+06 1.081190e-07
4.328761e+06 4.384376e-08
5.336699e+06 1.777785e-08
6.579332e+06 7.208389e-09
8.111308e+06 2.922763e-09
1.000000e+07 1.185082e-09
