1.000000e-02 1.516098e-02
1.232847e-02 1.594960e-02
1.519911e-02 1.677925e-02
1.873817e-02 1.765205e-02
2.310130e-02 1.857025e-02
2.848036e-02 1.953622e-02
3.511192e-02 2.055243e-02
4.328761e-02 2.162150e-02
5.336699e-02 2.274618e-02
6.579332e-02 2.392936e-02
8.111308e-02 2.517409e-02
1.000000e-01 2.648356e-02
1.232847e-01 2.786115e-02
1.519911e-01 2.931040e-02
1.873817e-01 3.083503e-02
2.310130e-01 3.243896e-02
2.848036e-01 3.412633e-02
3.511192e-01 3.590147e-02
4.328761e-01 3.776892e-02
5.336699e-01 3.973348e-02
6.579332e-01 4.180014e-02
8.111308e-01 4.397409e-02
1.000000e+00 4.626070e-02
1.232847e+00 4.866542e-02
1.519911e+00 5.119373e-02
1.873817e+00 5.385096e-02
2.310130e+00 5.664211e-02
2.848036e+00 5.957154e-02
3.511192e+00 6.264268e-02
4.328761e+00 6.585753e-02
5.336699e+00 6.921613e-02
6.579332e+00 7.271587e-02
8.111308e+00 7.635073e-02
1.000000e+01 8.011039e-02
1.232847e+01 8.397926e-02
1.519911e+01 8.793545e-02
1.873817e+01 9.194987e-02
2.310130e+01 9.598530e-02
2.848036e+01 9.999583e-02
3.511192e+01 1.039266e-01
4.328761e+01 1.077142e-01
5.336699e+01 1.112876e-01
6.579332e+01 1.145700e-01
8.111308e+01 1.174816e-01
1.000000e+02 1.199430e-01
1.232847e+02 1.218793e-01
1.519911e+02 1.232244e-01
1.873817e+02 1.239249e-01
2.310130e+02 1.239431e-01
2.848036e+02 1.232584e-01
3.511192e+02 1.218667e-01
4.328761e+02 1.197774e-01
5.336699e+02 1.170075e-01
6.579332e+02 1.135745e-01
8.111308e+02 1.094876e-01
1.000000e+03 1.047407e-01
1.232847e+03 9.930754e-02
1.519911e+03 9.314402e-02
1.873817e+03 8.620065e-02
2.310130e+03 7.844771e-02
2.848036e+03 6.991315e-02
3.511192e+03 6.072596e-02
4.328761e+03 5.114928e-02
5.336699e+03 4.158055e-02
6.579332e+03 3.250072e-02
8.111308e+03 2.437614e-02
1.000000e+04 1.754749e-02
1.232847e+04 1.215643e-02
1.519911e+04 8.142775e-03
1.873817e+04 5.304062e-03
2.310130e+04 3.378583e-03
2.848036e+04 2.113498e-03
3.511192e+04 1.301376e-03
4.328761e+04 7.890216e-04
5.336699e+04 4.706308e-04
6.579332e+04 2.758922e-04
8.111308e+04 1.589232e-04
1.000000e+05 9.005255e-05
1.232847e+05 5.030642e-05
1.519911e+05 2.778365e-05
1.873817e+05 1.521364e-05
2.310130e+05 8.280236e-06
2.848036e+05 4.488249e-06
3.511192e+05 2.426403e-06
4.328761e+05 1.309576e-06
5.336699e+05 7.060934e-07
6.579332e+05 3.804819e-07
8.111308e+05 2.049532e-07
1.000000e+06 1.103795e-07
1.232847e+06 5.943925e-08
1.519911e+06 3.200595e-08
1.873817e+06 1.723348e-08
2.310130e+06 9.279127e-09
2.848036e+06 4.996166e-09
3.511192e+06 2.690074e-09
4.328761e+06 1.448407e-09
5.336699e+06 7.798595e-10
6.579332e+06 4.198962e-10
8.111308e+06 2.260827e-10
1.000000e+07 1.217287e-10
