1.000000e-02 2.400018e-02
1.232847e-02 2.531796e-02
1.519911e-02 2.670809e-02
1.873817e-02 2.817455e-02
2.310130e-02 2.972152e-02
2.848036e-02 3.135344e-02
3.511192e-02 3.307496e-02
4.328761e-02 3.489100e-02
5.336699e-02 3.680676e-02
6.579332e-02 3.882771e-02
8.111308e-02 4.095961e-02
1.000000e-01 4.320858e-02
1.232847e-01 4.558103e-02
1.519911e-01 4.808374e-02
1.873817e-01 5.072387e-02
2.310130e-01 5.350896e-02
2.848036e-01 5.644697e-02
3.511192e-01 5.954630e-02
4.328761e-01 6.281580e-02
5.336699e-01 6.626479e-02
6.579332e-01 6.990306e-02
8.111308e-01 7.374077e-02
1.000000e+00 7.778834e-02
1.232847e+00 8.205608e-02
1.519911e+00 8.655360e-02
1.873817e+00 9.128875e-02
2.310130e+00 9.626606e-02
2.848036e+00 1.014842e-01
3.511192e+00 1.069325e-01
4.328761e+00 1.125860e-01
5.336699e+00 1.183991e-01
6.579332e+00 1.242972e-01
8.111308e+00 1.301670e-01
1.000000e+01 1.358456e-01
1.232847e+01 1.411104e-01
1.519911e+01 1.456712e-01
1.873817e+01 1.491690e-01
2.310130e+01 1.511865e-01
2.848036e+01 1.512753e-01
3.511192e+01 1.490048e-01
4.328761e+01 1.440324e-01
5.336699e+01 1.361864e-01
6.579332e+01 1.255447e-01
8.111308e+01 1.124826e-01
1.000000e+02 9.766461e-02
1.232847e+02 8.196859e-02
1.519911e+02 6.635529e-02
1.873817e+02 5.171672e-02
2.310130e+02 3.874715e-02
2.848036e+02 2.786864e-02
3.511192e+02 1.922076e-02
4.328761e+02 1.270256e-02
5.336699e+02 8.044556e-03
6.579332e+02 4.888640e-03
8.111308e+02 2.859652e-03
1.000000e+03 1.618597e-03
1.232847e+03 8.927881e-04
1.519911e+03 4.838864e-04
1.873817e+03 2.598775e-04
2.310130e+03 1.393179e-04
2.848036e+03 7.495565e-05
3.511192e+03 4.060090e-05
4.328761e+03 2.216671e-05
5.336699e+03 1.219470e-05
6.579332e+03 6.752462e-06
8.111308e+03 3.758071e-06
1.000000e+04 2.099394e-06
1.232847e+04 1.175870e-06
1.519911e+04 6.597611e-07
1.873817e+04 3.706031e-07
2.310130e+04 2.083263e-07
2.848036e+04 1.171581e-07
3.511192e+04 6.590500e-08
4.328761e+04 3.707957e-08
5.336699e+04 2.086376e-08
6.579332e+04 1.174019e-08
8.111308e+04 6.606505e-09
1.000000e+05 3.717719e-09
1.232847e+05 2.092118e-09
1.519911e+05 1.177331e-09
1.873817e+05 6.625404e-10
2.310130e+05 3.728439e-10
2.848036e+05 2.098178e-10
3.511192e+05 1.180750e-10
4.328761e+05 6.644671e-11
5.336699e+05 3.739291e-11
6.579332e+05 2.104287e-11
8.111308e+05 1.184189e-11
1.000000e+06 6.664027e-12
1.232847e+06 3.750184e-12
1.519911e+06 2.110418e-12
1.873817e+06 1.187639e-12
2.310130e+06 6.683443e-13
2.848036e+06 3.761111e-13
3.511192e+06 2.116567e-13
4.328761e+06 1.191099e-13
5.336699e+06 6.702916e-14
6.579332e+06 3.772069e-14
8.111308e+06 2.122734e-14
1.000000e+07 1.194569e-14
