1.000000e-02 7.146585e-03
1.232847e-02 7.498414e-03
1.519911e-02 7.867563e-03
1.873817e-02 8.254885e-03
2.310130e-02 8.661275e-03
2.848036e-02 9.087672e-03
3.511192e-02 9.535061e-03
4.328761e-02 1.000447e-02
5.336699e-02 1.049700e-02
6.579332e-02 1.101377e-02
8.111308e-02 1.155598e-02
1.000000e-01 1.212488e-02
1.232847e-01 1.272179e-02
1.519911e-01 1.334809e-02
1.873817e-01 1.400522e-02
2.310130e-01 1.469470e-02
2.848036e-01 1.541813e-02
3.511192e-01 1.617716e-02
4.328761e-01 1.697356e-02
5.336699e-01 1.780916e-02
6.579332e-01 1.868587e-02
8.111308e-01 1.960569e-02
1.000000e+00 2.057069e-02
1.232847e+00 2.158302e-02
1.519911e+00 2.264487e-02
1.873817e+00 2.375847e-02
2.310130e+00 2.492608e-02
2.848036e+00 2.614994e-02
3.511192e+00 2.743226e-02
4.328761e+00 2.877517e-02
5.336699e+00 3.018071e-02
6.579332e+00 3.165077e-02
8.111308e+00 3.318710e-02
1.000000e+01 3.479122e-02
1.232847e+01 3.646446e-02
1.519911e+01 3.820794e-02
1.873817e+01 4.002255e-02
2.310130e+01 4.190900e-02
2.848036e+01 4.386785e-02
3.511192e+01 4.589959e-02
4.328761e+01 4.800469e-02
5.336699e+01 5.018379e-02
6.579332e+01 5.243776e-02
8.111308e+01 5.476793e-02
1.000000e+02 5.717626e-02
1.232847e+02 5.966555e-02
1.519911e+02 6.223966e-02
1.873817e+02 6.490375e-02
2.310130e+02 6.766454e-02
2.848036e+02 7.053046e-02
3.511192e+02 7.351190e-02
4.328761e+02 7.662129e-02
5.336699e+02 7.987322e-02
6.579332e+02 8.328430e-02
8.111308e+02 8.687303e-02
1.000000e+03 9.065922e-02
1.232847e+03 9.466326e-02
1.519911e+03 9.890472e-02
1.873817e+03 1.034003e-01
2.310130e+03 1.081610e-01
2.848036e+03 1.131873e-01
3.511192e+03 1.184632e-01
4.328761e+03 1.239479e-01
5.336699e+03 1.295633e-01
6.579332e+03 1.351805e-01
8.111308e+03 1.406011e-01
1.000000e+04 1.455384e-01
1.232847e+04 1.495999e-01
1.519911e+04 1.522794e-01
1.873817e+04 1.529674e-01
2.310130e+04 1.509970e-01
2.848036e+04 1.457374e-01
3.511192e+04 1.367405e-01
4.328761e+04 1.239224e-01
5.336699e+04 1.077274e-01
6.579332e+04 8.919240e-02
8.111308e+04 6.983637e-02
1.000000e+05 5.136108e-02
1.232847e+05 3.525300e-02
1.519911e+05 2.244697e-02
1.873817e+05 1.318807e-02
2.310130e+05 7.121055e-03
2.848036e+05 3.530573e-03
3.511192e+05 1.613887e-03
4.328761e+05 6.871278e-04
5.336699e+05 2.765549e-04
6.579332e+05 1.069423e-04
8.111308e+05 4.030460e-05
1.000000e+06 1.496309e-05
1.232847e+06 5.510033e-06
1.519911e+06 2.020710e-06
1.873817e+06 7.396134e-07
2.310130e+06 2.704712e-07
2.848036e+06 9.887137e-08
3.511192e+06 3.613687e-08
4.328761e+06 1.320696e-08
5.336699e+06 4.826638e-09
6.579332e+06 1.763937e-09
8.111308e+06 6.446450e-10
1.000000e+07 2.355906e-10
