1.000000e-02 4.488264e-03
1.232847e-02 4.746854e-03
1.519911e-02 5.020344e-03
1.873817e-02 5.309590e-03
2.310130e-02 5.615502e-03
2.848036e-02 5.939038e-03
3.511192e-02 6.281215e-03
4.328761e-02 6.643106e-03
5.336699e-02 7.025848e-03
6.579332e-02 7.430641e-03
8.111308e-02 7.858756e-03
1.000000e-01 8.311538e-03
1.232847e-01 8.790406e-03
1.519911e-01 9.296864e-03
1.873817e-01 9.832501e-03
2.310130e-01 1.039900e-02
2.848036e-01 1.099814e-02
3.511192e-01 1.163179e-02
4.328761e-01 1.230195e-02
5.336699e-01 1.301073e-02
6.579332e-01 1.376033e-02
8.111308e-01 1.455310e-02
1.000000e+00 1.539152e-02
1.232847e+00 1.627819e-02
1.519911e+00 1.721585e-02
1.873817e+00 1.820738e-02
2.310130e+00 1.925578e-02
2.848036e+00 2.036419e-02
3.511192e+00 2.153587e-02
4.328761e+00 2.277420e-02
5.336699e+00 2.408269e-02
6.579332e+00 2.546491e-02
8.111308e+00 2.692453e-02
1.000000e+01 2.846528e-02
1.232847e+01 3.009095e-02
1.519911e+01 3.180532e-02
1.873817e+01 3.361218e-02
2.310130e+01 3.551531e-02
2.848036e+01 3.751839e-02
3.511192e+01 3.962506e-02
4.328761e+01 4.183881e-02
5.336699e+01 4.416300e-02
6.579332e+01 4.660085e-02
8.111308e+01 4.915540e-02
1.000000e+02 5.182954e-02
1.232847e+02 5.462601e-02
1.519911e+02 5.754748e-02
1.873817e+02 6.059661e-02
2.310130e+02 6.377620e-02
2.848036e+02 6.708938e-02
3.511192e+02 7.053984e-02
4.328761e+02 7.413215e-02
5.336699e+02 7.787218e-02
6.579332e+02 8.176751e-02
8.111308e+02 8.582794e-02
1.000000e+03 9.006599e-02
1.232847e+03 9.449727e-02
1.519911e+03 9.914070e-02
1.873817e+03 1.040183e-01
2.310130e+03 1.091543e-01
2.848036e+03 1.145731e-01
3.511192e+03 1.202955e-01
4.328761e+03 1.263326e-01
5.336699e+03 1.326750e-01
6.579332e+03 1.392782e-01
8.111308e+03 1.460400e-01
1.000000e+04 1.527695e-01
1.232847e+04 1.591491e-01
1.519911e+04 1.646907e-01
1.873817e+04 1.686969e-01
2.310130e+04 1.702493e-01
2.848036e+04 1.682580e-01
3.511192e+04 1.616191e-01
4.328761e+04 1.495124e-01
5.336699e+04 1.318108e-01
6.579332e+04 1.094612e-01
8.111308e+04 8.458781e-02
1.000000e+05 6.009890e-02
1.232847e+05 3.883027e-02
1.519911e+05 2.261697e-02
1.873817e+05 1.181942e-02
2.310130e+05 5.549774e-03
2.848036e+05 2.363523e-03
3.511192e+05 9.285953e-04
4.328761e+05 3.437294e-04
5.336699e+05 1.223267e-04
6.579332e+05 4.252752e-05
8.111308e+05 1.459887e-05
1.000000e+06 4.979895e-06
1.232847e+06 1.693705e-06
1.519911e+06 5.752933e-07
1.873817e+06 1.953003e-07
2.310130e+06 6.628576e-08
2.848036e+06 2.249573e-08
3.511192e+06 7.634242e-09
4.328761e+06 2.590756e-09
5.336699e+06 8.791953e-10
6.579332e+06 2.983621e-10
8.111308e+06 1.012516e-10
1.000000e+07 3.436053e-11
