1.000000e-02 6.120787e-03
1.232847e-02 6.447525e-03
1.519911e-02 6.791705e-03
1.873817e-02 7.154258e-03
2.310130e-02 7.536164e-03
2.848036e-02 7.938458e-03
3.511192e-02 8.362226e-03
4.328761e-02 8.808616e-03
5.336699e-02 9.278835e-03
6.579332e-02 9.774156e-03
8.111308e-02 1.029592e-02
1.000000e-01 1.084553e-02
1.232847e-01 1.142448e-02
1.519911e-01 1.203434e-02
1.873817e-01 1.267676e-02
2.310130e-01 1.335346e-02
2.848036e-01 1.406629e-02
3.511192e-01 1.481718e-02
4.328761e-01 1.560814e-02
5.336699e-01 1.644133e-02
6.579332e-01 1.731898e-02
8.111308e-01 1.824347e-02
1.000000e+00 1.921727e-02
1.232847e+00 2.024300e-02
1.519911e+00 2.132338e-02
1.873817e+00 2.246126e-02
2.310130e+00 2.365961e-02
2.848036e+00 2.492154e-02
3.511192e+00 2.625026e-02
4.328761e+00 2.764911e-02
5.336699e+00 2.912154e-02
6.579332e+00 3.067112e-02
8.111308e+00 3.230156e-02
1.000000e+01 3.401669e-02
1.232847e+01 3.582047e-02
1.519911e+01 3.771701e-02
1.873817e+01 3.971061e-02
2.310130e+01 4.180576e-02
2.848036e+01 4.400716e-02
3.511192e+01 4.631978e-02
4.328761e+01 4.874891e-02
5.336699e+01 5.130017e-02
6.579332e+01 5.397957e-02
8.111308e+01 5.679357e-02
1.000000e+02 5.974910e-02
1.232847e+02 6.285361e-02
1.519911e+02 6.611506e-02
1.873817e+02 6.954193e-02
2.310130e+02 7.314314e-02
2.848036e+02 7.692796e-02
3.511192e+02 8.090579e-02
4.328761e+02 8.508586e-02
5.336699e+02 8.947676e-02
6.579332e+02 9.408572e-02
8.111308e+02 9.891760e-02
1.000000e+03 1.039734e-01
1.232847e+03 1.092484e-01
1.519911e+03 1.147287e-01
1.873817e+03 1.203880e-01
2.310130e+03 1.261815e-01
2.848036e+03 1.320389e-01
3.511192e+03 1.378547e-01
4.328761e+03 1.434771e-01
5.336699e+03 1.486934e-01
6.579332e+03 1.532166e-01
8.111308e+03 1.566728e-01
1.000000e+04 1.585973e-01
1.232847e+04 1.584467e-01
1.519911e+04 1.556399e-01
1.873817e+04 1.496389e-01
2.310130e+04 1.400738e-01
2.848036e+04 1.268983e-01
3.511192e+04 1.105330e-01
4.328761e+04 9.192963e-02
5.336699e+04 7.248867e-02
6.579332e+04 5.381161e-02
8.111308e+04 3.734876e-02
1.000000e+05 2.407501e-02
1.232847e+05 1.432309e-02
1.519911e+05 7.825471e-03
1.873817e+05 3.917862e-03
2.310130e+05 1.802559e-03
2.848036e+05 7.691975e-04
3.511192e+05 3.089241e-04
4.328761e+05 1.187477e-04
5.336699e+05 4.436144e-05
6.579332e+05 1.629510e-05
8.111308e+05 5.930917e-06
1.000000e+06 2.148659e-06
1.232847e+06 7.766949e-07
1.519911e+06 2.804767e-07
1.873817e+06 1.012402e-07
2.310130e+06 3.653675e-08
2.848036e+06 1.318483e-08
3.511192e+06 4.757799e-09
4.328761e+06 1.716852e-09
5.336699e+06 6.195237e-10
6.579332e+06 2.235540e-10
8.111308e+06 8.066900e-11
1.000000e+07 2.910925e-11
