1.000000e-02 8.599800e-03
1.232847e-02 9.097915e-03
1.519911e-02 9.624882e-03
1.873817e-02 1.018237e-02
2.310130e-02 1.077215e-02
2.848036e-02 1.139609e-02
3.511192e-02 1.205618e-02
4.328761e-02 1.275449e-02
5.336699e-02 1.349325e-02
6.579332e-02 1.427480e-02
8.111308e-02 1.510163e-02
1.000000e-01 1.597634e-02
1.232847e-01 1.690172e-02
1.519911e-01 1.788069e-02
1.873817e-01 1.891637e-02
2.310130e-01 2.001204e-02
2.848036e-01 2.117117e-02
3.511192e-01 2.239744e-02
4.328761e-01 2.369474e-02
5.336699e-01 2.506718e-02
6.579332e-01 2.651911e-02
8.111308e-01 2.805512e-02
1.000000e+00 2.968007e-02
1.232847e+00 3.139908e-02
1.519911e+00 3.321753e-02
1.873817e+00 3.514107e-02
2.310130e+00 3.717556e-02
2.848036e+00 3.932710e-02
3.511192e+00 4.160190e-02
4.328761e+00 4.400621e-02
5.336699e+00 4.654621e-02
6.579332e+00 4.922777e-02
8.111308e+00 5.205618e-02
1.000000e+01 5.503585e-02
1.232847e+01 5.816982e-02
1.519911e+01 6.145922e-02
1.873817e+01 6.490256e-02
2.310130e+01 6.849496e-02
2.848036e+01 7.222721e-02
3.511192e+01 7.608474e-02
4.328761e+01 8.004659e-02
5.336699e+01 8.408440e-02
6.579332e+01 8.816154e-02
8.111308e+01 9.223255e-02
1.000000e+02 9.624307e-02
1.232847e+02 1.001305e-01
1.519911e+02 1.038255e-01
1.873817e+02 1.072546e-01
2.310130e+02 1.103439e-01
2.848036e+02 1.130236e-01
3.511192e+02 1.152337e-01
4.328761e+02 1.169296e-01
5.336699e+02 1.180873e-01
6.579332e+02 1.187070e-01
8.111308e+02 1.188152e-01
1.000000e+03 1.184635e-01
1.232847e+03 1.177238e-01
1.519911e+03 1.166806e-01
1.873817e+03 1.154192e-01
2.310130e+03 1.140108e-01
2.848036e+03 1.124938e-01
3.511192e+03 1.108516e-01
4.328761e+03 1.089880e-01
5.336699e+03 1.067024e-01
6.579332e+03 1.036721e-01
8.111308e+03 9.945789e-02
1.000000e+04 9.355662e-02
1.232847e+04 8.552830e-02
1.519911e+04 7.520114e-02
1.873817e+04 6.289690e-02
2.310130e+04 4.953635e-02
2.848036e+04 3.647113e-02
3.511192e+04 2.503936e-02
4.328761e+04 1.608607e-02
5.336699e+04 9.759347e-03
6.579332e+04 5.665943e-03
8.111308e+04 3.193977e-03
1.000000e+05 1.771538e-03
1.232847e+05 9.764960e-04
1.519911e+05 5.381452e-04
1.873817e+05 2.972178e-04
2.310130e+05 1.644929e-04
2.848036e+05 9.110742e-05
3.511192e+05 5.042865e-05
4.328761e+05 2.786740e-05
5.336699e+05 1.536891e-05
6.579332e+05 8.459529e-06
8.111308e+05 4.648825e-06
1.000000e+06 2.551549e-06
1.232847e+06 1.399221e-06
1.519911e+06 7.668604e-07
1.873817e+06 4.201321e-07
2.310130e+06 2.301216e-07
2.848036e+06 1.260293e-07
3.511192e+06 6.901659e-08
4.328761e+06 3.779361e-08
5.336699e+06 2.069544e-08
6.579332e+06 1.133254e-08
8.111308e+06 6.205529e-09
1.000000e+07 3.398052e-09
