1.000000e-02 9.436881e-03
1.232847e-02 9.957383e-03
1.519911e-02 1.050659e-02
1.873817e-02 1.108609e-02
2.310130e-02 1.169756e-02
2.848036e-02 1.234275e-02
3.511192e-02 1.302353e-02
4.328761e-02 1.374185e-02
5.336699e-02 1.449980e-02
6.579332e-02 1.529955e-02
8.111308e-02 1.614342e-02
1.000000e-01 1.703382e-02
1.232847e-01 1.797334e-02
1.519911e-01 1.896468e-02
1.873817e-01 2.001070e-02
2.310130e-01 2.111441e-02
2.848036e-01 2.227900e-02
3.511192e-01 2.350782e-02
4.328761e-01 2.480442e-02
5.336699e-01 2.617253e-02
6.579332e-01 2.761611e-02
8.111308e-01 2.913932e-02
1.000000e+00 3.074655e-02
1.232847e+00 3.244243e-02
1.519911e+00 3.423187e-02
1.873817e+00 3.612000e-02
2.310130e+00 3.811224e-02
2.848036e+00 4.021426e-02
3.511192e+00 4.243197e-02
4.328761e+00 4.477149e-02
5.336699e+00 4.723910e-02
6.579332e+00 4.984115e-02
8.111308e+00 5.258393e-02
1.000000e+01 5.547351e-02
1.232847e+01 5.851550e-02
1.519911e+01 6.171472e-02
1.873817e+01 6.507480e-02
2.310130e+01 6.859767e-02
2.848036e+01 7.228293e-02
3.511192e+01 7.612705e-02
4.328761e+01 8.012247e-02
5.336699e+01 8.425653e-02
6.579332e+01 8.851032e-02
8.111308e+01 9.285742e-02
1.000000e+02 9.726259e-02
1.232847e+02 1.016806e-01
1.519911e+02 1.060553e-01
1.873817e+02 1.103187e-01
2.310130e+02 1.143914e-01
2.848036e+02 1.181827e-01
3.511192e+02 1.215926e-01
4.328761e+02 1.245141e-01
5.336699e+02 1.268374e-01
6.579332e+02 1.284545e-01
8.111308e+02 1.292648e-01
1.000000e+03 1.291814e-01
1.232847e+03 1.281372e-01
1.519911e+03 1.260898e-01
1.873817e+03 1.230256e-01
2.310130e+03 1.189615e-01
2.848036e+03 1.139455e-01
3.511192e+03 1.080543e-01
4.328761e+03 1.013908e-01
5.336699e+03 9.407998e-02
6.579332e+03 8.626481e-02
8.111308e+03 7.810218e-02
1.000000e+04 6.975870e-02
1.232847e+04 6.140630e-02
1.519911e+04 5.321700e-02
1.873817e+04 4.535646e-02
2.310130e+04 3.797602e-02
2.848036e+04 3.120394e-02
3.511192e+04 2.513695e-02
4.328761e+04 1.983417e-02
5.336699e+04 1.531482e-02
6.579332e+04 1.156040e-02
8.111308e+04 8.520926e-03
1.000000e+05 6.123841e-03
1.232847e+05 4.283609e-03
1.519911e+05 2.910399e-03
1.873817e+05 1.916672e-03
2.310130e+05 1.221450e-03
2.848036e+05 7.527671e-04
3.511192e+05 4.490616e-04
4.328761e+05 2.600082e-04
5.336699e+05 1.467343e-04
6.579332e+05 8.111967e-05
8.111308e+05 4.415422e-05
1.000000e+06 2.376949e-05
1.232847e+06 1.270076e-05
1.519911e+06 6.753890e-06
1.873817e+06 3.580878e-06
2.310130e+06 1.895217e-06
2.848036e+06 1.002051e-06
3.511192e+06 5.295170e-07
4.328761e+06 2.797337e-07
5.336699e+06 1.477574e-07
6.579332e+06 7.804187e-08
8.111308e+06 4.121900e-08
1.000000e+07 2.177036e-08
