1.000000e-02 7.943719e-03
1.232847e-02 8.402121e-03
1.519911e-02 8.886976e-03
1.873817e-02 9.399810e-03
2.310130e-02 9.942238e-03
2.848036e-02 1.051597e-02
3.511192e-02 1.112280e-02
4.328761e-02 1.176466e-02
5.336699e-02 1.244355e-02
6.579332e-02 1.316162e-02
8.111308e-02 1.392113e-02
1.000000e-01 1.472447e-02
1.232847e-01 1.557416e-02
1.519911e-01 1.647289e-02
1.873817e-01 1.742348e-02
2.310130e-01 1.842892e-02
2.848036e-01 1.949238e-02
3.511192e-01 2.061721e-02
4.328761e-01 2.180695e-02
5.336699e-01 2.306532e-02
6.579332e-01 2.439627e-02
8.111308e-01 2.580394e-02
1.000000e+00 2.729268e-02
1.232847e+00 2.886699e-02
1.519911e+00 3.053155e-02
1.873817e+00 3.229116e-02
2.310130e+00 3.415063e-02
2.848036e+00 3.611474e-02
3.511192e+00 3.818812e-02
4.328761e+00 4.037506e-02
5.336699e+00 4.267935e-02
6.579332e+00 4.510404e-02
8.111308e+00 4.765115e-02
1.000000e+01 5.032137e-02
1.232847e+01 5.311365e-02
1.519911e+01 5.602482e-02
1.873817e+01 5.904916e-02
2.310130e+01 6.217790e-02
2.848036e+01 6.539880e-02
3.511192e+01 6.869578e-02
4.328761e+01 7.204854e-02
5.336699e+01 7.543239e-02
6.579332e+01 7.881825e-02
8.111308e+01 8.217284e-02
1.000000e+02 8.545920e-02
1.232847e+02 8.863750e-02
1.519911e+02 9.166618e-02
1.873817e+02 9.450347e-02
2.310130e+02 9.710909e-02
2.848036e+02 9.944622e-02
3.511192e+02 1.014835e-01
4.328761e+02 1.031968e-01
5.336699e+02 1.045709e-01
6.579332e+02 1.056008e-01
8.111308e+02 1.062915e-01
1.000000e+03 1.066584e-01
1.232847e+03 1.067260e-01
1.519911e+03 1.065256e-01
1.873817e+03 1.060926e-01
2.310130e+03 1.054635e-01
2.848036e+03 1.046711e-01
3.511192e+03 1.037403e-01
4.328761e+03 1.026828e-01
5.336699e+03 1.014919e-01
6.579332e+03 1.001369e-01
8.111308e+03 9.855828e-02
1.000000e+04 9.666369e-02
1.232847e+04 9.432642e-02
1.519911e+04 9.138877e-02
1.873817e+04 8.767297e-02
2.310130e+04 8.300266e-02
2.848036e+04 7.723689e-02
3.511192e+04 7.031476e-02
4.328761e+04 6.230292e-02
5.336699e+04 5.343097e-02
6.579332e+04 4.409550e-02
8.111308e+04 3.481760e-02
1.000000e+05 2.615476e-02
1.232847e+05 1.859017e-02
1.519911e+05 1.243744e-02
1.873817e+05 7.794511e-03
2.310130e+05 4.557544e-03
2.848036e+05 2.481346e-03
3.511192e+05 1.259803e-03
4.328761e+05 6.000975e-04
5.336699e+05 2.709896e-04
6.579332e+05 1.174935e-04
8.111308e+05 4.952327e-05
1.000000e+06 2.050186e-05
1.232847e+06 8.397853e-06
1.519911e+06 3.419774e-06
1.873817e+06 1.388346e-06
2.310130e+06 5.627781e-07
2.848036e+06 2.279620e-07
3.511192e+06 9.230909e-08
4.328761e+06 3.737353e-08
5.336699e+06 1.513068e-08
6.579332e+06 6.125530e-09
8.111308e+06 2.479854e-09
1.000000e+07 1.003941e-09
