1.000000e-02 8.622747e-03
1.232847e-02 9.128145e-03
1.519911e-02 9.663166e-03
1.873817e-02 1.022955e-02
2.310130e-02 1.082912e-02
2.848036e-02 1.146384e-02
3.511192e-02 1.213576e-02
4.328761e-02 1.284706e-02
5.336699e-02 1.360006e-02
6.579332e-02 1.439719e-02
8.111308e-02 1.524104e-02
1.000000e-01 1.613435e-02
1.232847e-01 1.708002e-02
1.519911e-01 1.808112e-02
1.873817e-01 1.914089e-02
2.310130e-01 2.026278e-02
2.848036e-01 2.145043e-02
3.511192e-01 2.270769e-02
4.328761e-01 2.403864e-02
5.336699e-01 2.544763e-02
6.579332e-01 2.693923e-02
8.111308e-01 2.851835e-02
1.000000e+00 3.019019e-02
1.232847e+00 3.196034e-02
1.519911e+00 3.383477e-02
1.873817e+00 3.581994e-02
2.310130e+00 3.792283e-02
2.848036e+00 4.015099e-02
3.511192e+00 4.251262e-02
4.328761e+00 4.501660e-02
5.336699e+00 4.767247e-02
6.579332e+00 5.049047e-02
8.111308e+00 5.348137e-02
1.000000e+01 5.665630e-02
1.232847e+01 6.002645e-02
1.519911e+01 6.360255e-02
1.873817e+01 6.739418e-02
2.310130e+01 7.140879e-02
2.848036e+01 7.565038e-02
3.511192e+01 8.011790e-02
4.328761e+01 8.480312e-02
5.336699e+01 8.968825e-02
6.579332e+01 9.474303e-02
8.111308e+01 9.992179e-02
1.000000e+02 1.051604e-01
1.232847e+02 1.103734e-01
1.519911e+02 1.154526e-01
1.873817e+02 1.202666e-01
2.310130e+02 1.246623e-01
2.848036e+02 1.284707e-01
3.511192e+02 1.315140e-01
4.328761e+02 1.336182e-01
5.336699e+02 1.346267e-01
6.579332e+02 1.344164e-01
8.111308e+02 1.329125e-01
1.000000e+03 1.301003e-01
1.232847e+03 1.260309e-01
1.519911e+03 1.208200e-01
1.873817e+03 1.146390e-01
2.310130e+03 1.076991e-01
2.848036e+03 1.002319e-01
3.511192e+03 9.246844e-02
4.328761e+03 8.462093e-02
5.336699e+03 7.686864e-02
6.579332e+03 6.935021e-02
8.111308e+03 6.216178e-02
1.000000e+04 5.536047e-02
1.232847e+04 4.897154e-02
1.519911e+04 4.299769e-02
1.873817e+04 3.742903e-02
2.310130e+04 3.225214e-02
2.848036e+04 2.745740e-02
3.511192e+04 2.304341e-02
4.328761e+04 1.901817e-02
5.336699e+04 1.539667e-02
6.579332e+04 1.219587e-02
8.111308e+04 9.428164e-03
1.000000e+05 7.095545e-03
1.232847e+05 5.185784e-03
1.519911e+05 3.671640e-03
1.873817e+05 2.512737e-03
2.310130e+05 1.659239e-03
2.848036e+05 1.056319e-03
3.511192e+05 6.487787e-04
4.328761e+05 3.853743e-04
5.336699e+05 2.223040e-04
6.579332e+05 1.251865e-04
8.111308e+05 6.919996e-05
1.000000e+06 3.773951e-05
1.232847e+06 2.039172e-05
1.519911e+06 1.095131e-05
1.873817e+06 5.858906e-06
2.310130e+06 3.127264e-06
2.848036e+06 1.666984e-06
3.511192e+06 8.879236e-07
4.328761e+06 4.727703e-07
5.336699e+06 2.516762e-07
6.579332e+06 1.339672e-07
8.111308e+06 7.130875e-08
1.000000e+07 3.795639e-08
