1.000000e-02 8.728443e-03
1.232847e-02 9.189340e-03
1.519911e-02 9.674574e-03
1.873817e-02 1.018543e-02
2.310130e-02 1.072326e-02
2.848036e-02 1.128949e-02
3.511192e-02 1.188563e-02
4.328761e-02 1.251323e-02
5.336699e-02 1.317398e-02
6.579332e-02 1.386962e-02
8.111308e-02 1.460199e-02
1.000000e-01 1.537304e-02
1.232847e-01 1.618480e-02
1.519911e-01 1.703942e-02
1.873817e-01 1.793917e-02
2.310130e-01 1.888643e-02
2.848036e-01 1.988371e-02
3.511192e-01 2.093365e-02
4.328761e-01 2.203902e-02
5.336699e-01 2.320276e-02
6.579332e-01 2.442792e-02
8.111308e-01 2.571774e-02
1.000000e+00 2.707556e-02
1.232847e+00 2.850491e-02
1.519911e+00 3.000941e-02
1.873817e+00 3.159284e-02
2.310130e+00 3.325904e-02
2.848036e+00 3.501191e-02
3.511192e+00 3.685538e-02
4.328761e+00 3.879335e-02
5.336699e+00 4.082964e-02
6.579332e+00 4.296791e-02
8.111308e+00 4.521162e-02
1.000000e+01 4.756391e-02
1.232847e+01 5.002761e-02
1.519911e+01 5.260506e-02
1.873817e+01 5.529813e-02
2.310130e+01 5.810817e-02
2.848036e+01 6.103591e-02
3.511192e+01 6.408155e-02
4.328761e+01 6.724470e-02
5.336699e+01 7.052449e-02
6.579332e+01 7.391965e-02
8.111308e+01 7.742857e-02
1.000000e+02 8.104945e-02
1.232847e+02 8.478037e-02
1.519911e+02 8.861927e-02
1.873817e+02 9.256380e-02
2.310130e+02 9.661097e-02
2.848036e+02 1.007563e-01
3.511192e+02 1.049927e-01
4.328761e+02 1.093081e-01
5.336699e+02 1.136828e-01
6.579332e+02 1.180851e-01
8.111308e+02 1.224654e-01
1.000000e+03 1.267495e-01
1.232847e+03 1.308295e-01
1.519911e+03 1.345548e-01
1.873817e+03 1.377230e-01
2.310130e+03 1.400753e-01
2.848036e+03 1.412973e-01
3.511192e+03 1.410344e-01
4.328761e+03 1.389238e-01
5.336699e+03 1.346494e-01
6.579332e+03 1.280146e-01
8.111308e+03 1.190222e-01
1.000000e+04 1.079337e-01
1.232847e+04 9.528064e-02
1.519911e+04 8.180492e-02
1.873817e+04 6.833534e-02
2.310130e+04 5.563555e-02
2.848036e+04 4.427633e-02
3.511192e+04 3.457251e-02
4.328761e+04 2.659321e-02
5.336699e+04 2.022360e-02
6.579332e+04 1.524441e-02
8.111308e+04 1.140173e-02
1.000000e+05 8.454386e-03
1.232847e+05 6.198429e-03
1.519911e+05 4.474326e-03
1.873817e+05 3.163422e-03
2.310130e+05 2.178973e-03
2.848036e+05 1.455668e-03
3.511192e+05 9.406122e-04
4.328761e+05 5.877036e-04
5.336699e+05 3.558289e-04
6.579332e+05 2.096272e-04
8.111308e+05 1.207899e-04
1.000000e+06 6.843870e-05
1.232847e+06 3.831152e-05
1.519911e+06 2.127089e-05
1.873817e+06 1.174678e-05
2.310130e+06 6.465541e-06
2.848036e+06 3.551620e-06
3.511192e+06 1.948745e-06
4.328761e+06 1.068606e-06
5.336699e+06 5.857982e-07
6.579332e+06 3.210850e-07
8.111308e+06 1.759835e-07
1.000000e+07 9.645394e-08
