1.000000e-02 3.962890e-02
1.232847e-02 4.101990e-02
1.519911e-02 4.245973e-02
1.873817e-02 4.395009e-02
2.310130e-02 4.549277e-02
2.848036e-02 4.708960e-02
3.511192e-02 4.874248e-02
4.328761e-02 5.045337e-02
5.336699e-02 5.222432e-02
6.579332e-02 5.405743e-02
8.111308e-02 5.595489e-02
1.000000e-01 5.791894e-02
1.232847e-01 5.995194e-02
1.519911e-01 6.205629e-02
1.873817e-01 6.423451e-02
2.310130e-01 6.648918e-02
2.848036e-01 6.882297e-02
3.511192e-01 7.123859e-02
4.328761e-01 7.373875e-02
5.336699e-01 7.632602e-02
6.579332e-01 7.900258e-02
8.111308e-01 8.176989e-02
1.000000e+00 8.462810e-02
1.232847e+00 8.757534e-02
1.519911e+00 9.060669e-02
1.873817e+00 9.371306e-02
2.310130e+00 9.687970e-02
2.848036e+00 1.000847e-01
3.511192e+00 1.032975e-01
4.328761e+00 1.064769e-01
5.336699e+00 1.095702e-01
6.579332e+00 1.125119e-01
8.111308e+00 1.152237e-01
1.000000e+01 1.176151e-01
1.232847e+01 1.195853e-01
1.519911e+01 1.210271e-01
1.873817e+01 1.218311e-01
2.310130e+01 1.218932e-01
2.848036e+01 1.211213e-01
3.511192e+01 1.194441e-01
4.328761e+01 1.168189e-01
5.336699e+01 1.132379e-01
6.579332e+01 1.087327e-01
8.111308e+01 1.033755e-01
1.000000e+02 9.727638e-02
1.232847e+02 9.057760e-02
1.519911e+02 8.344444e-02
1.873817e+02 7.605414e-02
2.310130e+02 6.858429e-02
2.848036e+02 6.120193e-02
3.511192e+02 5.405461e-02
4.328761e+02 4.726425e-02
5.336699e+02 4.092397e-02
6.579332e+02 3.509773e-02
8.111308e+02 2.982226e-02
1.000000e+03 2.511047e-02
1.232847e+03 2.095568e-02
1.519911e+03 1.733608e-02
1.873817e+03 1.421883e-02
2.310130e+03 1.156379e-02
2.848036e+03 9.326525e-03
3.511192e+03 7.460809e-03
4.328761e+03 5.920542e-03
5.336699e+03 4.661244e-03
6.579332e+03 3.641160e-03
8.111308e+03 2.822048e-03
1.000000e+04 2.169658e-03
1.232847e+04 1.653965e-03
1.519911e+04 1.249173e-03
1.873817e+04 9.335463e-04
2.310130e+04 6.891092e-04
2.848036e+04 5.012488e-04
3.511192e+04 3.582499e-04
4.328761e+04 2.507901e-04
5.336699e+04 1.714299e-04
6.579332e+04 1.141411e-04
8.111308e+04 7.393003e-05
1.000000e+05 4.659787e-05
1.232847e+05 2.863827e-05
1.519911e+05 1.721912e-05
1.873817e+05 1.016992e-05
2.310130e+05 5.924540e-06
2.848036e+05 3.416866e-06
3.511192e+05 1.956814e-06
4.328761e+05 1.115363e-06
5.336699e+05 6.337857e-07
6.579332e+05 3.594326e-07
8.111308e+05 2.035935e-07
1.000000e+06 1.152360e-07
1.232847e+06 6.519585e-08
1.519911e+06 3.687550e-08
1.873817e+06 2.085402e-08
2.310130e+06 1.179245e-08
2.848036e+06 6.668029e-09
3.511192e+06 3.770330e-09
4.328761e+06 2.131843e-09
5.336699e+06 1.205392e-09
6.579332e+06 6.815538e-10
8.111308e+06 3.853643e-10
1.000000e+07 2.178928e-10
