1.000000e-02 1.325929e-02
1.232847e-02 1.390891e-02
1.519911e-02 1.459036e-02
1.873817e-02 1.530519e-02
2.310130e-02 1.605504e-02
2.848036e-02 1.684163e-02
3.511192e-02 1.766676e-02
4.328761e-02 1.853231e-02
5.336699e-02 1.944027e-02
6.579332e-02 2.039272e-02
8.111308e-02 2.139183e-02
1.000000e-01 2.243989e-02
1.232847e-01 2.353929e-02
1.519911e-01 2.469256e-02
1.873817e-01 2.590233e-02
2.310130e-01 2.717138e-02
2.848036e-01 2.850259e-02
3.511192e-01 2.989902e-02
4.328761e-01 3.136385e-02
5.336699e-01 3.290038e-02
6.579332e-01 3.451206e-02
8.111308e-01 3.620242e-02
1.000000e+00 3.797501e-02
1.232847e+00 3.983339e-02
1.519911e+00 4.178093e-02
1.873817e+00 4.382076e-02
2.310130e+00 4.595554e-02
2.848036e+00 4.818725e-02
3.511192e+00 5.051694e-02
4.328761e+00 5.294443e-02
5.336699e+00 5.546798e-02
6.579332e+00 5.808395e-02
8.111308e+00 6.078645e-02
1.000000e+01 6.356698e-02
1.232847e+01 6.641413e-02
1.519911e+01 6.931335e-02
1.873817e+01 7.224679e-02
2.310130e+01 7.519327e-02
2.848036e+01 7.812845e-02
3.511192e+01 8.102511e-02
4.328761e+01 8.385366e-02
5.336699e+01 8.658289e-02
6.579332e+01 8.918083e-02
8.111308e+01 9.161576e-02
1.000000e+02 9.385733e-02
1.232847e+02 9.587765e-02
1.519911e+02 9.765234e-02
1.873817e+02 9.916134e-02
2.310130e+02 1.003895e-01
2.848036e+02 1.013269e-01
3.511192e+02 1.019687e-01
4.328761e+02 1.023147e-01
5.336699e+02 1.023687e-01
6.579332e+02 1.021368e-01
8.111308e+02 1.016272e-01
1.000000e+03 1.008474e-01
1.232847e+03 9.980402e-02
1.519911e+03 9.850046e-02
1.873817e+03 9.693628e-02
2.310130e+03 9.510613e-02
2.848036e+03 9.299940e-02
3.511192e+03 9.060048e-02
4.328761e+03 8.788961e-02
5.336699e+03 8.484466e-02
6.579332e+03 8.144366e-02
8.111308e+03 7.766818e-02
1.000000e+04 7.350745e-02
1.232847e+04 6.896292e-02
1.519911e+04 6.405287e-02
1.873817e+04 5.881646e-02
2.310130e+04 5.331641e-02
2.848036e+04 4.763942e-02
3.511192e+04 4.189362e-02
4.328761e+04 3.620278e-02
5.336699e+04 3.069745e-02
6.579332e+04 2.550397e-02
8.111308e+04 2.073296e-02
1.000000e+05 1.646938e-02
1.232847e+05 1.276595e-02
1.519911e+05 9.641319e-03
1.873817e+05 7.082606e-03
2.310130e+05 5.051387e-03
2.848036e+05 3.491073e-03
3.511192e+05 2.334165e-03
4.328761e+05 1.508551e-03
5.336699e+05 9.428542e-04
6.579332e+05 5.710818e-04
8.111308e+05 3.364475e-04
1.000000e+06 1.937160e-04
1.232847e+06 1.095620e-04
1.519911e+06 6.116146e-05
1.873817e+06 3.383519e-05
2.310130e+06 1.860727e-05
2.848036e+06 1.019509e-05
3.511192e+06 5.573811e-06
4.328761e+06 3.043607e-06
5.336699e+06 1.660954e-06
6.579332e+06 9.061653e-07
8.111308e+06 4.943281e-07
1.000000e+07 2.696593e-07
