1.000000e-02 2.493300e-02
1.232847e-02 2.600547e-02
1.519911e-02 2.712407e-02
1.873817e-02 2.829079e-02
2.310130e-02 2.950769e-02
2.848036e-02 3.077694e-02
3.511192e-02 3.210078e-02
4.328761e-02 3.348157e-02
5.336699e-02 3.492175e-02
6.579332e-02 3.642388e-02
8.111308e-02 3.799062e-02
1.000000e-01 3.962475e-02
1.232847e-01 4.132918e-02
1.519911e-01 4.310691e-02
1.873817e-01 4.496112e-02
2.310130e-01 4.689508e-02
2.848036e-01 4.891223e-02
3.511192e-01 5.101612e-02
4.328761e-01 5.321045e-02
5.336699e-01 5.549900e-02
6.579332e-01 5.788561e-02
8.111308e-01 6.037405e-02
1.000000e+00 6.296786e-02
1.232847e+00 6.567011e-02
1.519911e+00 6.848305e-02
1.873817e+00 7.140765e-02
2.310130e+00 7.444296e-02
2.848036e+00 7.758536e-02
3.511192e+00 8.082761e-02
4.328761e+00 8.415768e-02
5.336699e+00 8.755753e-02
6.579332e+00 9.100162e-02
8.111308e+00 9.445548e-02
1.000000e+01 9.787425e-02
1.232847e+01 1.012015e-01
1.519911e+01 1.043687e-01
1.873817e+01 1.072950e-01
2.310130e+01 1.098890e-01
2.848036e+01 1.120511e-01
3.511192e+01 1.136787e-01
4.328761e+01 1.146725e-01
5.336699e+01 1.149455e-01
6.579332e+01 1.144324e-01
8.111308e+01 1.130996e-01
1.000000e+02 1.109538e-01
1.232847e+02 1.080478e-01
1.519911e+02 1.044809e-01
1.873817e+02 1.003951e-01
2.310130e+02 9.596469e-02
2.848036e+02 9.138266e-02
3.511192e+02 8.684386e-02
4.328761e+02 8.252820e-02
5.336699e+02 7.858446e-02
6.579332e+02 7.511481e-02
8.111308e+02 7.215777e-02
1.000000e+03 6.966594e-02
1.232847e+03 6.747383e-02
1.519911e+03 6.525522e-02
1.873817e+03 6.248332e-02
2.310130e+03 5.843952e-02
2.848036e+03 5.236340e-02
3.511192e+03 4.384015e-02
4.328761e+03 3.334396e-02
5.336699e+03 2.245947e-02
6.579332e+03 1.320893e-02
8.111308e+03 6.816028e-03
1.000000e+04 3.164003e-03
1.232847e+04 1.371528e-03
1.519911e+04 5.764873e-04
1.873817e+04 2.417724e-04
2.310130e+04 1.028297e-04
2.848036e+04 4.460777e-05
3.511192e+04 1.971872e-05
4.328761e+04 8.847711e-06
5.336699e+04 4.011930e-06
6.579332e+04 1.831609e-06
8.111308e+04 8.396595e-07
1.000000e+05 3.858365e-07
1.232847e+05 1.775297e-07
1.519911e+05 8.174128e-08
1.873817e+05 3.765031e-08
2.310130e+05 1.734504e-08
2.848036e+05 7.991376e-09
3.511192e+05 3.682030e-09
4.328761e+05 1.696534e-09
5.336699e+05 7.817036e-10
6.579332e+05 3.601836e-10
8.111308e+05 1.659613e-10
1.000000e+06 7.646984e-11
1.232847e+06 3.523496e-11
1.519911e+06 1.623519e-11
1.873817e+06 7.480682e-12
2.310130e+06 3.446870e-12
2.848036e+06 1.588213e-12
3.511192e+06 7.318001e-13
4.328761e+06 3.371912e-13
5.336699e+06 1.553674e-13
6.579332e+06 7.158859e-14
8.111308e+06 3.298584e-14
1.000000e+07 1.519887e-14
