1.000000e-02 8.634318e-03
1.232847e-02 9.101528e-03
1.519911e-02 9.594020e-03
1.873817e-02 1.011316e-02
2.310130e-02 1.066039e-02
2.848036e-02 1.123724e-02
3.511192e-02 1.184529e-02
4.328761e-02 1.248625e-02
5.336699e-02 1.316189e-02
6.579332e-02 1.387409e-02
8.111308e-02 1.462483e-02
1.000000e-01 1.541620e-02
1.232847e-01 1.625038e-02
1.519911e-01 1.712970e-02
1.873817e-01 1.805660e-02
2.310130e-01 1.903366e-02
2.848036e-01 2.006359e-02
3.511192e-01 2.114925e-02
4.328761e-01 2.229366e-02
5.336699e-01 2.349999e-02
6.579332e-01 2.477162e-02
8.111308e-01 2.611207e-02
1.000000e+00 2.752511e-02
1.232847e+00 2.901469e-02
1.519911e+00 3.058503e-02
1.873817e+00 3.224060e-02
2.310130e+00 3.398614e-02
2.848036e+00 3.582674e-02
3.511192e+00 3.776781e-02
4.328761e+00 3.981513e-02
5.336699e+00 4.197488e-02
6.579332e+00 4.425366e-02
8.111308e+00 4.665845e-02
1.000000e+01 4.919664e-02
1.232847e+01 5.187596e-02
1.519911e+01 5.470437e-02
1.873817e+01 5.768997e-02
2.310130e+01 6.084070e-02
2.848036e+01 6.416411e-02
3.511192e+01 6.766689e-02
4.328761e+01 7.135433e-02
5.336699e+01 7.522960e-02
6.579332e+01 7.929287e-02
8.111308e+01 8.354019e-02
1.000000e+02 8.796216e-02
1.232847e+02 9.254247e-02
1.519911e+02 9.725616e-02
1.873817e+02 1.020678e-01
2.310130e+02 1.069297e-01
2.848036e+02 1.117803e-01
3.511192e+02 1.165424e-01
4.328761e+02 1.211229e-01
5.336699e+02 1.254125e-01
6.579332e+02 1.292868e-01
8.111308e+02 1.326090e-01
1.000000e+03 1.352336e-01
1.232847e+03 1.370125e-01
1.519911e+03 1.378012e-01
1.873817e+03 1.374676e-01
2.310130e+03 1.359002e-01
2.848036e+03 1.330173e-01
3.511192e+03 1.287747e-01
4.328761e+03 1.231728e-01
5.336699e+03 1.162621e-01
6.579332e+03 1.081474e-01
8.111308e+03 9.898975e-02
1.000000e+04 8.900688e-02
1.232847e+04 7.846911e-02
1.519911e+04 6.769025e-02
1.873817e+04 5.701107e-02
2.310130e+04 4.677510e-02
2.848036e+04 3.729881e-02
3.511192e+04 2.884048e-02
4.328761e+04 2.157444e-02
5.336699e+04 1.557698e-02
6.579332e+04 1.082783e-02
8.111308e+04 7.226173e-03
1.000000e+05 4.616119e-03
1.232847e+05 2.814243e-03
1.519911e+05 1.633755e-03
1.873817e+05 9.026439e-04
2.310130e+05 4.756252e-04
2.848036e+05 2.402390e-04
3.511192e+05 1.171876e-04
4.328761e+05 5.567008e-05
5.336699e+05 2.595899e-05
6.579332e+05 1.195838e-05
8.111308e+05 5.467777e-06
1.000000e+06 2.489189e-06
1.232847e+06 1.130451e-06
1.519911e+06 5.127213e-07
1.873817e+06 2.323906e-07
2.310130e+06 1.052952e-07
2.848036e+06 4.770089e-08
3.511192e+06 2.160780e-08
4.328761e+06 9.787661e-09
5.336699e+06 4.433439e-09
6.579332e+06 2.008168e-09
8.111308e+06 9.096170e-10
1.000000e+07 4.120188e-10
