1.000000e-02 7.166369e-03
1.232847e-02 7.568583e-03
1.519911e-02 7.993371e-03
1.873817e-02 8.442001e-03
2.310130e-02 8.915810e-03
2.848036e-02 9.416212e-03
3.511192e-02 9.944699e-03
4.328761e-02 1.050285e-02
5.336699e-02 1.109232e-02
6.579332e-02 1.171488e-02
8.111308e-02 1.237238e-02
1.000000e-01 1.306678e-02
1.232847e-01 1.380016e-02
1.519911e-01 1.457470e-02
1.873817e-01 1.539271e-02
2.310130e-01 1.625663e-02
2.848036e-01 1.716903e-02
3.511192e-01 1.813265e-02
4.328761e-01 1.915035e-02
5.336699e-01 2.022517e-02
6.579332e-01 2.136031e-02
8.111308e-01 2.255917e-02
1.000000e+00 2.382533e-02
1.232847e+00 2.516256e-02
1.519911e+00 2.657488e-02
1.873817e+00 2.806650e-02
2.310130e+00 2.964190e-02
2.848036e+00 3.130579e-02
3.511192e+00 3.306318e-02
4.328761e+00 3.491930e-02
5.336699e+00 3.687969e-02
6.579332e+00 3.895014e-02
8.111308e+00 4.113670e-02
1.000000e+01 4.344561e-02
1.232847e+01 4.588329e-02
1.519911e+01 4.845623e-02
1.873817e+01 5.117086e-02
2.310130e+01 5.403342e-02
2.848036e+01 5.704970e-02
3.511192e+01 6.022475e-02
4.328761e+01 6.356255e-02
5.336699e+01 6.706550e-02
6.579332e+01 7.073387e-02
8.111308e+01 7.456510e-02
1.000000e+02 7.855302e-02
1.232847e+02 8.268691e-02
1.519911e+02 8.695048e-02
1.873817e+02 9.132081e-02
2.310130e+02 9.576722e-02
2.848036e+02 1.002502e-01
3.511192e+02 1.047206e-01
4.328761e+02 1.091186e-01
5.336699e+02 1.133740e-01
6.579332e+02 1.174060e-01
8.111308e+02 1.211243e-01
1.000000e+03 1.244304e-01
1.232847e+03 1.272206e-01
1.519911e+03 1.293886e-01
1.873817e+03 1.308299e-01
2.310130e+03 1.314457e-01
2.848036e+03 1.311481e-01
3.511192e+03 1.298642e-01
4.328761e+03 1.275414e-01
5.336699e+03 1.241510e-01
6.579332e+03 1.196921e-01
8.111308e+03 1.141941e-01
1.000000e+04 1.077194e-01
1.232847e+04 1.003643e-01
1.519911e+04 9.225987e-02
1.873817e+04 8.357125e-02
2.310130e+04 7.449472e-02
2.848036e+04 6.525200e-02
3.511192e+04 5.608061e-02
4.328761e+04 4.722031e-02
5.336699e+04 3.889620e-02
6.579332e+04 3.130069e-02
8.111308e+04 2.457713e-02
1.000000e+05 1.880864e-02
1.232847e+05 1.401479e-02
1.519911e+05 1.015702e-02
1.873817e+05 7.151350e-03
2.310130e+05 4.884818e-03
2.848036e+05 3.231876e-03
3.511192e+05 2.067791e-03
4.328761e+05 1.277825e-03
5.336699e+05 7.624848e-04
6.579332e+05 4.398707e-04
8.111308e+05 2.460697e-04
1.000000e+06 1.340901e-04
1.232847e+06 7.155994e-05
1.519911e+06 3.760185e-05
1.873817e+06 1.954619e-05
2.310130e+06 1.008899e-05
2.848036e+06 5.184892e-06
3.511192e+06 2.657854e-06
4.328761e+06 1.360580e-06
5.336699e+06 6.960149e-07
6.579332e+06 3.559448e-07
8.111308e+06 1.820129e-07
1.000000e+07 9.307083e-08
