1.000000e-02 1.389840e-02
1.232847e-02 1.448492e-02
1.519911e-02 1.509618e-02
1.873817e-02 1.573324e-02
2.310130e-02 1.639718e-02
2.848036e-02 1.708914e-02
3.511192e-02 1.781031e-02
4.328761e-02 1.856190e-02
5.336699e-02 1.934521e-02
6.579332e-02 2.016158e-02
8.111308e-02 2.101240e-02
1.000000e-01 2.189912e-02
1.232847e-01 2.282327e-02
1.519911e-01 2.378641e-02
1.873817e-01 2.479020e-02
2.310130e-01 2.583634e-02
2.848036e-01 2.692664e-02
3.511192e-01 2.806295e-02
4.328761e-01 2.924721e-02
5.336699e-01 3.048147e-02
6.579332e-01 3.176787e-02
8.111308e-01 3.310865e-02
1.000000e+00 3.450621e-02
1.232847e+00 3.596315e-02
1.519911e+00 3.748227e-02
1.873817e+00 3.906669e-02
2.310130e+00 4.071996e-02
2.848036e+00 4.244612e-02
3.511192e+00 4.424991e-02
4.328761e+00 4.613696e-02
5.336699e+00 4.811397e-02
6.579332e+00 5.018903e-02
8.111308e+00 5.237191e-02
1.000000e+01 5.467439e-02
1.232847e+01 5.711067e-02
1.519911e+01 5.969770e-02
1.873817e+01 6.245567e-02
2.310130e+01 6.540832e-02
2.848036e+01 6.858330e-02
3.511192e+01 7.201236e-02
4.328761e+01 7.573143e-02
5.336699e+01 7.978030e-02
6.579332e+01 8.420189e-02
8.111308e+01 8.904078e-02
1.000000e+02 9.434072e-02
1.232847e+02 1.001406e-01
1.519911e+02 1.064682e-01
1.873817e+02 1.133316e-01
2.310130e+02 1.207061e-01
2.848036e+02 1.285179e-01
3.511192e+02 1.366223e-01
4.328761e+02 1.447794e-01
5.336699e+02 1.526287e-01
6.579332e+02 1.596695e-01
8.111308e+02 1.652587e-01
1.000000e+03 1.686383e-01
1.232847e+03 1.690096e-01
1.519911e+03 1.656617e-01
1.873817e+03 1.581447e-01
2.310130e+03 1.464486e-01
2.848036e+03 1.311222e-01
3.511192e+03 1.132597e-01
4.328761e+03 9.432204e-02
5.336699e+03 7.583246e-02
6.579332e+03 5.905668e-02
8.111308e+03 4.478950e-02
1.000000e+04 3.331063e-02
1.232847e+04 2.448571e-02
1.519911e+04 1.793444e-02
1.873817e+04 1.318873e-02
2.310130e+04 9.800252e-03
2.848036e+04 7.393116e-03
3.511192e+04 5.676960e-03
4.328761e+04 4.438888e-03
5.336699e+04 3.527780e-03
6.579332e+04 2.838512e-03
8.111308e+04 2.299109e-03
1.000000e+05 1.861401e-03
1.232847e+05 1.494572e-03
1.519911e+05 1.180593e-03
1.873817e+05 9.105522e-04
2.310130e+05 6.812568e-04
2.848036e+05 4.920117e-04
3.511192e+05 3.419684e-04
4.328761e+05 2.285323e-04
5.336699e+05 1.470279e-04
6.579332e+05 9.135594e-05
8.111308e+05 5.508221e-05
1.000000e+06 3.240702e-05
1.232847e+06 1.871004e-05
1.519911e+06 1.065479e-05
1.873817e+06 6.010237e-06
2.310130e+06 3.369198e-06
2.848036e+06 1.881326e-06
3.511192e+06 1.048077e-06
4.328761e+06 5.831231e-07
5.336699e+06 3.242190e-07
6.579332e+06 1.802133e-07
8.111308e+06 1.001588e-07
1.000000e+07 5.566512e-08
