1.000000e-02 6.533097e-03
1.232847e-02 6.918609e-03
1.519911e-02 7.326870e-03
1.873817e-02 7.759222e-03
2.310130e-02 8.217086e-03
2.848036e-02 8.701968e-03
3.511192e-02 9.215463e-03
4.328761e-02 9.759259e-03
5.336699e-02 1.033514e-02
6.579332e-02 1.094501e-02
8.111308e-02 1.159087e-02
1.000000e-01 1.227483e-02
1.232847e-01 1.299916e-02
1.519911e-01 1.376623e-02
1.873817e-01 1.457856e-02
2.310130e-01 1.543883e-02
2.848036e-01 1.634986e-02
3.511192e-01 1.731465e-02
4.328761e-01 1.833636e-02
5.336699e-01 1.941837e-02
6.579332e-01 2.056422e-02
8.111308e-01 2.177766e-02
1.000000e+00 2.306267e-02
1.232847e+00 2.442343e-02
1.519911e+00 2.586434e-02
1.873817e+00 2.739002e-02
2.310130e+00 2.900529e-02
2.848036e+00 3.071515e-02
3.511192e+00 3.252476e-02
4.328761e+00 3.443937e-02
5.336699e+00 3.646426e-02
6.579332e+00 3.860464e-02
8.111308e+00 4.086556e-02
1.000000e+01 4.325167e-02
1.232847e+01 4.576712e-02
1.519911e+01 4.841524e-02
1.873817e+01 5.119830e-02
2.310130e+01 5.411716e-02
2.848036e+01 5.717092e-02
3.511192e+01 6.035651e-02
4.328761e+01 6.366831e-02
5.336699e+01 6.709776e-02
6.579332e+01 7.063305e-02
8.111308e+01 7.425892e-02
1.000000e+02 7.795662e-02
1.232847e+02 8.170410e-02
1.519911e+02 8.547652e-02
1.873817e+02 8.924703e-02
2.310130e+02 9.298803e-02
2.848036e+02 9.667265e-02
3.511192e+02 1.002766e-01
4.328761e+02 1.037801e-01
5.336699e+02 1.071695e-01
6.579332e+02 1.104392e-01
8.111308e+02 1.135915e-01
1.000000e+03 1.166368e-01
1.232847e+03 1.195905e-01
1.519911e+03 1.224685e-01
1.873817e+03 1.252792e-01
2.310130e+03 1.280119e-01
2.848036e+03 1.306208e-01
3.511192e+03 1.330042e-01
4.328761e+03 1.349802e-01
5.336699e+03 1.362615e-01
6.579332e+03 1.364387e-01
8.111308e+03 1.349843e-01
1.000000e+04 1.313016e-01
1.232847e+04 1.248360e-01
1.519911e+04 1.152556e-01
1.873817e+04 1.026598e-01
2.310130e+04 8.772019e-02
2.848036e+04 7.163825e-02
3.511192e+04 5.587014e-02
4.328761e+04 4.171879e-02
5.336699e+04 3.000027e-02
6.579332e+04 2.094334e-02
8.111308e+04 1.431686e-02
1.000000e+05 9.655596e-03
1.232847e+05 6.455459e-03
1.519911e+05 4.283879e-03
1.873817e+05 2.815158e-03
2.310130e+05 1.822804e-03
2.848036e+05 1.155785e-03
3.511192e+05 7.138019e-04
4.328761e+05 4.280934e-04
5.336699e+05 2.493503e-04
6.579332e+05 1.414680e-04
8.111308e+05 7.854282e-05
1.000000e+06 4.289450e-05
1.232847e+06 2.315305e-05
1.519911e+06 1.239934e-05
1.873817e+06 6.607055e-06
2.310130e+06 3.509837e-06
2.848036e+06 1.861182e-06
3.511192e+06 9.859558e-07
4.328761e+06 5.220325e-07
5.336699e+06 2.763287e-07
6.579332e+06 1.462536e-07
8.111308e+06 7.740528e-08
1.000000e+07 4.096677e-08
