1.000000e-02 5.771294e-03
1.232847e-02 6.097127e-03
1.519911e-02 6.441356e-03
1.873817e-02 6.805018e-03
2.310130e-02 7.189212e-03
2.848036e-02 7.595097e-03
3.511192e-02 8.023897e-03
4.328761e-02 8.476906e-03
5.336699e-02 8.955491e-03
6.579332e-02 9.461095e-03
8.111308e-02 9.995245e-03
1.000000e-01 1.055955e-02
1.232847e-01 1.115572e-02
1.519911e-01 1.178554e-02
1.873817e-01 1.245092e-02
2.310130e-01 1.315387e-02
2.848036e-01 1.389650e-02
3.511192e-01 1.468107e-02
4.328761e-01 1.550992e-02
5.336699e-01 1.638557e-02
6.579332e-01 1.731066e-02
8.111308e-01 1.828799e-02
1.000000e+00 1.932049e-02
1.232847e+00 2.041130e-02
1.519911e+00 2.156371e-02
1.873817e+00 2.278122e-02
2.310130e+00 2.406752e-02
2.848036e+00 2.542654e-02
3.511192e+00 2.686244e-02
4.328761e+00 2.837961e-02
5.336699e+00 2.998274e-02
6.579332e+00 3.167681e-02
8.111308e+00 3.346708e-02
1.000000e+01 3.535916e-02
1.232847e+01 3.735897e-02
1.519911e+01 3.947278e-02
1.873817e+01 4.170716e-02
2.310130e+01 4.406899e-02
2.848036e+01 4.656539e-02
3.511192e+01 4.920363e-02
4.328761e+01 5.199106e-02
5.336699e+01 5.493489e-02
6.579332e+01 5.804200e-02
8.111308e+01 6.131862e-02
1.000000e+02 6.476995e-02
1.232847e+02 6.839969e-02
1.519911e+02 7.220945e-02
1.873817e+02 7.619799e-02
2.310130e+02 8.036044e-02
2.848036e+02 8.468731e-02
3.511192e+02 8.916341e-02
4.328761e+02 9.376674e-02
5.336699e+02 9.846730e-02
6.579332e+02 1.032259e-01
8.111308e+02 1.079932e-01
1.000000e+03 1.127086e-01
1.232847e+03 1.173002e-01
1.519911e+03 1.216838e-01
1.873817e+03 1.257643e-01
2.310130e+03 1.294353e-01
2.848036e+03 1.325816e-01
3.511192e+03 1.350808e-01
4.328761e+03 1.368059e-01
5.336699e+03 1.376284e-01
6.579332e+03 1.374223e-01
8.111308e+03 1.360686e-01
1.000000e+04 1.334612e-01
1.232847e+04 1.295154e-01
1.519911e+04 1.241786e-01
1.873817e+04 1.174437e-01
2.310130e+04 1.093648e-01
2.848036e+04 1.000729e-01
3.511192e+04 8.978626e-02
4.328761e+04 7.881189e-02
5.336699e+04 6.753189e-02
6.579332e+04 5.637226e-02
8.111308e+04 4.575735e-02
1.000000e+05 3.605884e-02
1.232847e+05 2.755170e-02
1.519911e+05 2.038843e-02
1.873817e+05 1.459683e-02
2.310130e+05 1.009895e-02
2.848036e+05 6.743094e-03
3.511192e+05 4.338720e-03
4.328761e+05 2.686452e-03
5.336699e+05 1.599448e-03
6.579332e+05 9.161070e-04
8.111308e+05 5.059566e-04
1.000000e+06 2.705943e-04
1.232847e+06 1.409405e-04
1.519911e+06 7.193953e-05
1.873817e+06 3.619486e-05
2.310130e+06 1.803725e-05
2.848036e+06 8.935243e-06
3.511192e+06 4.410966e-06
4.328761e+06 2.173412e-06
5.336699e+06 1.069903e-06
6.579332e+06 5.264663e-07
8.111308e+06 2.590221e-07
1.000000e+07 1.274361e-07
