1.000000e-02 8.610083e-03
1.232847e-02 9.101773e-03
1.519911e-02 9.621542e-03
1.873817e-02 1.017099e-02
2.310130e-02 1.075182e-02
2.848036e-02 1.136582e-02
3.511192e-02 1.201488e-02
4.328761e-02 1.270100e-02
5.336699e-02 1.342631e-02
6.579332e-02 1.419304e-02
8.111308e-02 1.500355e-02
1.000000e-01 1.586034e-02
1.232847e-01 1.676607e-02
1.519911e-01 1.772352e-02
1.873817e-01 1.873564e-02
2.310130e-01 1.980557e-02
2.848036e-01 2.093659e-02
3.511192e-01 2.213220e-02
4.328761e-01 2.339609e-02
5.336699e-01 2.473216e-02
6.579332e-01 2.614455e-02
8.111308e-01 2.763760e-02
1.000000e+00 2.921597e-02
1.232847e+00 3.088454e-02
1.519911e+00 3.264852e-02
1.873817e+00 3.451342e-02
2.310130e+00 3.648506e-02
2.848036e+00 3.856962e-02
3.511192e+00 4.077358e-02
4.328761e+00 4.310374e-02
5.336699e+00 4.556714e-02
6.579332e+00 4.817098e-02
8.111308e+00 5.092246e-02
1.000000e+01 5.382861e-02
1.232847e+01 5.689592e-02
1.519911e+01 6.012999e-02
1.873817e+01 6.353493e-02
2.310130e+01 6.711267e-02
2.848036e+01 7.086210e-02
3.511192e+01 7.477795e-02
4.328761e+01 7.884954e-02
5.336699e+01 8.305933e-02
6.579332e+01 8.738140e-02
8.111308e+01 9.177985e-02
1.000000e+02 9.620737e-02
1.232847e+02 1.006042e-01
1.519911e+02 1.048976e-01
1.873817e+02 1.090025e-01
2.310130e+02 1.128231e-01
2.848036e+02 1.162568e-01
3.511192e+02 1.191985e-01
4.328761e+02 1.215482e-01
5.336699e+02 1.232189e-01
6.579332e+02 1.241447e-01
8.111308e+02 1.242893e-01
1.000000e+03 1.236511e-01
1.232847e+03 1.222663e-01
1.519911e+03 1.202064e-01
1.873817e+03 1.175715e-01
2.310130e+03 1.144789e-01
2.848036e+03 1.110475e-01
3.511192e+03 1.073791e-01
4.328761e+03 1.035386e-01
5.336699e+03 9.953302e-02
6.579332e+03 9.529250e-02
8.111308e+03 9.065696e-02
1.000000e+04 8.537592e-02
1.232847e+04 7.913546e-02
1.519911e+04 7.163004e-02
1.873817e+04 6.269001e-02
2.310130e+04 5.244454e-02
2.848036e+04 4.144256e-02
3.511192e+04 3.061184e-02
4.328761e+04 2.099105e-02
5.336699e+04 1.334352e-02
6.579332e+04 7.902016e-03
8.111308e+04 4.405488e-03
1.000000e+05 2.344596e-03
1.232847e+05 1.208518e-03
1.519911e+05 6.110380e-04
1.873817e+05 3.059612e-04
2.310130e+05 1.526620e-04
2.848036e+05 7.615852e-05
3.511192e+05 3.804004e-05
4.328761e+05 1.902960e-05
5.336699e+05 9.532302e-06
6.579332e+05 4.779643e-06
8.111308e+05 2.398181e-06
1.000000e+06 1.203788e-06
1.232847e+06 6.044028e-07
1.519911e+06 3.035048e-07
1.873817e+06 1.524191e-07
2.310130e+06 7.654772e-08
2.848036e+06 3.844456e-08
3.511192e+06 1.930824e-08
4.328761e+06 9.697346e-09
5.336699e+06 4.870396e-09
6.579332e+06 2.446110e-09
8.111308e+06 1.228536e-09
1.000000e+07 6.170210e-10
