1.000000e-02 5.970398e-03
1.232847e-02 6.310141e-03
1.519911e-02 6.669217e-03
1.873817e-02 7.048726e-03
2.310130e-02 7.449831e-03
2.848036e-02 7.873760e-03
3.511192e-02 8.321814e-03
4.328761e-02 8.795363e-03
5.336699e-02 9.295860e-03
6.579332e-02 9.824837e-03
8.111308e-02 1.038392e-02
1.000000e-01 1.097481e-02
1.232847e-01 1.159932e-02
1.519911e-01 1.225938e-02
1.873817e-01 1.295699e-02
2.310130e-01 1.369431e-02
2.848036e-01 1.447358e-02
3.511192e-01 1.529719e-02
4.328761e-01 1.616767e-02
5.336699e-01 1.708769e-02
6.579332e-01 1.806006e-02
8.111308e-01 1.908776e-02
1.000000e+00 2.017396e-02
1.232847e+00 2.132197e-02
1.519911e+00 2.253534e-02
1.873817e+00 2.381779e-02
2.310130e+00 2.517328e-02
2.848036e+00 2.660600e-02
3.511192e+00 2.812038e-02
4.328761e+00 2.972112e-02
5.336699e+00 3.141320e-02
6.579332e+00 3.320188e-02
8.111308e+00 3.509270e-02
1.000000e+01 3.709151e-02
1.232847e+01 3.920442e-02
1.519911e+01 4.143779e-02
1.873817e+01 4.379818e-02
2.310130e+01 4.629229e-02
2.848036e+01 4.892680e-02
3.511192e+01 5.170829e-02
4.328761e+01 5.464299e-02
5.336699e+01 5.773655e-02
6.579332e+01 6.099368e-02
8.111308e+01 6.441778e-02
1.000000e+02 6.801043e-02
1.232847e+02 7.177084e-02
1.519911e+02 7.569516e-02
1.873817e+02 7.977583e-02
2.310130e+02 8.400081e-02
2.848036e+02 8.835277e-02
3.511192e+02 9.280846e-02
4.328761e+02 9.733805e-02
5.336699e+02 1.019047e-01
6.579332e+02 1.064642e-01
8.111308e+02 1.109653e-01
1.000000e+03 1.153497e-01
1.232847e+03 1.195525e-01
1.519911e+03 1.235033e-01
1.873817e+03 1.271261e-01
2.310130e+03 1.303400e-01
2.848036e+03 1.330586e-01
3.511192e+03 1.351888e-01
4.328761e+03 1.366282e-01
5.336699e+03 1.372618e-01
6.579332e+03 1.369591e-01
8.111308e+03 1.355713e-01
1.000000e+04 1.329340e-01
1.232847e+04 1.288755e-01
1.519911e+04 1.232374e-01
1.873817e+04 1.159074e-01
2.310130e+04 1.068658e-01
2.848036e+04 9.623628e-02
3.511192e+04 8.432674e-02
4.328761e+04 7.163633e-02
5.336699e+04 5.881147e-02
6.579332e+04 4.654869e-02
8.111308e+04 3.546911e-02
1.000000e+05 2.600779e-02
1.232847e+05 1.835792e-02
1.519911e+05 1.248365e-02
1.873817e+05 8.183988e-03
2.310130e+05 5.174158e-03
2.848036e+05 3.154693e-03
3.511192e+05 1.855022e-03
4.328761e+05 1.052962e-03
5.336699e+05 5.783639e-04
6.579332e+05 3.086716e-04
8.111308e+05 1.609179e-04
1.000000e+06 8.241008e-05
1.232847e+06 4.167494e-05
1.519911e+06 2.089865e-05
1.873817e+06 1.042464e-05
2.310130e+06 5.183536e-06
2.848036e+06 2.572794e-06
3.511192e+06 1.275724e-06
4.328761e+06 6.322513e-07
5.336699e+06 3.132699e-07
6.579332e+06 1.552045e-07
8.111308e+06 7.689096e-08
1.000000e+07 3.809289e-08
