1.000000e-02 7.495385e-03
1.232847e-02 7.879914e-03
1.519911e-02 8.284171e-03
1.873817e-02 8.709167e-03
2.310130e-02 9.155966e-03
2.848036e-02 9.625687e-03
3.511192e-02 1.011951e-02
4.328761e-02 1.063866e-02
5.336699e-02 1.118444e-02
6.579332e-02 1.175823e-02
8.111308e-02 1.236145e-02
1.000000e-01 1.299562e-02
1.232847e-01 1.366233e-02
1.519911e-01 1.436323e-02
1.873817e-01 1.510010e-02
2.310130e-01 1.587477e-02
2.848036e-01 1.668918e-02
3.511192e-01 1.754537e-02
4.328761e-01 1.844548e-02
5.336699e-01 1.939178e-02
6.579332e-01 2.038662e-02
8.111308e-01 2.143250e-02
1.000000e+00 2.253204e-02
1.232847e+00 2.368800e-02
1.519911e+00 2.490329e-02
1.873817e+00 2.618097e-02
2.310130e+00 2.752428e-02
2.848036e+00 2.893668e-02
3.511192e+00 3.042179e-02
4.328761e+00 3.198354e-02
5.336699e+00 3.362611e-02
6.579332e+00 3.535401e-02
8.111308e+00 3.717214e-02
1.000000e+01 3.908583e-02
1.232847e+01 4.110091e-02
1.519911e+01 4.322381e-02
1.873817e+01 4.546162e-02
2.310130e+01 4.782215e-02
2.848036e+01 5.031406e-02
3.511192e+01 5.294690e-02
4.328761e+01 5.573117e-02
5.336699e+01 5.867833e-02
6.579332e+01 6.180083e-02
8.111308e+01 6.511195e-02
1.000000e+02 6.862568e-02
1.232847e+02 7.235635e-02
1.519911e+02 7.631823e-02
1.873817e+02 8.052473e-02
2.310130e+02 8.498747e-02
2.848036e+02 8.971487e-02
3.511192e+02 9.471034e-02
4.328761e+02 9.996983e-02
5.336699e+02 1.054788e-01
6.579332e+02 1.112083e-01
8.111308e+02 1.171104e-01
1.000000e+03 1.231127e-01
1.232847e+03 1.291119e-01
1.519911e+03 1.349679e-01
1.873817e+03 1.404974e-01
2.310130e+03 1.454696e-01
2.848036e+03 1.496052e-01
3.511192e+03 1.525806e-01
4.328761e+03 1.540413e-01
5.336699e+03 1.536260e-01
6.579332e+03 1.510046e-01
8.111308e+03 1.459284e-01
1.000000e+04 1.382877e-01
1.232847e+04 1.281663e-01
1.519911e+04 1.158764e-01
1.873817e+04 1.019580e-01
2.310130e+04 8.713249e-02
2.848036e+04 7.221085e-02
3.511192e+04 5.797658e-02
4.328761e+04 4.507275e-02
5.336699e+04 3.392501e-02
6.579332e+04 2.471866e-02
8.111308e+04 1.742740e-02
1.000000e+05 1.187435e-02
1.232847e+05 7.800795e-03
1.519911e+05 4.923522e-03
1.873817e+05 2.972261e-03
2.310130e+05 1.708546e-03
2.848036e+05 9.322840e-04
3.511192e+05 4.828130e-04
4.328761e+05 2.381980e-04
5.336699e+05 1.127696e-04
6.579332e+05 5.170953e-05
8.111308e+05 2.317964e-05
1.000000e+06 1.023767e-05
1.232847e+06 4.480917e-06
1.519911e+06 1.951098e-06
1.873817e+06 8.471577e-07
2.310130e+06 3.672918e-07
2.848036e+06 1.591255e-07
3.511192e+06 6.891538e-08
4.328761e+06 2.984167e-08
5.336699e+06 1.292113e-08
6.579332e+06 5.594570e-09
8.111308e+06 2.422309e-09
1.000000e+07 1.048798e-09
