1.000000e-02 1.441281e-02
1.232847e-02 1.517110e-02
1.519911e-02 1.596930e-02
1.873817e-02 1.680949e-02
2.310130e-02 1.769388e-02
2.848036e-02 1.862481e-02
3.511192e-02 1.960471e-02
4.328761e-02 2.063617e-02
5.336699e-02 2.172190e-02
6.579332e-02 2.286475e-02
8.111308e-02 2.406772e-02
1.000000e-01 2.533399e-02
1.232847e-01 2.666689e-02
1.519911e-01 2.806991e-02
1.873817e-01 2.954674e-02
2.310130e-01 3.110128e-02
2.848036e-01 3.273761e-02
3.511192e-01 3.446002e-02
4.328761e-01 3.627307e-02
5.336699e-01 3.818150e-02
6.579332e-01 4.019037e-02
8.111308e-01 4.230494e-02
1.000000e+00 4.453081e-02
1.232847e+00 4.687385e-02
1.519911e+00 4.934020e-02
1.873817e+00 5.193633e-02
2.310130e+00 5.466893e-02
2.848036e+00 5.754488e-02
3.511192e+00 6.057113e-02
4.328761e+00 6.375455e-02
5.336699e+00 6.710161e-02
6.579332e+00 7.061805e-02
8.111308e+00 7.430835e-02
1.000000e+01 7.817501e-02
1.232847e+01 8.221766e-02
1.519911e+01 8.643191e-02
1.873817e+01 9.080789e-02
2.310130e+01 9.532857e-02
2.848036e+01 9.996772e-02
3.511192e+01 1.046877e-01
4.328761e+01 1.094369e-01
5.336699e+01 1.141478e-01
6.579332e+01 1.187342e-01
8.111308e+01 1.230903e-01
1.000000e+02 1.270903e-01
1.232847e+02 1.305890e-01
1.519911e+02 1.334261e-01
1.873817e+02 1.354312e-01
2.310130e+02 1.364335e-01
2.848036e+02 1.362726e-01
3.511192e+02 1.348126e-01
4.328761e+02 1.319566e-01
5.336699e+02 1.276609e-01
6.579332e+02 1.219459e-01
8.111308e+02 1.149030e-01
1.000000e+03 1.066942e-01
1.232847e+03 9.754463e-02
1.519911e+03 8.772811e-02
1.873817e+03 7.754776e-02
2.310130e+03 6.731389e-02
2.848036e+03 5.732255e-02
3.511192e+03 4.783717e-02
4.328761e+03 3.907474e-02
5.336699e+03 3.119706e-02
6.579332e+03 2.430674e-02
8.111308e+03 1.844741e-02
1.000000e+04 1.360818e-02
1.232847e+04 9.731777e-03
1.519911e+04 6.725777e-03
1.873817e+04 4.475169e-03
2.310130e+04 2.854467e-03
2.848036e+04 1.737728e-03
3.511192e+04 1.006035e-03
4.328761e+04 5.530027e-04
5.336699e+04 2.890763e-04
6.579332e+04 1.444473e-04
8.111308e+04 6.954576e-05
1.000000e+05 3.255677e-05
1.232847e+05 1.494595e-05
1.519911e+05 6.775057e-06
1.873817e+05 3.047661e-06
2.310130e+05 1.364903e-06
2.848036e+05 6.097922e-07
3.511192e+05 2.720845e-07
4.328761e+05 1.213220e-07
5.336699e+05 5.407939e-08
6.579332e+05 2.410206e-08
8.111308e+05 1.074095e-08
1.000000e+06 4.786471e-09
1.232847e+06 2.132949e-09
1.519911e+06 9.504784e-10
1.873817e+06 4.235477e-10
2.310130e+06 1.887390e-10
2.848036e+06 8.410480e-11
3.511192e+06 3.747828e-11
4.328761e+06 1.670085e-11
5.336699e+06 7.442131e-12
6.579332e+06 3.316318e-12
8.111308e+06 1.477797e-12
1.000000e+07 6.585272e-13
