1.000000e-02 6.371226e-02
1.232847e-02 6.493896e-02
1.519911e-02 6.618927e-02
1.873817e-02 6.746366e-02
2.310130e-02 6.876258e-02
2.848036e-02 7.008651e-02
3.511192e-02 7.143593e-02
4.328761e-02 7.281134e-02
5.336699e-02 7.421322e-02
6.579332e-02 7.564210e-02
8.111308e-02 7.709849e-02
1.000000e-01 7.858292e-02
1.232847e-01 8.009593e-02
1.519911e-01 8.163807e-02
1.873817e-01 8.320990e-02
2.310130e-01 8.481197e-02
2.848036e-01 8.644484e-02
3.511192e-01 8.810892e-02
4.328761e-01 8.980443e-02
5.336699e-01 9.153104e-02
6.579332e-01 9.328744e-02
8.111308e-01 9.507065e-02
1.000000e+00 9.687514e-02
1.232847e+00 9.869166e-02
1.519911e+00 1.005060e-01
1.873817e+00 1.022975e-01
2.310130e+00 1.040380e-01
2.848036e+00 1.056902e-01
3.511192e+00 1.072074e-01
4.328761e+00 1.085335e-01
5.336699e+00 1.096032e-01
6.579332e+00 1.103442e-01
8.111308e+00 1.106802e-01
1.000000e+01 1.105352e-01
1.232847e+01 1.098385e-01
1.519911e+01 1.085310e-01
1.873817e+01 1.065712e-01
2.310130e+01 1.039406e-01
2.848036e+01 1.006481e-01
3.511192e+01 9.673198e-02
4.328761e+01 9.225892e-02
5.336699e+01 8.732097e-02
6.579332e+01 8.202958e-02
8.111308e+01 7.650798e-02
1.000000e+02 7.088281e-02
1.232847e+02 6.527591e-02
1.519911e+02 5.979736e-02
1.873817e+02 5.454025e-02
2.310130e+02 4.957764e-02
2.848036e+02 4.496162e-02
3.511192e+02 4.072411e-02
4.328761e+02 3.687906e-02
5.336699e+02 3.342538e-02
6.579332e+02 3.035019e-02
8.111308e+02 2.763204e-02
1.000000e+03 2.524377e-02
1.232847e+03 2.315480e-02
1.519911e+03 2.133299e-02
1.873817e+03 1.974589e-02
2.310130e+03 1.836161e-02
2.848036e+03 1.714922e-02
3.511192e+03 1.607900e-02
4.328761e+03 1.512249e-02
5.336699e+03 1.425248e-02
6.579332e+03 1.344312e-02
8.111308e+03 1.267011e-02
1.000000e+04 1.191121e-02
1.232847e+04 1.114692e-02
1.519911e+04 1.036162e-02
1.873817e+04 9.544689e-03
2.310130e+04 8.691755e-03
2.848036e+04 7.805556e-03
3.511192e+04 6.896146e-03
4.328761e+04 5.980170e-03
5.336699e+04 5.079089e-03
6.579332e+04 4.216543e-03
8.111308e+04 3.415293e-03
1.000000e+05 2.694335e-03
1.232847e+05 2.066765e-03
1.519911e+05 1.538784e-03
1.873817e+05 1.109870e-03
2.310130e+05 7.738658e-04
2.848036e+05 5.205368e-04
3.511192e+05 3.372038e-04
4.328761e+05 2.102186e-04
5.336699e+05 1.262272e-04
6.579332e+05 7.320465e-05
8.111308e+05 4.119073e-05
1.000000e+06 2.261484e-05
1.232847e+06 1.218652e-05
1.519911e+06 6.480099e-06
1.873817e+06 3.415014e-06
2.310130e+06 1.789470e-06
2.848036e+06 9.344540e-07
3.511192e+06 4.870048e-07
4.328761e+06 2.535402e-07
5.336699e+06 1.319265e-07
6.579332e+06 6.863055e-08
8.111308e+06 3.570007e-08
1.000000e+07 1.857011e-08
