1.000000e-02 1.224399e-02
1.232847e-02 1.285678e-02
1.519911e-02 1.350023e-02
1.873817e-02 1.417588e-02
2.310130e-02 1.488535e-02
2.848036e-02 1.563032e-02
3.511192e-02 1.641258e-02
4.328761e-02 1.723399e-02
5.336699e-02 1.809651e-02
6.579332e-02 1.900220e-02
8.111308e-02 1.995321e-02
1.000000e-01 2.095182e-02
1.232847e-01 2.200040e-02
1.519911e-01 2.310147e-02
1.873817e-01 2.425764e-02
2.310130e-01 2.547168e-02
2.848036e-01 2.674647e-02
3.511192e-01 2.808507e-02
4.328761e-01 2.949067e-02
5.336699e-01 3.096664e-02
6.579332e-01 3.251653e-02
8.111308e-01 3.414411e-02
1.000000e+00 3.585336e-02
1.232847e+00 3.764858e-02
1.519911e+00 3.953439e-02
1.873817e+00 4.151580e-02
2.310130e+00 4.359831e-02
2.848036e+00 4.578799e-02
3.511192e+00 4.809161e-02
4.328761e+00 5.051669e-02
5.336699e+00 5.307164e-02
6.579332e+00 5.576586e-02
8.111308e+00 5.860978e-02
1.000000e+01 6.161489e-02
1.232847e+01 6.479368e-02
1.519911e+01 6.815948e-02
1.873817e+01 7.172619e-02
2.310130e+01 7.550774e-02
2.848036e+01 7.951742e-02
3.511192e+01 8.376671e-02
4.328761e+01 8.826390e-02
5.336699e+01 9.301206e-02
6.579332e+01 9.800650e-02
8.111308e+01 1.032316e-01
1.000000e+02 1.086569e-01
1.232847e+02 1.142325e-01
1.519911e+02 1.198843e-01
1.873817e+02 1.255087e-01
2.310130e+02 1.309680e-01
2.848036e+02 1.360875e-01
3.511192e+02 1.406542e-01
4.328761e+02 1.444205e-01
5.336699e+02 1.471126e-01
6.579332e+02 1.484454e-01
8.111308e+02 1.481439e-01
1.000000e+03 1.459712e-01
1.232847e+03 1.417584e-01
1.519911e+03 1.354356e-01
1.873817e+03 1.270567e-01
2.310130e+03 1.168132e-01
2.848036e+03 1.050339e-01
3.511192e+03 9.216629e-02
4.328761e+03 7.874201e-02
5.336699e+03 6.532930e-02
6.579332e+03 5.247911e-02
8.111308e+03 4.067354e-02
1.000000e+04 3.028470e-02
1.232847e+04 2.154950e-02
1.519911e+04 1.456152e-02
1.873817e+04 9.277134e-03
2.310130e+04 5.532396e-03
2.848036e+04 3.070538e-03
3.511192e+04 1.582780e-03
4.328761e+04 7.604034e-04
5.336699e+04 3.436569e-04
6.579332e+04 1.480455e-04
8.111308e+04 6.164674e-05
1.000000e+05 2.511270e-05
1.232847e+05 1.009729e-05
1.519911e+05 4.030604e-06
1.873817e+05 1.602846e-06
2.310130e+05 6.362028e-07
2.848036e+05 2.522953e-07
3.511192e+05 1.000098e-07
4.328761e+05 3.963649e-08
5.336699e+05 1.570769e-08
6.579332e+05 6.224641e-09
8.111308e+05 2.466663e-09
1.000000e+06 9.774681e-10
1.232847e+06 3.873417e-10
1.519911e+06 1.534919e-10
1.873817e+06 6.082421e-11
2.310130e+06 2.410280e-11
2.848036e+06 9.551209e-12
3.511192e+06 3.784855e-12
4.328761e+06 1.499823e-12
5.336699e+06 5.943346e-13
6.579332e+06 2.355168e-13
8.111308e+06 9.332818e-14
1.000000e+07 3.698313e-14
