1.000000e-02 1.055920e-02
1.232847e-02 1.114318e-02
1.519911e-02 1.175946e-02
1.873817e-02 1.240982e-02
2.310130e-02 1.309615e-02
2.848036e-02 1.382043e-02
3.511192e-02 1.458477e-02
4.328761e-02 1.539139e-02
5.336699e-02 1.624261e-02
6.579332e-02 1.714091e-02
8.111308e-02 1.808889e-02
1.000000e-01 1.908930e-02
1.232847e-01 2.014504e-02
1.519911e-01 2.125916e-02
1.873817e-01 2.243490e-02
2.310130e-01 2.367567e-02
2.848036e-01 2.498506e-02
3.511192e-01 2.636686e-02
4.328761e-01 2.782508e-02
5.336699e-01 2.936393e-02
6.579332e-01 3.098786e-02
8.111308e-01 3.270154e-02
1.000000e+00 3.450985e-02
1.232847e+00 3.641792e-02
1.519911e+00 3.843102e-02
1.873817e+00 4.055462e-02
2.310130e+00 4.279424e-02
2.848036e+00 4.515544e-02
3.511192e+00 4.764365e-02
4.328761e+00 5.026400e-02
5.336699e+00 5.302117e-02
6.579332e+00 5.591904e-02
8.111308e+00 5.896041e-02
1.000000e+01 6.214655e-02
1.232847e+01 6.547672e-02
1.519911e+01 6.894755e-02
1.873817e+01 7.255238e-02
2.310130e+01 7.628049e-02
2.848036e+01 8.011627e-02
3.511192e+01 8.403837e-02
4.328761e+01 8.801879e-02
5.336699e+01 9.202216e-02
6.579332e+01 9.600504e-02
8.111308e+01 9.991557e-02
1.000000e+02 1.036934e-01
1.232847e+02 1.072703e-01
1.519911e+02 1.105711e-01
1.873817e+02 1.135153e-01
2.310130e+02 1.160200e-01
2.848036e+02 1.180030e-01
3.511192e+02 1.193865e-01
4.328761e+02 1.201015e-01
5.336699e+02 1.200923e-01
6.579332e+02 1.193203e-01
8.111308e+02 1.177677e-01
1.000000e+03 1.154394e-01
1.232847e+03 1.123637e-01
1.519911e+03 1.085920e-01
1.873817e+03 1.041955e-01
2.310130e+03 9.926179e-02
2.848036e+03 9.388948e-02
3.511192e+03 8.818286e-02
4.328761e+03 8.224639e-02
5.336699e+03 7.617989e-02
6.579332e+03 7.007482e-02
8.111308e+03 6.401169e-02
1.000000e+04 5.805891e-02
1.232847e+04 5.227259e-02
1.519911e+04 4.669751e-02
1.873817e+04 4.136865e-02
2.310130e+04 3.631328e-02
2.848036e+04 3.155315e-02
3.511192e+04 2.710662e-02
4.328761e+04 2.299031e-02
5.336699e+04 1.921993e-02
6.579332e+04 1.581002e-02
8.111308e+04 1.277252e-02
1.000000e+05 1.011442e-02
1.232847e+05 7.835247e-03
1.519911e+05 5.925124e-03
1.873817e+05 4.364110e-03
2.310130e+05 3.123033e-03
2.848036e+05 2.165567e-03
3.511192e+05 1.450963e-03
4.328761e+05 9.368643e-04
5.336699e+05 5.817957e-04
6.579332e+05 3.472680e-04
8.111308e+05 1.995003e-04
1.000000e+06 1.107001e-04
1.232847e+06 5.964976e-05
1.519911e+06 3.140939e-05
1.873817e+06 1.626289e-05
2.310130e+06 8.324385e-06
2.848036e+06 4.229893e-06
3.511192e+06 2.139993e-06
4.328761e+06 1.080056e-06
5.336699e+06 5.444396e-07
6.579332e+06 2.742958e-07
8.111308e+06 1.381682e-07
1.000000e+07 6.959567e-08
