1.000000e-02 9.777291e-03
1.232847e-02 1.029166e-02
1.519911e-02 1.083309e-02
1.873817e-02 1.140301e-02
2.310130e-02 1.200290e-02
2.848036e-02 1.263436e-02
3.511192e-02 1.329904e-02
4.328761e-02 1.399868e-02
5.336699e-02 1.473514e-02
6.579332e-02 1.551033e-02
8.111308e-02 1.632631e-02
1.000000e-01 1.718522e-02
1.232847e-01 1.808931e-02
1.519911e-01 1.904097e-02
1.873817e-01 2.004269e-02
2.310130e-01 2.109711e-02
2.848036e-01 2.220700e-02
3.511192e-01 2.337529e-02
4.328761e-01 2.460506e-02
5.336699e-01 2.589956e-02
6.579332e-01 2.726228e-02
8.111308e-01 2.869691e-02
1.000000e+00 3.020748e-02
1.232847e+00 3.179836e-02
1.519911e+00 3.347443e-02
1.873817e+00 3.524115e-02
2.310130e+00 3.710477e-02
2.848036e+00 3.907244e-02
3.511192e+00 4.115249e-02
4.328761e+00 4.335460e-02
5.336699e+00 4.568999e-02
6.579332e+00 4.817168e-02
8.111308e+00 5.081458e-02
1.000000e+01 5.363556e-02
1.232847e+01 5.665344e-02
1.519911e+01 5.988867e-02
1.873817e+01 6.336293e-02
2.310130e+01 6.709820e-02
2.848036e+01 7.111553e-02
3.511192e+01 7.543320e-02
4.328761e+01 8.006412e-02
5.336699e+01 8.501258e-02
6.579332e+01 9.027010e-02
8.111308e+01 9.581060e-02
1.000000e+02 1.015852e-01
1.232847e+02 1.075169e-01
1.519911e+02 1.134974e-01
1.873817e+02 1.193852e-01
2.310130e+02 1.250096e-01
2.848036e+02 1.301799e-01
3.511192e+02 1.347027e-01
4.328761e+02 1.384058e-01
5.336699e+02 1.411673e-01
6.579332e+02 1.429435e-01
8.111308e+02 1.437905e-01
1.000000e+03 1.438689e-01
1.232847e+03 1.434273e-01
1.519911e+03 1.427553e-01
1.873817e+03 1.420996e-01
2.310130e+03 1.415287e-01
2.848036e+03 1.407196e-01
3.511192e+03 1.386489e-01
4.328761e+03 1.332582e-01
5.336699e+03 1.214786e-01
6.579332e+03 1.005446e-01
8.111308e+03 7.129115e-02
1.000000e+04 4.078503e-02
1.232847e+04 1.818573e-02
1.519911e+04 6.420829e-03
1.873817e+04 1.904837e-03
2.310130e+04 5.085865e-04
2.848036e+04 1.287011e-04
3.511192e+04 3.180422e-05
4.328761e+04 7.785743e-06
5.336699e+04 1.899481e-06
6.579332e+04 4.628834e-07
8.111308e+04 1.127587e-07
1.000000e+05 2.746509e-08
1.232847e+05 6.689568e-09
1.519911e+05 1.629338e-09
1.873817e+05 3.968472e-10
2.310130e+05 9.665739e-11
2.848036e+05 2.354218e-11
3.511192e+05 5.734010e-12
4.328761e+05 1.396594e-12
5.336699e+05 3.401589e-13
6.579332e+05 8.285018e-14
8.111308e+05 2.017926e-14
1.000000e+06 4.914924e-15
1.232847e+06 1.197095e-15
1.519911e+06 2.915682e-16
1.873817e+06 7.101529e-17
2.310130e+06 1.729671e-17
2.848036e+06 4.212842e-18
3.511192e+06 1.026093e-18
4.328761e+06 2.499186e-19
5.336699e+06 6.087097e-20
6.579332e+06 1.482593e-20
8.111308e+06 3.611051e-21
1.000000e+07 8.795191e-22
