1.000000e-02 9.732866e-03
1.232847e-02 1.027939e-02
1.519911e-02 1.085661e-02
1.873817e-02 1.146623e-02
2.310130e-02 1.211009e-02
2.848036e-02 1.279010e-02
3.511192e-02 1.350830e-02
4.328761e-02 1.426682e-02
5.336699e-02 1.506794e-02
6.579332e-02 1.591404e-02
8.111308e-02 1.680766e-02
1.000000e-01 1.775145e-02
1.232847e-01 1.874824e-02
1.519911e-01 1.980100e-02
1.873817e-01 2.091288e-02
2.310130e-01 2.208719e-02
2.848036e-01 2.332744e-02
3.511192e-01 2.463734e-02
4.328761e-01 2.602079e-02
5.336699e-01 2.748194e-02
6.579332e-01 2.902515e-02
8.111308e-01 3.065507e-02
1.000000e+00 3.237660e-02
1.232847e+00 3.419495e-02
1.519911e+00 3.611566e-02
1.873817e+00 3.814464e-02
2.310130e+00 4.028816e-02
2.848036e+00 4.255289e-02
3.511192e+00 4.494592e-02
4.328761e+00 4.747470e-02
5.336699e+00 5.014704e-02
6.579332e+00 5.297100e-02
8.111308e+00 5.595472e-02
1.000000e+01 5.910619e-02
1.232847e+01 6.243293e-02
1.519911e+01 6.594149e-02
1.873817e+01 6.963682e-02
2.310130e+01 7.352146e-02
2.848036e+01 7.759450e-02
3.511192e+01 8.185032e-02
4.328761e+01 8.627706e-02
5.336699e+01 9.085493e-02
6.579332e+01 9.555432e-02
8.111308e+01 1.003338e-01
1.000000e+02 1.051382e-01
1.232847e+02 1.098971e-01
1.519911e+02 1.145238e-01
1.873817e+02 1.189152e-01
2.310130e+02 1.229531e-01
2.848036e+02 1.265067e-01
3.511192e+02 1.294381e-01
4.328761e+02 1.316083e-01
5.336699e+02 1.328854e-01
6.579332e+02 1.331549e-01
8.111308e+02 1.323280e-01
1.000000e+03 1.303512e-01
1.232847e+03 1.272116e-01
1.519911e+03 1.229408e-01
1.873817e+03 1.176140e-01
2.310130e+03 1.113453e-01
2.848036e+03 1.042808e-01
3.511192e+03 9.658883e-02
4.328761e+03 8.844925e-02
5.336699e+03 8.004394e-02
6.579332e+03 7.154839e-02
8.111308e+03 6.312589e-02
1.000000e+04 5.492417e-02
1.232847e+04 4.707404e-02
1.519911e+04 3.968924e-02
1.873817e+04 3.286609e-02
2.310130e+04 2.668236e-02
2.848036e+04 2.119470e-02
3.511192e+04 1.643579e-02
4.328761e+04 1.241203e-02
5.336699e+04 9.103207e-03
6.579332e+04 6.464578e-03
8.111308e+04 4.431079e-03
1.000000e+05 2.922817e-03
1.232847e+05 1.851085e-03
1.519911e+05 1.124664e-03
1.873817e+05 6.563697e-04
2.310130e+05 3.692991e-04
2.848036e+05 2.014280e-04
3.511192e+05 1.072015e-04
4.328761e+05 5.602820e-05
5.336699e+05 2.891626e-05
6.579332e+05 1.480053e-05
8.111308e+05 7.536162e-06
1.000000e+06 3.825225e-06
1.232847e+06 1.938054e-06
1.519911e+06 9.808945e-07
1.873817e+06 4.961676e-07
2.310130e+06 2.508993e-07
2.848036e+06 1.268527e-07
3.511192e+06 6.413036e-08
4.328761e+06 3.241977e-08
5.336699e+06 1.638884e-08
6.579332e+06 8.284821e-09
8.111308e+06 4.188099e-09
1.000000e+07 2.117145e-09
