1.000000e-02 7.236450e-03
1.232847e-02 7.634579e-03
1.519911e-02 8.054613e-03
1.873817e-02 8.497756e-03
2.310130e-02 8.965279e-03
2.848036e-02 9.458525e-03
3.511192e-02 9.978907e-03
4.328761e-02 1.052792e-02
5.336699e-02 1.110714e-02
6.579332e-02 1.171822e-02
8.111308e-02 1.236293e-02
1.000000e-01 1.304310e-02
1.232847e-01 1.376070e-02
1.519911e-01 1.451777e-02
1.873817e-01 1.531650e-02
2.310130e-01 1.615917e-02
2.848036e-01 1.704821e-02
3.511192e-01 1.798615e-02
4.328761e-01 1.897571e-02
5.336699e-01 2.001970e-02
6.579332e-01 2.112115e-02
8.111308e-01 2.228322e-02
1.000000e+00 2.350927e-02
1.232847e+00 2.480286e-02
1.519911e+00 2.616778e-02
1.873817e+00 2.760806e-02
2.310130e+00 2.912801e-02
2.848036e+00 3.073224e-02
3.511192e+00 3.242573e-02
4.328761e+00 3.421382e-02
5.336699e+00 3.610229e-02
6.579332e+00 3.809741e-02
8.111308e+00 4.020594e-02
1.000000e+01 4.243520e-02
1.232847e+01 4.479306e-02
1.519911e+01 4.728796e-02
1.873817e+01 4.992885e-02
2.310130e+01 5.272510e-02
2.848036e+01 5.568640e-02
3.511192e+01 5.882244e-02
4.328761e+01 6.214267e-02
5.336699e+01 6.565574e-02
6.579332e+01 6.936895e-02
8.111308e+01 7.328735e-02
1.000000e+02 7.741274e-02
1.232847e+02 8.174240e-02
1.519911e+02 8.626751e-02
1.873817e+02 9.097140e-02
2.310130e+02 9.582760e-02
2.848036e+02 1.007977e-01
3.511192e+02 1.058293e-01
4.328761e+02 1.108543e-01
5.336699e+02 1.157871e-01
6.579332e+02 1.205248e-01
8.111308e+02 1.249473e-01
1.000000e+03 1.289195e-01
1.232847e+03 1.322959e-01
1.519911e+03 1.349260e-01
1.873817e+03 1.366622e-01
2.310130e+03 1.373688e-01
2.848036e+03 1.369319e-01
3.511192e+03 1.352684e-01
4.328761e+03 1.323344e-01
5.336699e+03 1.281302e-01
6.579332e+03 1.227024e-01
8.111308e+03 1.161427e-01
1.000000e+04 1.085833e-01
1.232847e+04 1.001899e-01
1.519911e+04 9.115445e-02
1.873817e+04 8.168741e-02
2.310130e+04 7.201100e-02
2.848036e+04 6.235292e-02
3.511192e+04 5.293985e-02
4.328761e+04 4.398923e-02
5.336699e+04 3.569855e-02
6.579332e+04 2.823230e-02
8.111308e+04 2.170900e-02
1.000000e+05 1.619152e-02
1.232847e+05 1.168381e-02
1.519911e+05 8.135244e-03
1.873817e+05 5.451180e-03
2.310130e+05 3.507061e-03
2.848036e+05 2.163410e-03
3.511192e+05 1.279989e-03
4.328761e+05 7.281566e-04
5.336699e+05 4.001471e-04
6.579332e+05 2.137359e-04
8.111308e+05 1.117107e-04
1.000000e+06 5.748486e-05
1.232847e+06 2.927231e-05
1.519911e+06 1.480644e-05
1.873817e+06 7.458850e-06
2.310130e+06 3.748515e-06
2.848036e+06 1.881344e-06
3.511192e+06 9.435561e-07
4.328761e+06 4.730533e-07
5.336699e+06 2.371255e-07
6.579332e+06 1.188545e-07
8.111308e+06 5.957211e-08
1.000000e+07 2.985853e-08
