1.000000e-02 4.319246e-02
1.232847e-02 4.427299e-02
1.519911e-02 4.538055e-02
1.873817e-02 4.651582e-02
2.310130e-02 4.767949e-02
2.848036e-02 4.887226e-02
3.511192e-02 5.009488e-02
4.328761e-02 5.134809e-02
5.336699e-02 5.263264e-02
6.579332e-02 5.394933e-02
8.111308e-02 5.529896e-02
1.000000e-01 5.668235e-02
1.232847e-01 5.810035e-02
1.519911e-01 5.955382e-02
1.873817e-01 6.104366e-02
2.310130e-01 6.257076e-02
2.848036e-01 6.413603e-02
3.511192e-01 6.574039e-02
4.328761e-01 6.738465e-02
5.336699e-01 6.906944e-02
6.579332e-01 7.079505e-02
8.111308e-01 7.256107e-02
1.000000e+00 7.436607e-02
1.232847e+00 7.620709e-02
1.519911e+00 7.807902e-02
1.873817e+00 7.997393e-02
2.310130e+00 8.188041e-02
2.848036e+00 8.378284e-02
3.511192e+00 8.566084e-02
4.328761e+00 8.748878e-02
5.336699e+00 8.923568e-02
6.579332e+00 9.086531e-02
8.111308e+00 9.233683e-02
1.000000e+01 9.360584e-02
1.232847e+01 9.462599e-02
1.519911e+01 9.535108e-02
1.873817e+01 9.573761e-02
2.310130e+01 9.574753e-02
2.848036e+01 9.535108e-02
3.511192e+01 9.452941e-02
4.328761e+01 9.327668e-02
5.336699e+01 9.160136e-02
6.579332e+01 8.952659e-02
8.111308e+01 8.708946e-02
1.000000e+02 8.433927e-02
1.232847e+02 8.133489e-02
1.519911e+02 7.814156e-02
1.873817e+02 7.482737e-02
2.310130e+02 7.145987e-02
2.848036e+02 6.810293e-02
3.511192e+02 6.481430e-02
4.328761e+02 6.164381e-02
5.336699e+02 5.863225e-02
6.579332e+02 5.581103e-02
8.111308e+02 5.320222e-02
1.000000e+03 5.081905e-02
1.232847e+03 4.866656e-02
1.519911e+03 4.674225e-02
1.873817e+03 4.503662e-02
2.310130e+03 4.353354e-02
2.848036e+03 4.221026e-02
3.511192e+03 4.103711e-02
4.328761e+03 3.997698e-02
5.336699e+03 3.898458e-02
6.579332e+03 3.800583e-02
8.111308e+03 3.697775e-02
1.000000e+04 3.582955e-02
1.232847e+04 3.448550e-02
1.519911e+04 3.287056e-02
1.873817e+04 3.091922e-02
2.310130e+04 2.858733e-02
2.848036e+04 2.586554e-02
3.511192e+04 2.279156e-02
4.328761e+04 1.945691e-02
5.336699e+04 1.600384e-02
6.579332e+04 1.260983e-02
8.111308e+04 9.460743e-03
1.000000e+05 6.718279e-03
1.232847e+05 4.490158e-03
1.519911e+05 2.811968e-03
1.873817e+05 1.646769e-03
2.310130e+05 9.034003e-04
2.848036e+05 4.670994e-04
3.511192e+05 2.298689e-04
4.328761e+05 1.089248e-04
5.336699e+05 5.025798e-05
6.579332e+05 2.278913e-05
8.111308e+05 1.022427e-05
1.000000e+06 4.558996e-06
1.232847e+06 2.025991e-06
1.519911e+06 8.987297e-07
1.873817e+06 3.983127e-07
2.310130e+06 1.764504e-07
2.848036e+06 7.814960e-08
3.511192e+06 3.460882e-08
4.328761e+06 1.532594e-08
5.336699e+06 6.786709e-09
6.579332e+06 3.005302e-09
8.111308e+06 1.330810e-09
1.000000e+07 5.893100e-10
