1.000000e-02 1.403137e-02
1.232847e-02 1.467213e-02
1.519911e-02 1.534215e-02
1.873817e-02 1.604278e-02
2.310130e-02 1.677539e-02
2.848036e-02 1.754147e-02
3.511192e-02 1.834252e-02
4.328761e-02 1.918016e-02
5.336699e-02 2.005605e-02
6.579332e-02 2.097194e-02
8.111308e-02 2.192966e-02
1.000000e-01 2.293111e-02
1.232847e-01 2.397829e-02
1.519911e-01 2.507329e-02
1.873817e-01 2.621830e-02
2.310130e-01 2.741560e-02
2.848036e-01 2.866757e-02
3.511192e-01 2.997672e-02
4.328761e-01 3.134563e-02
5.336699e-01 3.277703e-02
6.579332e-01 3.427372e-02
8.111308e-01 3.583861e-02
1.000000e+00 3.747467e-02
1.232847e+00 3.918490e-02
1.519911e+00 4.097231e-02
1.873817e+00 4.283984e-02
2.310130e+00 4.479032e-02
2.848036e+00 4.682641e-02
3.511192e+00 4.895051e-02
4.328761e+00 5.116475e-02
5.336699e+00 5.347090e-02
6.579332e+00 5.587039e-02
8.111308e+00 5.836436e-02
1.000000e+01 6.095372e-02
1.232847e+01 6.363932e-02
1.519911e+01 6.642222e-02
1.873817e+01 6.930406e-02
2.310130e+01 7.228750e-02
2.848036e+01 7.537683e-02
3.511192e+01 7.857871e-02
4.328761e+01 8.190292e-02
5.336699e+01 8.536330e-02
6.579332e+01 8.897859e-02
8.111308e+01 9.277329e-02
1.000000e+02 9.677826e-02
1.232847e+02 1.010310e-01
1.519911e+02 1.055750e-01
1.873817e+02 1.104588e-01
2.310130e+02 1.157319e-01
2.848036e+02 1.214394e-01
3.511192e+02 1.276114e-01
4.328761e+02 1.342461e-01
5.336699e+02 1.412841e-01
6.579332e+02 1.485689e-01
8.111308e+02 1.557921e-01
1.000000e+03 1.624220e-01
1.232847e+03 1.676276e-01
1.519911e+03 1.702265e-01
1.873817e+03 1.687233e-01
2.310130e+03 1.615376e-01
2.848036e+03 1.475148e-01
3.511192e+03 1.266753e-01
4.328761e+03 1.008526e-01
5.336699e+03 7.359221e-02
6.579332e+03 4.894886e-02
8.111308e+03 2.977704e-02
1.000000e+04 1.678701e-02
1.232847e+04 8.958796e-03
1.519911e+04 4.642497e-03
1.873817e+04 2.395183e-03
2.310130e+04 1.256140e-03
2.848036e+04 6.792936e-04
3.511192e+04 3.814869e-04
4.328761e+04 2.225900e-04
5.336699e+04 1.343017e-04
6.579332e+04 8.312713e-05
8.111308e+04 5.230164e-05
1.000000e+05 3.316633e-05
1.232847e+05 2.105645e-05
1.519911e+05 1.332537e-05
1.873817e+05 8.387239e-06
2.310130e+05 5.247514e-06
2.848036e+05 3.264917e-06
3.511192e+05 2.021959e-06
4.328761e+05 1.247681e-06
5.336699e+05 7.678515e-07
6.579332e+05 4.716621e-07
8.111308e+05 2.893491e-07
1.000000e+06 1.773526e-07
1.232847e+06 1.086444e-07
1.519911e+06 6.653036e-08
1.873817e+06 4.073183e-08
2.310130e+06 2.493374e-08
2.848036e+06 1.526177e-08
3.511192e+06 9.341173e-09
4.328761e+06 5.717239e-09
5.336699e+06 3.499173e-09
6.579332e+06 2.141617e-09
8.111308e+06 1.310742e-09
1.000000e+07 8.022181e-10
