1.000000e-02 4.526227e-02
1.232847e-02 4.660659e-02
1.519911e-02 4.799084e-02
1.873817e-02 4.941620e-02
2.310130e-02 5.088390e-02
2.848036e-02 5.239518e-02
3.511192e-02 5.395136e-02
4.328761e-02 5.555375e-02
5.336699e-02 5.720373e-02
6.579332e-02 5.890273e-02
8.111308e-02 6.065218e-02
1.000000e-01 6.245359e-02
1.232847e-01 6.430850e-02
1.519911e-01 6.621851e-02
1.873817e-01 6.818525e-02
2.310130e-01 7.021039e-02
2.848036e-01 7.229565e-02
3.511192e-01 7.444276e-02
4.328761e-01 7.665337e-02
5.336699e-01 7.892894e-02
6.579332e-01 8.127049e-02
8.111308e-01 8.367825e-02
1.000000e+00 8.615113e-02
1.232847e+00 8.868602e-02
1.519911e+00 9.127694e-02
1.873817e+00 9.391404e-02
2.310130e+00 9.658244e-02
2.848036e+00 9.926110e-02
3.511192e+00 1.019216e-01
4.328761e+00 1.045273e-01
5.336699e+00 1.070325e-01
6.579332e+00 1.093819e-01
8.111308e+00 1.115115e-01
1.000000e+01 1.133489e-01
1.232847e+01 1.148157e-01
1.519911e+01 1.158301e-01
1.873817e+01 1.163107e-01
2.310130e+01 1.161809e-01
2.848036e+01 1.153739e-01
3.511192e+01 1.138380e-01
4.328761e+01 1.115413e-01
5.336699e+01 1.084753e-01
6.579332e+01 1.046578e-01
8.111308e+01 1.001334e-01
1.000000e+02 9.497233e-02
1.232847e+02 8.926738e-02
1.519911e+02 8.312904e-02
1.873817e+02 7.667977e-02
2.310130e+02 7.004749e-02
2.848036e+02 6.335944e-02
3.511192e+02 5.673650e-02
4.328761e+02 5.028869e-02
5.336699e+02 4.411167e-02
6.579332e+02 3.828455e-02
8.111308e+02 3.286870e-02
1.000000e+03 2.790750e-02
1.232847e+03 2.342708e-02
1.519911e+03 1.943752e-02
1.873817e+03 1.593476e-02
2.310130e+03 1.290271e-02
2.848036e+03 1.031553e-02
3.511192e+03 8.139886e-03
4.328761e+03 6.337149e-03
5.336699e+03 4.865499e-03
6.579332e+03 3.681937e-03
8.111308e+03 2.744154e-03
1.000000e+04 2.012128e-03
1.232847e+04 1.449355e-03
1.519911e+04 1.023604e-03
1.873817e+04 7.071811e-04
2.310130e+04 4.767737e-04
2.848036e+04 3.129901e-04
3.511192e+04 1.997954e-04
4.328761e+04 1.240071e-04
5.336699e+04 7.495023e-05
6.579332e+04 4.424453e-05
8.111308e+04 2.561078e-05
1.000000e+05 1.459869e-05
1.232847e+05 8.227471e-06
1.519911e+05 4.599805e-06
1.873817e+05 2.557779e-06
2.310130e+05 1.417282e-06
2.848036e+05 7.835780e-07
3.511192e+05 4.326254e-07
4.328761e+05 2.386611e-07
5.336699e+05 1.315945e-07
6.579332e+05 7.253854e-08
8.111308e+05 3.997860e-08
1.000000e+06 2.203155e-08
1.232847e+06 1.214057e-08
1.519911e+06 6.689906e-09
1.873817e+06 3.686325e-09
2.310130e+06 2.031249e-09
2.848036e+06 1.119259e-09
3.511192e+06 6.167325e-10
4.328761e+06 3.398306e-10
5.336699e+06 1.872526e-10
6.579332e+06 1.031795e-10
8.111308e+06 5.685367e-11
1.000000e+07 3.132736e-11
