1.000000e-02 1.792873e-02
1.232847e-02 1.868847e-02
1.519911e-02 1.948041e-02
1.873817e-02 2.030591e-02
2.310130e-02 2.116639e-02
2.848036e-02 2.206333e-02
3.511192e-02 2.299828e-02
4.328761e-02 2.397285e-02
5.336699e-02 2.498872e-02
6.579332e-02 2.604763e-02
8.111308e-02 2.715142e-02
1.000000e-01 2.830199e-02
1.232847e-01 2.950130e-02
1.519911e-01 3.075144e-02
1.873817e-01 3.205456e-02
2.310130e-01 3.341290e-02
2.848036e-01 3.482879e-02
3.511192e-01 3.630467e-02
4.328761e-01 3.784305e-02
5.336699e-01 3.944653e-02
6.579332e-01 4.111772e-02
8.111308e-01 4.285923e-02
1.000000e+00 4.467357e-02
1.232847e+00 4.656302e-02
1.519911e+00 4.852947e-02
1.873817e+00 5.057422e-02
2.310130e+00 5.269776e-02
2.848036e+00 5.489941e-02
3.511192e+00 5.717708e-02
4.328761e+00 5.952687e-02
5.336699e+00 6.194272e-02
6.579332e+00 6.441610e-02
8.111308e+00 6.693564e-02
1.000000e+01 6.948694e-02
1.232847e+01 7.205238e-02
1.519911e+01 7.461110e-02
1.873817e+01 7.713916e-02
2.310130e+01 7.960982e-02
2.848036e+01 8.199411e-02
3.511192e+01 8.426154e-02
4.328761e+01 8.638103e-02
5.336699e+01 8.832204e-02
6.579332e+01 9.005570e-02
8.111308e+01 9.155607e-02
1.000000e+02 9.280127e-02
1.232847e+02 9.377450e-02
1.519911e+02 9.446479e-02
1.873817e+02 9.486742e-02
2.310130e+02 9.498401e-02
2.848036e+02 9.482222e-02
3.511192e+02 9.439511e-02
4.328761e+02 9.372009e-02
5.336699e+02 9.281778e-02
6.579332e+02 9.171057e-02
8.111308e+02 9.042121e-02
1.000000e+03 8.897139e-02
1.232847e+03 8.738043e-02
1.519911e+03 8.566410e-02
1.873817e+03 8.383364e-02
2.310130e+03 8.189499e-02
2.848036e+03 7.984828e-02
3.511192e+03 7.768760e-02
4.328761e+03 7.540111e-02
5.336699e+03 7.297165e-02
6.579332e+03 7.037778e-02
8.111308e+03 6.759546e-02
1.000000e+04 6.460034e-02
1.232847e+04 6.137058e-02
1.519911e+04 5.789038e-02
1.873817e+04 5.415371e-02
2.310130e+04 5.016814e-02
2.848036e+04 4.595822e-02
3.511192e+04 4.156770e-02
4.328761e+04 3.706003e-02
5.336699e+04 3.251649e-02
6.579332e+04 2.803162e-02
8.111308e+04 2.370609e-02
1.000000e+05 1.963781e-02
1.232847e+05 1.591232e-02
1.519911e+05 1.259472e-02
1.873817e+05 9.724263e-03
2.310130e+05 7.313031e-03
2.848036e+05 5.348180e-03
3.511192e+05 3.796867e-03
4.328761e+05 2.612268e-03
5.336699e+05 1.739453e-03
6.579332e+05 1.120502e-03
8.111308e+05 6.988731e-04
1.000000e+06 4.230915e-04
1.232847e+06 2.495779e-04
1.519911e+06 1.441425e-04
1.873817e+06 8.191442e-05
2.310130e+06 4.601519e-05
2.848036e+06 2.564856e-05
3.511192e+06 1.422650e-05
4.328761e+06 7.868467e-06
5.336699e+06 4.345309e-06
6.579332e+06 2.397973e-06
8.111308e+06 1.322992e-06
1.000000e+07 7.298753e-07
