1.000000e-02 1.517577e-02
1.232847e-02 1.594421e-02
1.519911e-02 1.675156e-02
1.873817e-02 1.759978e-02
2.310130e-02 1.849096e-02
2.848036e-02 1.942726e-02
3.511192e-02 2.041097e-02
4.328761e-02 2.144450e-02
5.336699e-02 2.253035e-02
6.579332e-02 2.367119e-02
8.111308e-02 2.486980e-02
1.000000e-01 2.612910e-02
1.232847e-01 2.745216e-02
1.519911e-01 2.884222e-02
1.873817e-01 3.030266e-02
2.310130e-01 3.183706e-02
2.848036e-01 3.344915e-02
3.511192e-01 3.514289e-02
4.328761e-01 3.692242e-02
5.336699e-01 3.879214e-02
6.579332e-01 4.075674e-02
8.111308e-01 4.282125e-02
1.000000e+00 4.499114e-02
1.232847e+00 4.727249e-02
1.519911e+00 4.967207e-02
1.873817e+00 5.219763e-02
2.310130e+00 5.485810e-02
2.848036e+00 5.766388e-02
3.511192e+00 6.062709e-02
4.328761e+00 6.376189e-02
5.336699e+00 6.708468e-02
6.579332e+00 7.061420e-02
8.111308e+00 7.437158e-02
1.000000e+01 7.837998e-02
1.232847e+01 8.266398e-02
1.519911e+01 8.724845e-02
1.873817e+01 9.215662e-02
2.310130e+01 9.740731e-02
2.848036e+01 1.030109e-01
3.511192e+01 1.089635e-01
4.328761e+01 1.152400e-01
5.336699e+01 1.217839e-01
6.579332e+01 1.284963e-01
8.111308e+01 1.352226e-01
1.000000e+02 1.417397e-01
1.232847e+02 1.477457e-01
1.519911e+02 1.528554e-01
1.873817e+02 1.566085e-01
2.310130e+02 1.584945e-01
2.848036e+02 1.580006e-01
3.511192e+02 1.546827e-01
4.328761e+02 1.482526e-01
5.336699e+02 1.386679e-01
6.579332e+02 1.261988e-01
8.111308e+02 1.114460e-01
1.000000e+03 9.529078e-02
1.232847e+03 7.877400e-02
1.519911e+03 6.293032e-02
1.873817e+03 4.861961e-02
2.310130e+03 3.640607e-02
2.848036e+03 2.651683e-02
3.511192e+03 1.888169e-02
4.328761e+03 1.322613e-02
5.336699e+03 9.178229e-03
6.579332e+03 6.356828e-03
8.111308e+03 4.426289e-03
1.000000e+04 3.119235e-03
1.232847e+04 2.237176e-03
1.519911e+04 1.639938e-03
1.873817e+04 1.231837e-03
2.310130e+04 9.489241e-04
2.848036e+04 7.489007e-04
3.511192e+04 6.038317e-04
4.328761e+04 4.951834e-04
5.336699e+04 4.105833e-04
6.579332e+04 3.417815e-04
8.111308e+04 2.834074e-04
1.000000e+05 2.322120e-04
1.232847e+05 1.865538e-04
1.519911e+05 1.459513e-04
1.873817e+05 1.106098e-04
2.310130e+05 8.093401e-05
2.848036e+05 5.712099e-05
3.511192e+05 3.893747e-05
4.328761e+05 2.572051e-05
5.336699e+05 1.654003e-05
6.579332e+05 1.040835e-05
8.111308e+05 6.441714e-06
1.000000e+06 3.938398e-06
1.232847e+06 2.387276e-06
1.519911e+06 1.438628e-06
1.873817e+06 8.636314e-07
2.310130e+06 5.171907e-07
2.848036e+06 3.092606e-07
3.511192e+06 1.847639e-07
4.328761e+06 1.103309e-07
5.336699e+06 6.586694e-08
6.579332e+06 3.931769e-08
8.111308e+06 2.346878e-08
1.000000e+07 1.400844e-08
