1.000000e-02 1.544099e-02
1.232847e-02 1.624479e-02
1.519911e-02 1.709043e-02
1.873817e-02 1.798009e-02
2.310130e-02 1.891606e-02
2.848036e-02 1.990075e-02
3.511192e-02 2.093670e-02
4.328761e-02 2.202658e-02
5.336699e-02 2.317320e-02
6.579332e-02 2.437950e-02
8.111308e-02 2.564860e-02
1.000000e-01 2.698376e-02
1.232847e-01 2.838843e-02
1.519911e-01 2.986622e-02
1.873817e-01 3.142093e-02
2.310130e-01 3.305658e-02
2.848036e-01 3.477737e-02
3.511192e-01 3.658774e-02
4.328761e-01 3.849237e-02
5.336699e-01 4.049616e-02
6.579332e-01 4.260432e-02
8.111308e-01 4.482233e-02
1.000000e+00 4.715602e-02
1.232847e+00 4.961156e-02
1.519911e+00 5.219551e-02
1.873817e+00 5.491487e-02
2.310130e+00 5.777702e-02
2.848036e+00 6.078975e-02
3.511192e+00 6.396117e-02
4.328761e+00 6.729950e-02
5.336699e+00 7.081287e-02
6.579332e+00 7.450885e-02
8.111308e+00 7.839386e-02
1.000000e+01 8.247230e-02
1.232847e+01 8.674533e-02
1.519911e+01 9.120942e-02
1.873817e+01 9.585429e-02
2.310130e+01 1.006606e-01
2.848036e+01 1.055968e-01
3.511192e+01 1.106163e-01
4.328761e+01 1.156534e-01
5.336699e+01 1.206200e-01
6.579332e+01 1.254026e-01
8.111308e+01 1.298599e-01
1.000000e+02 1.338228e-01
1.232847e+02 1.370974e-01
1.519911e+02 1.394711e-01
1.873817e+02 1.407239e-01
2.310130e+02 1.406440e-01
2.848036e+02 1.390478e-01
3.511192e+02 1.358014e-01
4.328761e+02 1.308429e-01
5.336699e+02 1.241988e-01
6.579332e+02 1.159947e-01
8.111308e+02 1.064543e-01
1.000000e+03 9.588721e-02
1.232847e+03 8.466608e-02
1.519911e+03 7.319613e-02
1.873817e+03 6.188148e-02
2.310130e+03 5.109284e-02
2.848036e+03 4.114072e-02
3.511192e+03 3.225656e-02
4.328761e+03 2.458341e-02
5.336699e+03 1.817596e-02
6.579332e+03 1.300897e-02
8.111308e+03 8.991926e-03
1.000000e+04 5.987528e-03
1.232847e+04 3.831459e-03
1.519911e+04 2.351154e-03
1.873817e+04 1.381694e-03
2.310130e+04 7.776018e-04
2.848036e+04 4.198960e-04
3.511192e+04 2.184334e-04
4.328761e+04 1.101103e-04
5.336699e+04 5.415210e-05
6.579332e+04 2.615638e-05
8.111308e+04 1.247963e-05
1.000000e+05 5.907436e-06
1.232847e+05 2.782978e-06
1.519911e+05 1.307394e-06
1.873817e+05 6.132304e-07
2.310130e+05 2.873902e-07
2.848036e+05 1.346250e-07
3.511192e+05 6.304905e-08
4.328761e+05 2.952436e-08
5.336699e+05 1.382474e-08
6.579332e+05 6.473226e-09
8.111308e+05 3.030948e-09
1.000000e+06 1.419166e-09
1.232847e+06 6.644868e-10
1.519911e+06 3.111279e-10
1.873817e+06 1.456771e-10
2.310130e+06 6.820925e-11
2.848036e+06 3.193708e-11
3.511192e+06 1.495365e-11
4.328761e+06 7.001631e-12
5.336699e+06 3.278319e-12
6.579332e+06 1.534981e-12
8.111308e+06 7.187123e-13
1.000000e+07 3.365170e-13
