1.000000e-02 5.641833e-03
1.232847e-02 5.962361e-03
1.519911e-02 6.301099e-03
1.873817e-02 6.659082e-03
2.310130e-02 7.037403e-03
2.848036e-02 7.437217e-03
3.511192e-02 7.859746e-03
4.328761e-02 8.306280e-03
5.336699e-02 8.778182e-03
6.579332e-02 9.276895e-03
8.111308e-02 9.803941e-03
1.000000e-01 1.036093e-02
1.232847e-01 1.094956e-02
1.519911e-01 1.157164e-02
1.873817e-01 1.222905e-02
2.310130e-01 1.292382e-02
2.848036e-01 1.365806e-02
3.511192e-01 1.443401e-02
4.328761e-01 1.525405e-02
5.336699e-01 1.612067e-02
6.579332e-01 1.703652e-02
8.111308e-01 1.800441e-02
1.000000e+00 1.902727e-02
1.232847e+00 2.010822e-02
1.519911e+00 2.125054e-02
1.873817e+00 2.245770e-02
2.310130e+00 2.373335e-02
2.848036e+00 2.508133e-02
3.511192e+00 2.650566e-02
4.328761e+00 2.801059e-02
5.336699e+00 2.960055e-02
6.579332e+00 3.128020e-02
8.111308e+00 3.305436e-02
1.000000e+01 3.492809e-02
1.232847e+01 3.690660e-02
1.519911e+01 3.899526e-02
1.873817e+01 4.119958e-02
2.310130e+01 4.352512e-02
2.848036e+01 4.597748e-02
3.511192e+01 4.856216e-02
4.328761e+01 5.128445e-02
5.336699e+01 5.414932e-02
6.579332e+01 5.716120e-02
8.111308e+01 6.032372e-02
1.000000e+02 6.363950e-02
1.232847e+02 6.710976e-02
1.519911e+02 7.073394e-02
1.873817e+02 7.450928e-02
2.310130e+02 7.843031e-02
2.848036e+02 8.248834e-02
3.511192e+02 8.667088e-02
4.328761e+02 9.096110e-02
5.336699e+02 9.533723e-02
6.579332e+02 9.977205e-02
8.111308e+02 1.042324e-01
1.000000e+03 1.086787e-01
1.232847e+03 1.130645e-01
1.519911e+03 1.173362e-01
1.873817e+03 1.214322e-01
2.310130e+03 1.252827e-01
2.848036e+03 1.288084e-01
3.511192e+03 1.319194e-01
4.328761e+03 1.345133e-01
5.336699e+03 1.364734e-01
6.579332e+03 1.376666e-01
8.111308e+03 1.379415e-01
1.000000e+04 1.371297e-01
1.232847e+04 1.350496e-01
1.519911e+04 1.315174e-01
1.873817e+04 1.263663e-01
2.310130e+04 1.194754e-01
2.848036e+04 1.108094e-01
3.511192e+04 1.004610e-01
4.328761e+04 8.868947e-02
5.336699e+04 7.593631e-02
6.579332e+04 6.280276e-02
8.111308e+04 4.998035e-02
1.000000e+05 3.814352e-02
1.232847e+05 2.783372e-02
1.519911e+05 1.937318e-02
1.873817e+05 1.283649e-02
2.310130e+05 8.083306e-03
2.848036e+05 4.831382e-03
3.511192e+05 2.739255e-03
4.328761e+05 1.474308e-03
5.336699e+05 7.553850e-04
6.579332e+05 3.704293e-04
8.111308e+05 1.751764e-04
1.000000e+06 8.057445e-05
1.232847e+06 3.634305e-05
1.519911e+06 1.618410e-05
1.873817e+06 7.150945e-06
2.310130e+06 3.145517e-06
2.848036e+06 1.380274e-06
3.511192e+06 6.049200e-07
4.328761e+06 2.649534e-07
5.336699e+06 1.160178e-07
6.579332e+06 5.079647e-08
8.111308e+06 2.223966e-08
1.000000e+07 9.736897e-09
