1.000000e-02 6.198565e-02
1.232847e-02 6.340014e-02
1.519911e-02 6.484690e-02
1.873817e-02 6.632669e-02
2.310130e-02 6.784024e-02
2.848036e-02 6.938832e-02
3.511192e-02 7.097174e-02
4.328761e-02 7.259129e-02
5.336699e-02 7.424779e-02
6.579332e-02 7.594210e-02
8.111308e-02 7.767507e-02
1.000000e-01 7.944758e-02
1.232847e-01 8.126055e-02
1.519911e-01 8.311488e-02
1.873817e-01 8.501153e-02
2.310130e-01 8.695144e-02
2.848036e-01 8.893554e-02
3.511192e-01 9.096465e-02
4.328761e-01 9.303930e-02
5.336699e-01 9.515932e-02
6.579332e-01 9.732328e-02
8.111308e-01 9.952751e-02
1.000000e+00 1.017649e-01
1.232847e+00 1.040231e-01
1.519911e+00 1.062829e-01
1.873817e+00 1.085162e-01
2.310130e+00 1.106838e-01
2.848036e+00 1.127340e-01
3.511192e+00 1.146018e-01
4.328761e+00 1.162087e-01
5.336699e+00 1.174646e-01
6.579332e+00 1.182708e-01
8.111308e+00 1.185252e-01
1.000000e+01 1.181296e-01
1.232847e+01 1.169978e-01
1.519911e+01 1.150645e-01
1.873817e+01 1.122943e-01
2.310130e+01 1.086874e-01
2.848036e+01 1.042834e-01
3.511192e+01 9.915969e-02
4.328761e+01 9.342707e-02
5.336699e+01 8.722039e-02
6.579332e+01 8.068794e-02
8.111308e+01 7.397998e-02
1.000000e+02 6.723888e-02
1.232847e+02 6.059158e-02
1.519911e+02 5.414544e-02
1.873817e+02 4.798693e-02
2.310130e+02 4.218277e-02
2.848036e+02 3.678235e-02
3.511192e+02 3.182038e-02
4.328761e+02 2.731918e-02
5.336699e+02 2.329004e-02
6.579332e+02 1.973387e-02
8.111308e+02 1.664131e-02
1.000000e+03 1.399320e-02
1.232847e+03 1.176149e-02
1.519911e+03 9.911027e-03
1.873817e+03 8.402052e-03
2.310130e+03 7.193001e-03
2.848036e+03 6.243203e-03
3.511192e+03 5.515062e-03
4.328761e+03 4.975459e-03
5.336699e+03 4.596221e-03
6.579332e+03 4.353504e-03
8.111308e+03 4.225817e-03
1.000000e+04 4.190176e-03
1.232847e+04 4.215739e-03
1.519911e+04 4.254942e-03
1.873817e+04 4.235058e-03
2.310130e+04 4.059833e-03
2.848036e+04 3.638220e-03
3.511192e+04 2.948139e-03
4.328761e+04 2.095631e-03
5.336699e+04 1.283562e-03
6.579332e+04 6.789980e-04
8.111308e+04 3.171715e-04
1.000000e+05 1.351742e-04
1.232847e+05 5.427098e-05
1.519911e+05 2.103941e-05
1.873817e+05 8.003940e-06
2.310130e+05 3.016134e-06
2.848036e+05 1.131448e-06
3.511192e+05 4.235700e-07
4.328761e+05 1.584251e-07
5.336699e+05 5.923194e-08
6.579332e+05 2.214209e-08
8.111308e+05 8.276619e-09
1.000000e+06 3.093684e-09
1.232847e+06 1.156364e-09
1.519911e+06 4.322264e-10
1.873817e+06 1.615576e-10
2.310130e+06 6.038697e-11
2.848036e+06 2.257142e-11
3.511192e+06 8.436740e-12
4.328761e+06 3.153482e-12
5.336699e+06 1.178708e-12
6.579332e+06 4.405769e-13
8.111308e+06 1.646787e-13
1.000000e+07 6.155355e-14
