1.000000e-02 4.348007e-03
1.232847e-02 4.621685e-03
1.519911e-02 4.912589e-03
1.873817e-02 5.221804e-03
2.310130e-02 5.550481e-03
2.848036e-02 5.899847e-03
3.511192e-02 6.271203e-03
4.328761e-02 6.665934e-03
5.336699e-02 7.085510e-03
6.579332e-02 7.531496e-03
8.111308e-02 8.005554e-03
1.000000e-01 8.509450e-03
1.232847e-01 9.045063e-03
1.519911e-01 9.614390e-03
1.873817e-01 1.021955e-02
2.310130e-01 1.086280e-02
2.848036e-01 1.154655e-02
3.511192e-01 1.227332e-02
4.328761e-01 1.304585e-02
5.336699e-01 1.386699e-02
6.579332e-01 1.473981e-02
8.111308e-01 1.566755e-02
1.000000e+00 1.665365e-02
1.232847e+00 1.770175e-02
1.519911e+00 1.881568e-02
1.873817e+00 1.999950e-02
2.310130e+00 2.125744e-02
2.848036e+00 2.259392e-02
3.511192e+00 2.401353e-02
4.328761e+00 2.552097e-02
5.336699e+00 2.712103e-02
6.579332e+00 2.881847e-02
8.111308e+00 3.061801e-02
1.000000e+01 3.252412e-02
1.232847e+01 3.454093e-02
1.519911e+01 3.667206e-02
1.873817e+01 3.892034e-02
2.310130e+01 4.128761e-02
2.848036e+01 4.377442e-02
3.511192e+01 4.637969e-02
4.328761e+01 4.910043e-02
5.336699e+01 5.193137e-02
6.579332e+01 5.486475e-02
8.111308e+01 5.789002e-02
1.000000e+02 6.099387e-02
1.232847e+02 6.416028e-02
1.519911e+02 6.737096e-02
1.873817e+02 7.060601e-02
2.310130e+02 7.384507e-02
2.848036e+02 7.706883e-02
3.511192e+02 8.026102e-02
4.328761e+02 8.341080e-02
5.336699e+02 8.651552e-02
6.579332e+02 8.958369e-02
8.111308e+02 9.263797e-02
1.000000e+03 9.571808e-02
1.232847e+03 9.888332e-02
1.519911e+03 1.022145e-01
1.873817e+03 1.058152e-01
2.310130e+03 1.098113e-01
2.848036e+03 1.143491e-01
3.511192e+03 1.195888e-01
4.328761e+03 1.256930e-01
5.336699e+03 1.328019e-01
6.579332e+03 1.409904e-01
8.111308e+03 1.501916e-01
1.000000e+04 1.600760e-01
1.232847e+04 1.698764e-01
1.519911e+04 1.781832e-01
1.873817e+04 1.828061e-01
2.310130e+04 1.809224e-01
2.848036e+04 1.698157e-01
3.511192e+04 1.483175e-01
4.328761e+04 1.183411e-01
5.336699e+04 8.506193e-02
6.579332e+04 5.478458e-02
8.111308e+04 3.180118e-02
1.000000e+05 1.691343e-02
1.232847e+05 8.434663e-03
1.519911e+05 4.041300e-03
1.873817e+05 1.899455e-03
2.310130e+05 8.887483e-04
2.848036e+05 4.174362e-04
3.511192e+05 1.974629e-04
4.328761e+05 9.408310e-05
5.336699e+05 4.508975e-05
6.579332e+05 2.169939e-05
8.111308e+05 1.047091e-05
1.000000e+06 5.060880e-06
1.232847e+06 2.448335e-06
1.519911e+06 1.185051e-06
1.873817e+06 5.737475e-07
2.310130e+06 2.778210e-07
2.848036e+06 1.345364e-07
3.511192e+06 6.515224e-08
4.328761e+06 3.155192e-08
5.336699e+06 1.528007e-08
6.579332e+06 7.399902e-09
8.111308e+06 3.583662e-09
1.000000e+07 1.735514e-09
