1.000000e-02 2.045499e-03
1.232847e-02 2.207532e-03
1.519911e-02 2.382400e-03
1.873817e-02 2.571121e-03
2.310130e-02 2.774790e-03
2.848036e-02 2.994594e-03
3.511192e-02 3.231808e-03
4.328761e-02 3.487814e-03
5.336699e-02 3.764099e-03
6.579332e-02 4.062270e-03
8.111308e-02 4.384060e-03
1.000000e-01 4.731340e-03
1.232847e-01 5.106131e-03
1.519911e-01 5.510610e-03
1.873817e-01 5.947129e-03
2.310130e-01 6.418227e-03
2.848036e-01 6.926643e-03
3.511192e-01 7.475333e-03
4.328761e-01 8.067488e-03
5.336699e-01 8.706551e-03
6.579332e-01 9.396242e-03
8.111308e-01 1.014058e-02
1.000000e+00 1.094389e-02
1.232847e+00 1.181088e-02
1.519911e+00 1.274660e-02
1.873817e+00 1.375655e-02
2.310130e+00 1.484665e-02
2.848036e+00 1.602332e-02
3.511192e+00 1.729350e-02
4.328761e+00 1.866466e-02
5.336699e+00 2.014482e-02
6.579332e+00 2.174257e-02
8.111308e+00 2.346699e-02
1.000000e+01 2.532761e-02
1.232847e+01 2.733421e-02
1.519911e+01 2.949661e-02
1.873817e+01 3.182429e-02
2.310130e+01 3.432586e-02
2.848036e+01 3.700839e-02
3.511192e+01 3.987638e-02
4.328761e+01 4.293065e-02
5.336699e+01 4.616678e-02
6.579332e+01 4.957343e-02
8.111308e+01 5.313044e-02
1.000000e+02 5.680684e-02
1.232847e+02 6.055914e-02
1.519911e+02 6.433016e-02
1.873817e+02 6.804884e-02
2.310130e+02 7.163161e-02
2.848036e+02 7.498580e-02
3.511192e+02 7.801550e-02
4.328761e+02 8.062982e-02
5.336699e+02 8.275326e-02
6.579332e+02 8.433712e-02
8.111308e+02 8.537053e-02
1.000000e+03 8.588947e-02
1.232847e+03 8.598244e-02
1.519911e+03 8.579207e-02
1.873817e+03 8.551349e-02
2.310130e+03 8.539133e-02
2.848036e+03 8.571866e-02
3.511192e+03 8.684197e-02
4.328761e+03 8.917632e-02
5.336699e+03 9.323530e-02
6.579332e+03 9.967852e-02
8.111308e+03 1.093760e-01
1.000000e+04 1.234738e-01
1.232847e+04 1.434035e-01
1.519911e+04 1.706666e-01
1.873817e+04 2.059837e-01
2.310130e+04 2.470356e-01
2.848036e+04 2.841720e-01
3.511192e+04 2.965457e-01
4.328761e+04 2.596531e-01
5.336699e+04 1.745516e-01
6.579332e+04 8.454881e-02
8.111308e+04 2.971885e-02
1.000000e+05 8.203010e-03
1.232847e+05 1.962056e-03
1.519911e+05 4.377294e-04
1.873817e+05 9.486813e-05
2.310130e+05 2.034287e-05
2.848036e+05 4.346770e-06
3.511192e+05 9.277904e-07
4.328761e+05 1.979694e-07
5.336699e+05 4.223859e-08
6.579332e+05 9.011795e-09
8.111308e+05 1.922697e-09
1.000000e+06 4.102133e-10
1.232847e+06 8.752024e-11
1.519911e+06 1.867271e-11
1.873817e+06 3.983878e-12
2.310130e+06 8.499722e-13
2.848036e+06 1.813441e-13
3.511192e+06 3.869031e-14
4.328761e+06 8.254694e-15
5.336699e+06 1.761164e-15
6.579332e+06 3.757495e-16
8.111308e+06 8.016729e-17
1.000000e+07 1.710393e-17
