1.000000e-02 7.112969e-03
1.232847e-02 7.497256e-03
1.519911e-02 7.902305e-03
1.873817e-02 8.329237e-03
2.310130e-02 8.779235e-03
2.848036e-02 9.253544e-03
3.511192e-02 9.753479e-03
4.328761e-02 1.028042e-02
5.336699e-02 1.083584e-02
6.579332e-02 1.142126e-02
8.111308e-02 1.203830e-02
1.000000e-01 1.268869e-02
1.232847e-01 1.337421e-02
1.519911e-01 1.409677e-02
1.873817e-01 1.485837e-02
2.310130e-01 1.566111e-02
2.848036e-01 1.650722e-02
3.511192e-01 1.739905e-02
4.328761e-01 1.833905e-02
5.336699e-01 1.932984e-02
6.579332e-01 2.037417e-02
8.111308e-01 2.147491e-02
1.000000e+00 2.263514e-02
1.232847e+00 2.385806e-02
1.519911e+00 2.514708e-02
1.873817e+00 2.650579e-02
2.310130e+00 2.793799e-02
2.848036e+00 2.944770e-02
3.511192e+00 3.103918e-02
4.328761e+00 3.271697e-02
5.336699e+00 3.448586e-02
6.579332e+00 3.635097e-02
8.111308e+00 3.831773e-02
1.000000e+01 4.039193e-02
1.232847e+01 4.257971e-02
1.519911e+01 4.488758e-02
1.873817e+01 4.732239e-02
2.310130e+01 4.989136e-02
2.848036e+01 5.260195e-02
3.511192e+01 5.546186e-02
4.328761e+01 5.847882e-02
5.336699e+01 6.166045e-02
6.579332e+01 6.501401e-02
8.111308e+01 6.854600e-02
1.000000e+02 7.226176e-02
1.232847e+02 7.616487e-02
1.519911e+02 8.025646e-02
1.873817e+02 8.453429e-02
2.310130e+02 8.899177e-02
2.848036e+02 9.361670e-02
3.511192e+02 9.838989e-02
4.328761e+02 1.032836e-01
5.336699e+02 1.082599e-01
6.579332e+02 1.132686e-01
8.111308e+02 1.182458e-01
1.000000e+03 1.231116e-01
1.232847e+03 1.277687e-01
1.519911e+03 1.321005e-01
1.873817e+03 1.359707e-01
2.310130e+03 1.392222e-01
2.848036e+03 1.416783e-01
3.511192e+03 1.431455e-01
4.328761e+03 1.434181e-01
5.336699e+03 1.422882e-01
6.579332e+03 1.395596e-01
8.111308e+03 1.350684e-01
1.000000e+04 1.287101e-01
1.232847e+04 1.204709e-01
1.519911e+04 1.104598e-01
1.873817e+04 9.893386e-02
2.310130e+04 8.630629e-02
2.848036e+04 7.312683e-02
3.511192e+04 6.002839e-02
4.328761e+04 4.764427e-02
5.336699e+04 3.651416e-02
6.579332e+04 2.700605e-02
8.111308e+04 1.927837e-02
1.000000e+05 1.329161e-02
1.232847e+05 8.858718e-03
1.519911e+05 5.712206e-03
1.873817e+05 3.565335e-03
2.310130e+05 2.154551e-03
2.848036e+05 1.260880e-03
3.511192e+05 7.151361e-04
4.328761e+05 3.938383e-04
5.336699e+05 2.112829e-04
6.579332e+05 1.108955e-04
8.111308e+05 5.722238e-05
1.000000e+06 2.916278e-05
1.232847e+06 1.473676e-05
1.519911e+06 7.406042e-06
1.873817e+06 3.709361e-06
2.310130e+06 1.854157e-06
2.848036e+06 9.257770e-07
3.511192e+06 4.619597e-07
4.328761e+06 2.304456e-07
5.336699e+06 1.149396e-07
6.579332e+06 5.732506e-08
8.111308e+06 2.858978e-08
1.000000e+07 1.425855e-08
