1.000000e-02 1.021184e-02
1.232847e-02 1.076809e-02
1.519911e-02 1.135464e-02
1.873817e-02 1.197314e-02
2.310130e-02 1.262534e-02
2.848036e-02 1.331305e-02
3.511192e-02 1.403823e-02
4.328761e-02 1.480291e-02
5.336699e-02 1.560925e-02
6.579332e-02 1.645950e-02
8.111308e-02 1.735607e-02
1.000000e-01 1.830148e-02
1.232847e-01 1.929838e-02
1.519911e-01 2.034959e-02
1.873817e-01 2.145806e-02
2.310130e-01 2.262690e-02
2.848036e-01 2.385942e-02
3.511192e-01 2.515907e-02
4.328761e-01 2.652951e-02
5.336699e-01 2.797460e-02
6.579332e-01 2.949839e-02
8.111308e-01 3.110515e-02
1.000000e+00 3.279937e-02
1.232847e+00 3.458574e-02
1.519911e+00 3.646917e-02
1.873817e+00 3.845477e-02
2.310130e+00 4.054779e-02
2.848036e+00 4.275363e-02
3.511192e+00 4.507771e-02
4.328761e+00 4.752545e-02
5.336699e+00 5.010211e-02
6.579332e+00 5.281261e-02
8.111308e+00 5.566138e-02
1.000000e+01 5.865201e-02
1.232847e+01 6.178702e-02
1.519911e+01 6.506735e-02
1.873817e+01 6.849195e-02
2.310130e+01 7.205715e-02
2.848036e+01 7.575601e-02
3.511192e+01 7.957755e-02
4.328761e+01 8.350592e-02
5.336699e+01 8.751953e-02
6.579332e+01 9.159014e-02
8.111308e+01 9.568199e-02
1.000000e+02 9.975115e-02
1.232847e+02 1.037449e-01
1.519911e+02 1.076018e-01
1.873817e+02 1.112517e-01
2.310130e+02 1.146168e-01
2.848036e+02 1.176132e-01
3.511192e+02 1.201532e-01
4.328761e+02 1.221483e-01
5.336699e+02 1.235130e-01
6.579332e+02 1.241689e-01
8.111308e+02 1.240493e-01
1.000000e+03 1.231029e-01
1.232847e+03 1.212979e-01
1.519911e+03 1.186249e-01
1.873817e+03 1.150979e-01
2.310130e+03 1.107555e-01
2.848036e+03 1.056594e-01
3.511192e+03 9.989213e-02
4.328761e+03 9.355428e-02
5.336699e+03 8.676004e-02
6.579332e+03 7.963315e-02
8.111308e+03 7.230270e-02
1.000000e+04 6.489922e-02
1.232847e+04 5.755113e-02
1.519911e+04 5.038144e-02
1.873817e+04 4.350455e-02
2.310130e+04 3.702286e-02
2.848036e+04 3.102341e-02
3.511192e+04 2.557448e-02
4.328761e+04 2.072266e-02
5.336699e+04 1.649081e-02
6.579332e+04 1.287774e-02
8.111308e+04 9.859764e-03
1.000000e+05 7.394388e-03
1.232847e+05 5.425522e-03
1.519911e+05 3.889262e-03
1.873817e+05 2.719290e-03
2.310130e+05 1.851135e-03
2.848036e+05 1.224991e-03
3.511192e+05 7.872994e-04
4.328761e+05 4.915277e-04
5.336699e+05 2.985843e-04
6.579332e+05 1.770146e-04
8.111308e+05 1.028279e-04
1.000000e+06 5.878484e-05
1.232847e+06 3.321002e-05
1.519911e+06 1.860604e-05
1.873817e+06 1.036615e-05
2.310130e+06 5.754865e-06
2.848036e+06 3.187931e-06
3.511192e+06 1.763739e-06
4.328761e+06 9.751229e-07
5.336699e+06 5.389304e-07
6.579332e+06 2.978094e-07
8.111308e+06 1.645586e-07
1.000000e+07 9.092818e-08
