1.000000e-02 1.691036e-02
1.232847e-02 1.779195e-02
1.519911e-02 1.871949e-02
1.873817e-02 1.969539e-02
2.310130e-02 2.072217e-02
2.848036e-02 2.180247e-02
3.511192e-02 2.293910e-02
4.328761e-02 2.413498e-02
5.336699e-02 2.539320e-02
6.579332e-02 2.671702e-02
8.111308e-02 2.810986e-02
1.000000e-01 2.957530e-02
1.232847e-01 3.111715e-02
1.519911e-01 3.273937e-02
1.873817e-01 3.444617e-02
2.310130e-01 3.624195e-02
2.848036e-01 3.813134e-02
3.511192e-01 4.011925e-02
4.328761e-01 4.221080e-02
5.336699e-01 4.441143e-02
6.579332e-01 4.672689e-02
8.111308e-01 4.916326e-02
1.000000e+00 5.172702e-02
1.232847e+00 5.442510e-02
1.519911e+00 5.726489e-02
1.873817e+00 6.025431e-02
2.310130e+00 6.340181e-02
2.848036e+00 6.671627e-02
3.511192e+00 7.020694e-02
4.328761e+00 7.388309e-02
5.336699e+00 7.775362e-02
6.579332e+00 8.182630e-02
8.111308e+00 8.610682e-02
1.000000e+01 9.059726e-02
1.232847e+01 9.529422e-02
1.519911e+01 1.001863e-01
1.873817e+01 1.052507e-01
2.310130e+01 1.104498e-01
2.848036e+01 1.157261e-01
3.511192e+01 1.209974e-01
4.328761e+01 1.261521e-01
5.336699e+01 1.310444e-01
6.579332e+01 1.354924e-01
8.111308e+01 1.392783e-01
1.000000e+02 1.421539e-01
1.232847e+02 1.438522e-01
1.519911e+02 1.441062e-01
1.873817e+02 1.426745e-01
2.310130e+02 1.393718e-01
2.848036e+02 1.341010e-01
3.511192e+02 1.268805e-01
4.328761e+02 1.178615e-01
5.336699e+02 1.073292e-01
6.579332e+02 9.568491e-02
8.111308e+02 8.341006e-02
1.000000e+03 7.101666e-02
1.232847e+03 5.899417e-02
1.519911e+03 4.776214e-02
1.873817e+03 3.763749e-02
2.310130e+03 2.882032e-02
2.848036e+03 2.139718e-02
3.511192e+03 1.535731e-02
4.328761e+03 1.061529e-02
5.336699e+03 7.034364e-03
6.579332e+03 4.446640e-03
8.111308e+03 2.669017e-03
1.000000e+04 1.516575e-03
1.232847e+04 8.156674e-04
1.519911e+04 4.167550e-04
1.873817e+04 2.037450e-04
2.310130e+04 9.620215e-05
2.848036e+04 4.429341e-05
3.511192e+04 2.005224e-05
4.328761e+04 8.982660e-06
5.336699e+04 3.998975e-06
6.579332e+04 1.774114e-06
8.111308e+04 7.856034e-07
1.000000e+05 3.475400e-07
1.232847e+05 1.536720e-07
1.519911e+05 6.793295e-08
1.873817e+05 3.002729e-08
2.310130e+05 1.327174e-08
2.848036e+05 5.865819e-09
3.511192e+05 2.592532e-09
4.328761e+05 1.145822e-09
5.336699e+05 5.064183e-10
6.579332e+05 2.238211e-10
8.111308e+05 9.892189e-11
1.000000e+06 4.372036e-11
1.232847e+06 1.932302e-11
1.519911e+06 8.540163e-12
1.873817e+06 3.774482e-12
2.310130e+06 1.668202e-12
2.848036e+06 7.372924e-13
3.511192e+06 3.258599e-13
4.328761e+06 1.440198e-13
5.336699e+06 6.365219e-14
6.579332e+06 2.813226e-14
8.111308e+06 1.243357e-14
1.000000e+07 5.495244e-15
