1.000000e-02 7.419205e-03
1.232847e-02 7.834438e-03
1.519911e-02 8.272910e-03
1.873817e-02 8.735922e-03
2.310130e-02 9.224847e-03
2.848036e-02 9.741137e-03
3.511192e-02 1.028632e-02
4.328761e-02 1.086202e-02
5.336699e-02 1.146994e-02
6.579332e-02 1.211188e-02
8.111308e-02 1.278975e-02
1.000000e-01 1.350555e-02
1.232847e-01 1.426142e-02
1.519911e-01 1.505959e-02
1.873817e-01 1.590244e-02
2.310130e-01 1.679245e-02
2.848036e-01 1.773228e-02
3.511192e-01 1.872471e-02
4.328761e-01 1.977268e-02
5.336699e-01 2.087930e-02
6.579332e-01 2.204786e-02
8.111308e-01 2.328181e-02
1.000000e+00 2.458483e-02
1.232847e+00 2.596075e-02
1.519911e+00 2.741367e-02
1.873817e+00 2.894786e-02
2.310130e+00 3.056785e-02
2.848036e+00 3.227839e-02
3.511192e+00 3.408445e-02
4.328761e+00 3.599123e-02
5.336699e+00 3.800417e-02
6.579332e+00 4.012888e-02
8.111308e+00 4.237110e-02
1.000000e+01 4.473671e-02
1.232847e+01 4.723156e-02
1.519911e+01 4.986141e-02
1.873817e+01 5.263176e-02
2.310130e+01 5.554764e-02
2.848036e+01 5.861335e-02
3.511192e+01 6.183212e-02
4.328761e+01 6.520573e-02
5.336699e+01 6.873396e-02
6.579332e+01 7.241405e-02
8.111308e+01 7.623997e-02
1.000000e+02 8.020167e-02
1.232847e+02 8.428420e-02
1.519911e+02 8.846681e-02
1.873817e+02 9.272200e-02
2.310130e+02 9.701467e-02
2.848036e+02 1.013013e-01
3.511192e+02 1.055295e-01
4.328761e+02 1.096375e-01
5.336699e+02 1.135545e-01
6.579332e+02 1.172015e-01
8.111308e+02 1.204922e-01
1.000000e+03 1.233351e-01
1.232847e+03 1.256364e-01
1.519911e+03 1.273025e-01
1.873817e+03 1.282440e-01
2.310130e+03 1.283796e-01
2.848036e+03 1.276401e-01
3.511192e+03 1.259720e-01
4.328761e+03 1.233417e-01
5.336699e+03 1.197385e-01
6.579332e+03 1.151767e-01
8.111308e+03 1.096978e-01
1.000000e+04 1.033716e-01
1.232847e+04 9.629597e-02
1.519911e+04 8.859654e-02
1.873817e+04 8.042441e-02
2.310130e+04 7.195264e-02
2.848036e+04 6.337058e-02
3.511192e+04 5.487585e-02
4.328761e+04 4.666419e-02
5.336699e+04 3.891756e-02
6.579332e+04 3.179184e-02
8.111308e+04 2.540596e-02
1.000000e+05 1.983450e-02
1.232847e+05 1.510548e-02
1.519911e+05 1.120355e-02
1.873817e+05 8.077495e-03
2.310130e+05 5.649972e-03
2.848036e+05 3.827252e-03
3.511192e+05 2.507797e-03
4.328761e+05 1.589492e-03
5.336699e+05 9.760261e-04
6.579332e+05 5.824789e-04
8.111308e+05 3.393357e-04
1.000000e+06 1.939402e-04
1.232847e+06 1.092678e-04
1.519911e+06 6.094288e-05
1.873817e+06 3.375994e-05
2.310130e+06 1.862043e-05
2.848036e+06 1.024289e-05
3.511192e+06 5.625791e-06
4.328761e+06 3.087289e-06
5.336699e+06 1.693502e-06
6.579332e+06 9.287772e-07
8.111308e+06 5.093412e-07
1.000000e+07 2.793191e-07
