1.000000e-02 1.332424e-03
1.232847e-02 1.453289e-03
1.519911e-02 1.585118e-03
1.873817e-02 1.728905e-03
2.310130e-02 1.885735e-03
2.848036e-02 2.056792e-03
3.511192e-02 2.243365e-03
4.328761e-02 2.446862e-03
5.336699e-02 2.668819e-03
6.579332e-02 2.910909e-03
8.111308e-02 3.174960e-03
1.000000e-01 3.462963e-03
1.232847e-01 3.777091e-03
1.519911e-01 4.119713e-03
1.873817e-01 4.493416e-03
2.310130e-01 4.901017e-03
2.848036e-01 5.345592e-03
3.511192e-01 5.830495e-03
4.328761e-01 6.359385e-03
5.336699e-01 6.936256e-03
6.579332e-01 7.565464e-03
8.111308e-01 8.251771e-03
1.000000e+00 9.000380e-03
1.232847e+00 9.816988e-03
1.519911e+00 1.070784e-02
1.873817e+00 1.167979e-02
2.310130e+00 1.274039e-02
2.848036e+00 1.389795e-02
3.511192e+00 1.516165e-02
4.328761e+00 1.654166e-02
5.336699e+00 1.804916e-02
6.579332e+00 1.969652e-02
8.111308e+00 2.149729e-02
1.000000e+01 2.346624e-02
1.232847e+01 2.561926e-02
1.519911e+01 2.797318e-02
1.873817e+01 3.054528e-02
2.310130e+01 3.335270e-02
2.848036e+01 3.641129e-02
3.511192e+01 3.973404e-02
4.328761e+01 4.332893e-02
5.336699e+01 4.719597e-02
6.579332e+01 5.132355e-02
8.111308e+01 5.568397e-02
1.000000e+02 6.022857e-02
1.232847e+02 6.488292e-02
1.519911e+02 6.954292e-02
1.873817e+02 7.407321e-02
2.310130e+02 7.830947e-02
2.848036e+02 8.206626e-02
3.511192e+02 8.515142e-02
4.328761e+02 8.738714e-02
5.336699e+02 8.863550e-02
6.579332e+02 8.882456e-02
8.111308e+02 8.796948e-02
1.000000e+03 8.618307e-02
1.232847e+03 8.367274e-02
1.519911e+03 8.072436e-02
1.873817e+03 7.767817e-02
2.310130e+03 7.490517e-02
2.848036e+03 7.279332e-02
3.511192e+03 7.175203e-02
4.328761e+03 7.224235e-02
5.336699e+03 7.484057e-02
6.579332e+03 8.034645e-02
8.111308e+03 8.995282e-02
1.000000e+04 1.054919e-01
1.232847e+04 1.297295e-01
1.519911e+04 1.664740e-01
1.873817e+04 2.195742e-01
2.310130e+04 2.882109e-01
2.848036e+04 3.544689e-01
3.511192e+04 3.694058e-01
4.328761e+04 2.831706e-01
5.336699e+04 1.393903e-01
6.579332e+04 4.295218e-02
8.111308e+04 9.358813e-03
1.000000e+05 1.692939e-03
1.232847e+05 2.832418e-04
1.519911e+05 4.611711e-05
1.873817e+05 7.447425e-06
2.310130e+05 1.200036e-06
2.848036e+05 1.932629e-07
3.511192e+05 3.112074e-08
4.328761e+05 5.011183e-09
5.336699e+05 8.069159e-10
6.579332e+05 1.299319e-10
8.111308e+05 2.092201e-11
1.000000e+06 3.368921e-12
1.232847e+06 5.424732e-13
1.519911e+06 8.735058e-14
1.873817e+06 1.406544e-14
2.310130e+06 2.264857e-15
2.848036e+06 3.646937e-16
3.511192e+06 5.872401e-17
4.328761e+06 9.455907e-18
5.336699e+06 1.522617e-18
6.579332e+06 2.451761e-19
8.111308e+06 3.947895e-20
1.000000e+07 6.357013e-21
