1.000000e-02 1.181233e-02
1.232847e-02 1.244001e-02
1.519911e-02 1.310104e-02
1.873817e-02 1.379720e-02
2.310130e-02 1.453035e-02
2.848036e-02 1.530246e-02
3.511192e-02 1.611560e-02
4.328761e-02 1.697194e-02
5.336699e-02 1.787379e-02
6.579332e-02 1.882356e-02
8.111308e-02 1.982380e-02
1.000000e-01 2.087720e-02
1.232847e-01 2.198656e-02
1.519911e-01 2.315488e-02
1.873817e-01 2.438527e-02
2.310130e-01 2.568105e-02
2.848036e-01 2.704568e-02
3.511192e-01 2.848282e-02
4.328761e-01 2.999632e-02
5.336699e-01 3.159024e-02
6.579332e-01 3.326881e-02
8.111308e-01 3.503651e-02
1.000000e+00 3.689798e-02
1.232847e+00 3.885806e-02
1.519911e+00 4.092174e-02
1.873817e+00 4.309413e-02
2.310130e+00 4.538038e-02
2.848036e+00 4.778558e-02
3.511192e+00 5.031468e-02
4.328761e+00 5.297225e-02
5.336699e+00 5.576234e-02
6.579332e+00 5.868819e-02
8.111308e+00 6.175187e-02
1.000000e+01 6.495391e-02
1.232847e+01 6.829281e-02
1.519911e+01 7.176449e-02
1.873817e+01 7.536162e-02
2.310130e+01 7.907295e-02
2.848036e+01 8.288248e-02
3.511192e+01 8.676870e-02
4.328761e+01 9.070378e-02
5.336699e+01 9.465285e-02
6.579332e+01 9.857336e-02
8.111308e+01 1.024148e-01
1.000000e+02 1.061184e-01
1.232847e+02 1.096180e-01
1.519911e+02 1.128405e-01
1.873817e+02 1.157075e-01
2.310130e+02 1.181378e-01
2.848036e+02 1.200500e-01
3.511192e+02 1.213660e-01
4.328761e+02 1.220152e-01
5.336699e+02 1.219379e-01
6.579332e+02 1.210898e-01
8.111308e+02 1.194448e-01
1.000000e+03 1.169977e-01
1.232847e+03 1.137647e-01
1.519911e+03 1.097832e-01
1.873817e+03 1.051103e-01
2.310130e+03 9.981939e-02
2.848036e+03 9.399691e-02
3.511192e+03 8.773824e-02
4.328761e+03 8.114417e-02
5.336699e+03 7.431778e-02
6.579332e+03 6.736204e-02
8.111308e+03 6.037824e-02
1.000000e+04 5.346503e-02
1.232847e+04 4.671799e-02
1.519911e+04 4.022927e-02
1.873817e+04 3.408671e-02
2.310130e+04 2.837183e-02
2.848036e+04 2.315636e-02
3.511192e+04 1.849741e-02
4.328761e+04 1.443250e-02
5.336699e+04 1.097567e-02
6.579332e+04 8.116146e-03
8.111308e+04 5.819976e-03
1.000000e+05 4.034477e-03
1.232847e+05 2.694159e-03
1.519911e+05 1.726851e-03
1.873817e+05 1.059056e-03
2.310130e+05 6.203798e-04
2.848036e+05 3.473234e-04
3.511192e+05 1.864902e-04
4.328761e+05 9.661398e-05
5.336699e+05 4.865544e-05
6.579332e+05 2.399992e-05
8.111308e+05 1.167144e-05
1.000000e+06 5.624385e-06
1.232847e+06 2.695314e-06
1.519911e+06 1.287468e-06
1.873817e+06 6.138705e-07
2.310130e+06 2.924099e-07
2.848036e+06 1.392149e-07
3.511192e+06 6.626258e-08
4.328761e+06 3.153534e-08
5.336699e+06 1.500731e-08
6.579332e+06 7.141650e-09
8.111308e+06 3.398531e-09
1.000000e+07 1.617274e-09
